# Columns: Run, BGO, energies (1764.5, 4438.9, 6128.6, 11660.1), position in channel
86, 1, 1764.5, 1350
86, 1, 4438.9, 3600
86, 1, 11660.1, 8900
86, 2, 1764.5, 1350
86, 2, 4438.9, 3600
86, 2, 11660.1, 8900
86, 3, 1764.5, 1200
86, 3, 4438.9, 3250
86, 3, 11660.1, 8100
86, 4, 1764.5, 1270
86, 4, 4438.9, 3320
86, 4, 11660.1, 8350
86, 5, 1764.5, 1300
86, 5, 4438.9, 3500
86, 5, 11660.1, 8700
86, 6, 1764.5, 1350
86, 6, 4438.9, 3600
86, 6, 11660.1, 8900
137, 1, 1764.5, 1350
137, 1, 4438.9, 3600
137, 1, 6128.6, 5000
137, 1, 11660.1, 8800
137, 2, 1764.5, 1350
137, 2, 4438.9, 3500
137, 2, 6128.6, 4800
137, 2, 11660.1, 8750
137, 3, 1764.5, 1100
137, 3, 4438.9, 3250
137, 3, 6128.6, 4300
137, 3, 11660.1, 8150
137, 4, 1764.5, 1200
137, 4, 4438.9, 3330
137, 4, 6128.6, 4500
137, 4, 11660.1, 8300
137, 5, 1764.5, 1250
137, 5, 4438.9, 3350
137, 5, 6128.6, 4700
137, 5, 11660.1, 8700
137, 6, 1764.5, 1350
137, 6, 4438.9, 3700
137, 6, 6128.6, 5000
137, 6, 11660.1, 8800
172, 1, 1764.5, 1350
172, 1, 4438.9, 3600
172, 1, 6128.6, 5000
172, 1, 11660.1, 8800
172, 2, 1764.5, 1350
172, 2, 4438.9, 3400
172, 2, 6128.6, 4800
172, 2, 11660.1, 8750
172, 3, 1764.5, 1100
172, 3, 4438.9, 3100
172, 3, 6128.6, 4300
172, 3, 11660.1, 8000
172, 4, 1764.5, 1200
172, 4, 4438.9, 3100
172, 4, 6128.6, 4500
172, 4, 11660.1, 8200
172, 5, 1764.5, 1250
172, 5, 4438.9, 3300
172, 5, 6128.6, 4700
172, 5, 11660.1, 8700
172, 6, 1764.5, 1350
172, 6, 4438.9, 3600
172, 6, 6128.6, 5000
172, 6, 11660.1, 8800
200, 1, 1764.5, 1350
200, 1, 4438.9, 3400
200, 1, 6128.6, 4700
200, 1, 11660.1, 8500
200, 2, 1764.5, 1300
200, 2, 4438.9, 3400
200, 2, 6128.6, 4700
200, 2, 11660.1, 8600
200, 3, 1764.5, 1100
200, 3, 4438.9, 3100
200, 3, 6128.6, 4300
200, 3, 11660.1, 8000
200, 4, 1764.5, 1200
200, 4, 4438.9, 3250
200, 4, 6128.6, 4500
200, 4, 11660.1, 8200
200, 5, 1764.5, 1250
200, 5, 4438.9, 3300
200, 5, 6128.6, 4700
200, 5, 11660.1, 8650
200, 6, 1764.5, 1350
200, 6, 4438.9, 3600
200, 6, 6128.6, 5000
200, 6, 11660.1, 8800
342, 1, 1764.5, 1300
342, 1, 4438.9, 3350
342, 1, 11660.1, 8400
342, 2, 1764.5, 1250
342, 2, 4438.9, 3350
342, 2, 11660.1, 8350
342, 3, 1764.5, 1100
342, 3, 4438.9, 3100
342, 3, 11660.1, 7900
342, 4, 1764.5, 1200
342, 4, 4438.9, 3250
342, 4, 11660.1, 8100
342, 5, 1764.5, 1250
342, 5, 4438.9, 3350
342, 5, 11660.1, 8500
342, 6, 1764.5, 1300
342, 6, 4438.9, 3600
342, 6, 11660.1, 8600
404, 1, 1764.5, 1300
404, 1, 6128.6, 4700
404, 1, 11660.1, 8300
404, 2, 1764.5, 1250
404, 2, 6128.6, 4500
404, 2, 11660.1, 8300
404, 3, 1764.5, 1100
404, 3, 6128.6, 4300
404, 3, 11660.1, 7900
404, 4, 1764.5, 1200
404, 4, 6128.6, 4400
404, 4, 11660.1, 8100
404, 5, 1764.5, 1250
404, 5, 6128.6, 4400
404, 5, 11660.1, 8350
404, 6, 1764.5, 1300
404, 6, 6128.6, 4800
404, 6, 11660.1, 8600
417, 1, 1764.5, 1300
417, 1, 4438.9, 3300
417, 1, 6128.6, 4700
417, 1, 11660.1, 8300
417, 2, 1764.5, 1250
417, 2, 4438.9, 3300
417, 2, 6128.6, 4500
417, 2, 11660.1, 8400
417, 3, 1764.5, 1100
417, 3, 4438.9, 3100
417, 3, 6128.6, 4300
417, 3, 11660.1, 7900
417, 4, 1764.5, 1200
417, 4, 4438.9, 3150
417, 4, 6128.6, 4400
417, 4, 11660.1, 8000
417, 5, 1764.5, 1250
417, 5, 4438.9, 3200
417, 5, 6128.6, 4600
417, 5, 11660.1, 8400
417, 6, 1764.5, 1300
417, 6, 4438.9, 3500
417, 6, 6128.6, 5000
417, 6, 11660.1, 8600
446, 1, 1764.5, 1300
446, 1, 4438.9, 3300
446, 1, 6128.6, 4700
446, 1, 11660.1, 8300
446, 2, 1764.5, 1250
446, 2, 4438.9, 3300
446, 2, 6128.6, 4500
446, 2, 11660.1, 8400
446, 3, 1764.5, 1100
446, 3, 4438.9, 3100
446, 3, 6128.6, 4300
446, 3, 11660.1, 7900
446, 4, 1764.5, 1200
446, 4, 4438.9, 3150
446, 4, 6128.6, 4400
446, 4, 11660.1, 8000
446, 5, 1764.5, 1250
446, 5, 4438.9, 3200
446, 5, 6128.6, 4600
446, 5, 11660.1, 8400
446, 6, 1764.5, 1300
446, 6, 4438.9, 3500
446, 6, 6128.6, 5000
446, 6, 11660.1, 8600
460, 1, 1764.5, 1300
460, 1, 4438.9, 3300
460, 1, 6128.6, 4700
460, 1, 11660.1, 8300
460, 2, 1764.5, 1250
460, 2, 4438.9, 3300
460, 2, 6128.6, 4500
460, 2, 11660.1, 8400
460, 3, 1764.5, 1200
460, 3, 4438.9, 3000
460, 3, 6128.6, 4300
460, 3, 11660.1, 7900
460, 4, 1764.5, 1200
460, 4, 4438.9, 3150
460, 4, 6128.6, 4400
460, 4, 11660.1, 8000
460, 5, 1764.5, 1250
460, 5, 4438.9, 3200
460, 5, 6128.6, 4600
460, 5, 11660.1, 8450
460, 6, 1764.5, 1300
460, 6, 4438.9, 3550
460, 6, 6128.6, 5000
460, 6, 11660.1, 8700
501, 1, 1764.5, 1300
501, 1, 4438.9, 3350
501, 1, 6128.6, 4700
501, 1, 11660.1, 8450
501, 2, 1764.5, 1250
501, 2, 4438.9, 3300
501, 2, 6128.6, 4600
501, 2, 11660.1, 8500
501, 3, 1764.5, 1200
501, 3, 4438.9, 3100
501, 3, 6128.6, 4300
501, 3, 11660.1, 8200
501, 4, 1764.5, 1200
501, 4, 4438.9, 3150
501, 4, 6128.6, 4400
501, 4, 11660.1, 8000
501, 5, 1764.5, 1250
501, 5, 4438.9, 3300
501, 5, 6128.6, 4600
501, 5, 11660.1, 8400
501, 6, 1764.5, 1300
501, 6, 4438.9, 3650
501, 6, 6128.6, 5000
501, 6, 11660.1, 8750
560, 1, 1764.5, 1200
560, 1, 5617.6, 4500
560, 1, 6128.6, 5000
560, 1, 7115.2, 5800
560, 2, 1764.5, 1300
560, 2, 5617.6, 4650
560, 2, 6128.6, 5300
560, 2, 7115.2, 6000
560, 3, 1764.5, 1100
560, 3, 5617.6, 4080
560, 3, 6128.6, 4610
560, 3, 7115.2, 5300
560, 4, 1764.5, 1155
560, 4, 5617.6, 4300
560, 4, 6128.6, 4650
560, 4, 7115.2, 5400
560, 5, 1764.5, 1200
560, 5, 5617.6, 4500
560, 5, 6128.6, 4900
560, 5, 7115.2, 5800
560, 6, 1764.5, 1200
560, 6, 5617.6, 4800
560, 6, 6128.6, 5300
560, 6, 7115.2, 6000
579, 1, 1764.5, 1400
579, 1, 6128.6, 5100
579, 1, 11660.1, 9000
579, 2, 1764.5, 1400
579, 2, 6128.6, 5100
579, 2, 11660.1, 9200
579, 3, 1764.5, 1200
579, 3, 6128.6, 4700
579, 3, 11660.1, 8650
579, 4, 1764.5, 1300
579, 4, 6128.6, 4700
579, 4, 11660.1, 8700
579, 5, 1764.5, 1350
579, 5, 6128.6, 5000
579, 5, 11660.1, 9200
579, 6, 1764.5, 1450
579, 6, 6128.6, 5400
579, 6, 11660.1, 9300
581, 1, 1764.5, 1400
581, 1, 5617.6, 4650
581, 1, 6128.6, 5100
581, 1, 11660.1, 9100
581, 2, 1764.5, 1400
581, 2, 5617.6, 4650
581, 2, 6128.6, 5100
581, 2, 11660.1, 9200
581, 3, 1764.5, 1330
581, 3, 5617.6, 4300
581, 3, 6128.6, 4750
581, 3, 11660.1, 8700
581, 4, 1764.5, 1280
581, 4, 5617.6, 4300
581, 4, 6128.6, 4750
581, 4, 11660.1, 8700
581, 5, 1764.5, 1300
581, 5, 5617.6, 4550
581, 5, 6128.6, 5000
581, 5, 11660.1, 9200
581, 6, 1764.5, 1400
581, 6, 5617.6, 4900
581, 6, 6128.6, 5400
581, 6, 11660.1, 9300
1249, 1, 511, 680
1249, 1, 1633.6, 2100
1249, 1, 5617.6, 8000
1249, 1, 6128.6, 8700
1249, 1, 6639.6, 9600
1249, 1, 8870, 12500
1249, 2, 511, 720
1249, 2, 1633.6, 2300
1249, 2, 5617.6, 8800
1249, 2, 6128.6, 9400
1249, 2, 6639.6, 10500
1249, 2, 8870, 13700
1249, 3, 511, 700
1249, 3, 1633.6, 2000
1249, 3, 5617.6, 7900
1249, 3, 6128.6, 8500
1249, 3, 6639.6, 9600
1249, 3, 8870, 12600
1249, 4, 511, 740
1249, 4, 1633.6, 2300
1249, 4, 5617.6, 8800
1249, 4, 6128.6, 9600
1249, 4, 6639.6, 10500
1249, 4, 8870, 13700
1249, 5, 511, 700
1249, 5, 1633.6, 2000
1249, 5, 5617.6, 8000
1249, 5, 6128.6, 8700
1249, 5, 6639.6, 9800
1249, 5, 8870, 13200
1249, 6, 511, 680
1249, 6, 1633.6, 2200
1249, 6, 5617.6, 8400
1249, 6, 6128.6, 9000
1249, 6, 6639.6, 9900
1249, 6, 8870, 12700
1563, 1, 511, 1000
1563, 1, 6128.6, 11100
1563, 1, 5617.6, 10500
1563, 1, 9637, 14700
1563, 2, 511, 800
1563, 2, 6128.6, 9600
1563, 2, 5617.6, 9000
1563, 2, 9637, 14000
1563, 3, 511, 900
1563, 3, 6128.6, 10300
1563, 3, 5617.6, 9650
1563, 3, 9637, 14100
1563, 4, 511, 800
1563, 4, 6128.6, 9700
1563, 4, 5617.6, 9000
1563, 4, 9637, 13900
1563, 5, 511, 800
1563, 5, 6128.6, 9700
1563, 5, 5617.6, 9000
1563, 5, 9637, 14000
1563, 6, 511, 900
1563, 6, 6128.6, 10100
1563, 6, 5617.6, 9500
1563, 6, 9637, 13800
1447, 1, 511, 1000
1447, 1, 763, 1500
1447, 1, 1380, 2800
1447, 1, 2373, 4800
1447, 1, 5182, 10000
1447, 1, 6174, 11200
1447, 1, 6791, 11800
1447, 1, 7554, 12350
1447, 2, 511, 825
1447, 2, 763, 1250
1447, 2, 1380, 2300
1447, 2, 2373, 4000
1447, 2, 5182, 8500
1447, 2, 6174, 9800
1447, 2, 6791, 10700
1447, 2, 7554, 11400
1447, 3, 511, 825
1447, 3, 763, 1350
1447, 3, 1380, 2400
1447, 3, 2373, 4100
1447, 3, 5182, 9000
1447, 3, 6174, 10400
1447, 3, 6791, 11100
1447, 3, 7554, 11850
1447, 4, 511, 825
1447, 4, 763, 1250
1447, 4, 1380, 2300
1447, 4, 2373, 3900
1447, 4, 5182, 8400
1447, 4, 6174, 9800
1447, 4, 6791, 10600
1447, 4, 7554, 11300
1447, 5, 511, 775
1447, 5, 763, 1250
1447, 5, 1380, 2300
1447, 5, 2373, 3900
1447, 5, 5182, 8400
1447, 5, 6174, 9900
1447, 5, 6791, 10800
1447, 5, 7554, 11500
1447, 6, 511, 900
1447, 6, 763, 1400
1447, 6, 1380, 2500
1447, 6, 2373, 4200
1447, 6, 5182, 9000
1447, 6, 6174, 10200
1447, 6, 6791, 10800
1447, 6, 7554, 11500
2460, 1,511,1064.78
2460, 1,5617,10350.92
2460, 1,6128,10919.72
2460, 1,11660,14606.03
2460, 2,511,826.95
2460, 2,5617,9196.34
2460, 2,6128,9815.37
2460, 2,11660,14148.16
2460, 3,511,847.21
2460, 3,5617,9675.11
2460, 3,6128,10347.40
2460, 3,11660,14217.74
2460, 4,511,814.15
2460, 4,5617,9097.35
2460, 4,6128,9770.47
2460, 4,11660,13962.45
2460, 5,511,1039.75
2460, 5,5617,9102.91
2460, 5,6128,9743.10
2460, 5,11660,14118.63
2460, 6,511,914.60
2460, 6,5617,9700.14
2460, 6,6128,10275.83
2460, 6,11660,14011.06