### Start time: 2026-02-21 10:52:44.751287 ###
# Time(s)	Ch0(uA)	Ch1(uA)	Ch2(uA)	Ch3(uA)
6.39610291e-02	-1.141e-02	-2.436e-02	-2.030e-04	-7.420e-03	
5.71615934e-01	-1.070e-02	-2.477e-02	-1.309e-03	-6.061e-03	
1.07980394e+00	-1.067e-02	-2.376e-02	-5.285e-05	-5.903e-03	
1.58457088e+00	-1.002e-02	-2.337e-02	-7.271e-04	-5.494e-03	
2.08965611e+00	-1.028e-02	-2.436e-02	1.616e-04	-5.997e-03	
2.59476900e+00	-1.010e-02	-2.331e-02	-4.243e-04	-5.174e-03	
3.10105610e+00	-1.105e-02	-2.267e-02	5.855e-04	-6.593e-03	
3.60651112e+00	-1.102e-02	-2.283e-02	3.250e-04	-6.276e-03	
4.11051488e+00	-1.070e-02	-2.275e-02	9.682e-05	-6.695e-03	
4.61510205e+00	-1.115e-02	-2.406e-02	-4.819e-04	-6.267e-03	
5.12050200e+00	-1.054e-02	-2.314e-02	-9.066e-04	-6.998e-03	
5.62563491e+00	-1.000e-02	2.359e+00	-7.041e-04	-6.610e-03	
6.13016701e+00	-1.016e-02	2.576e+01	-7.791e-04	-6.685e-03	
6.63526893e+00	-9.554e-03	2.560e+01	-1.053e-03	-6.381e-03	
7.14016199e+00	-1.024e-02	2.562e+01	-1.051e-03	-6.300e-03	
7.64490199e+00	-1.193e-02	2.578e+01	-1.887e-04	-7.373e-03	
8.14988208e+00	-1.179e-02	2.558e+01	-6.637e-04	-7.220e-03	
8.65465593e+00	-1.167e-02	2.582e+01	-8.103e-04	-5.891e-03	
9.16084695e+00	-1.221e-02	2.577e+01	1.976e-04	-5.599e-03	
9.66647911e+00	-1.041e-02	2.582e+01	5.911e-04	-5.606e-03	
1.01711161e+01	-1.138e-02	2.580e+01	-5.113e-04	-6.051e-03	
1.06758089e+01	-1.175e-02	2.587e+01	-2.199e-04	-5.947e-03	
1.11801569e+01	-1.142e-02	2.591e+01	-1.200e-03	-6.328e-03	
1.16842210e+01	-1.073e-02	2.579e+01	4.681e-04	-6.622e-03	
1.21890781e+01	-1.107e-02	2.580e+01	-1.735e-05	-6.237e-03	
1.26940789e+01	-1.125e-02	2.556e+01	1.044e-04	-5.748e-03	
1.32010720e+01	-1.104e-02	2.562e+01	-3.687e-04	-6.219e-03	
1.37063930e+01	-1.093e-02	2.565e+01	6.042e-04	-5.013e-03	
1.42129021e+01	-1.104e-02	2.559e+01	9.694e-04	-5.242e-03	
1.47184219e+01	-1.145e-02	2.565e+01	7.164e-04	-4.647e-03	
1.52228200e+01	-1.193e-02	2.566e+01	4.895e-04	-4.680e-03	
1.57284200e+01	-1.097e-02	2.566e+01	1.484e-04	-4.630e-03	
1.62340250e+01	-1.233e-02	2.558e+01	4.704e-04	-4.571e-03	
1.67402310e+01	-1.221e-02	2.571e+01	-1.445e-05	-4.966e-03	
1.72482240e+01	-1.140e-02	2.570e+01	-1.073e-03	-3.971e-03	
1.77535319e+01	-1.193e-02	2.567e+01	-6.150e-04	-4.357e-03	
1.82585461e+01	-1.237e-02	2.584e+01	-3.541e-04	-4.922e-03	
1.87638290e+01	-1.007e-02	2.585e+01	-1.238e-03	-4.388e-03	
1.92729199e+01	-1.114e-02	2.590e+01	-1.224e-03	-5.861e-03	
1.97775760e+01	-9.974e-03	2.587e+01	-9.518e-04	-5.248e-03	
2.02821009e+01	-1.028e-02	2.587e+01	-6.294e-06	-5.431e-03	
2.07878110e+01	-1.101e-02	2.558e+01	-9.292e-05	-5.931e-03	
2.12937391e+01	-9.778e-03	2.559e+01	8.951e-04	-5.919e-03	
2.17978041e+01	-1.120e-02	2.563e+01	1.440e-04	-6.517e-03	
2.23024089e+01	-1.039e-02	2.557e+01	-4.920e-04	-5.752e-03	
2.28073199e+01	-1.054e-02	2.561e+01	-1.419e-03	-4.165e-03	
2.33119071e+01	-1.084e-02	2.561e+01	4.725e-05	-4.822e-03	
2.38167760e+01	-1.075e-02	2.590e+01	3.372e-04	-5.189e-03	
2.43211851e+01	-1.233e-02	2.587e+01	-3.005e-04	-4.263e-03	
2.48261261e+01	-1.154e-02	2.594e+01	-1.609e-04	-4.312e-03	
2.53311570e+01	-1.187e-02	2.577e+01	-4.821e-04	-4.206e-03	
2.58372591e+01	-1.026e-02	2.572e+01	-3.549e-04	-2.755e-03	
2.63422799e+01	-1.041e-02	2.587e+01	-1.108e-03	-3.563e-03	
2.68471520e+01	-1.043e-02	2.594e+01	-6.647e-05	-4.278e-03	
2.73518829e+01	-1.135e-02	2.596e+01	2.350e-06	-4.233e-03	
2.78571820e+01	-1.185e-02	2.610e+01	7.987e-04	-4.039e-03	
2.83625240e+01	-1.126e-02	2.611e+01	-1.282e-04	-4.089e-03	
2.88675981e+01	-1.015e-02	2.615e+01	1.211e-04	-4.677e-03	
2.93721471e+01	-1.135e-02	2.614e+01	6.390e-05	-3.965e-03	
2.98772020e+01	-1.091e-02	2.609e+01	5.597e-05	-4.733e-03	
3.03816080e+01	-9.755e-03	2.612e+01	-3.749e-04	-3.793e-03	
3.08880551e+01	-1.105e-02	2.611e+01	1.201e-04	-3.846e-03	
3.13934131e+01	-1.158e-02	2.609e+01	-7.908e-04	-3.302e-03	
3.18983641e+01	-1.144e-02	2.614e+01	-6.238e-04	-4.093e-03	
3.24033520e+01	-1.176e-02	2.617e+01	-1.089e-03	-3.371e-03	
3.29082580e+01	-1.068e-02	2.620e+01	-2.058e-03	-3.257e-03	
3.34121420e+01	-1.145e-02	2.611e+01	-1.441e-03	-3.528e-03	
3.39171419e+01	-1.141e-02	2.612e+01	-1.290e-05	-3.295e-03	
3.44220991e+01	-1.242e-02	2.608e+01	9.824e-04	-3.613e-03	
3.49265890e+01	-1.031e-02	2.612e+01	-2.370e-04	-3.592e-03	
3.54322870e+01	-1.132e-02	2.607e+01	-1.447e-03	-4.401e-03	
3.59377489e+01	-1.074e-02	2.612e+01	2.508e-04	-3.828e-03	
3.64426060e+01	-9.768e-03	2.598e+01	-1.250e-03	-4.652e-03	
3.69477029e+01	-1.119e-02	2.612e+01	-7.069e-04	-5.420e-03	
3.74540260e+01	-9.870e-03	2.610e+01	-1.979e-03	-5.170e-03	
3.79585810e+01	-1.109e-02	2.608e+01	-7.155e-04	-4.463e-03	
3.84633460e+01	-1.112e-02	2.615e+01	-4.668e-04	-3.572e-03	
3.89688251e+01	-1.055e-02	2.613e+01	-3.408e-04	-3.885e-03	
3.94742889e+01	-1.029e-02	2.611e+01	-9.806e-05	-4.895e-03	
3.99797981e+01	-1.020e-02	2.606e+01	-1.464e-04	-4.661e-03	
4.04849350e+01	-1.027e-02	2.613e+01	-8.867e-04	-5.963e-03	
4.09901700e+01	-1.083e-02	2.610e+01	-6.997e-04	-4.495e-03	
4.14952080e+01	-1.022e-02	2.612e+01	-2.082e-03	-3.703e-03	
4.19997470e+01	-1.043e-02	2.616e+01	-2.025e-03	-4.940e-03	
4.25057361e+01	-9.414e-03	2.611e+01	-2.666e-03	-4.510e-03	
4.30109961e+01	-1.175e-02	2.611e+01	-1.541e-03	-4.441e-03	
4.35164030e+01	-1.059e-02	2.611e+01	-1.590e-03	-4.776e-03	
4.40211310e+01	-1.073e-02	2.614e+01	-1.532e-03	-4.737e-03	
4.45261321e+01	-1.160e-02	2.606e+01	-4.570e-04	-3.885e-03	
4.50310040e+01	-1.187e-02	2.608e+01	-1.145e-03	-4.681e-03	
4.55356550e+01	-1.108e-02	2.608e+01	-6.013e-04	-5.801e-03	
4.60405121e+01	-1.007e-02	2.606e+01	-2.551e-04	-5.598e-03	
4.65451491e+01	-1.106e-02	2.602e+01	-1.047e-03	-4.529e-03	
4.70492949e+01	-1.087e-02	2.604e+01	-9.068e-04	-5.009e-03	
4.75541699e+01	-1.107e-02	2.608e+01	-6.201e-04	-5.583e-03	
4.80593791e+01	-1.050e-02	2.602e+01	-1.675e-03	-4.754e-03	
4.85646420e+01	-1.040e-02	2.604e+01	-1.981e-03	-5.435e-03	
4.90720351e+01	-1.142e-02	2.597e+01	-1.772e-03	-5.406e-03	
4.95762160e+01	-1.068e-02	2.601e+01	-1.956e-03	-4.595e-03	
5.00810020e+01	-9.772e-03	2.592e+01	-1.471e-03	-6.256e-03	
5.05861361e+01	-1.116e-02	2.608e+01	-1.333e-03	-5.875e-03	
5.10909469e+01	-1.124e-02	2.606e+01	-2.504e-03	-4.975e-03	
5.15951099e+01	-1.064e-02	2.605e+01	-9.512e-04	-5.403e-03	
5.21001780e+01	-1.086e-02	2.600e+01	-1.264e-03	-5.144e-03	
5.26051970e+01	-1.102e-02	2.593e+01	-1.151e-03	-5.457e-03	
5.31097670e+01	-1.190e-02	2.607e+01	-6.460e-04	-5.243e-03	
5.36148000e+01	-1.145e-02	2.598e+01	-1.828e-03	-5.543e-03	
5.41199279e+01	-1.087e-02	2.601e+01	-1.240e-03	-4.585e-03	
5.46247330e+01	-1.179e-02	2.594e+01	-2.489e-03	-4.414e-03	
5.51296351e+01	-1.109e-02	2.593e+01	-1.824e-03	-4.619e-03	
5.56347799e+01	-1.072e-02	2.593e+01	-2.844e-03	-5.072e-03	
5.61431260e+01	-1.214e-02	2.598e+01	-1.246e-03	-6.397e-03	
5.66545360e+01	-1.139e-02	2.593e+01	-4.510e-04	-5.944e-03	
5.71590109e+01	-1.157e-02	2.604e+01	-7.805e-04	-5.608e-03	
5.76652920e+01	-1.094e-02	2.603e+01	-9.401e-04	-6.181e-03	
5.81701150e+01	-1.062e-02	2.596e+01	-1.128e-03	-5.970e-03	
5.86744430e+01	-1.083e-02	2.600e+01	3.588e-05	-6.150e-03	
5.91792619e+01	-1.128e-02	2.592e+01	-1.004e-03	-6.303e-03	
5.96843619e+01	-1.156e-02	2.594e+01	-3.173e-04	-6.049e-03	
6.01891570e+01	-1.167e-02	2.595e+01	5.551e-04	-5.609e-03	
6.06936131e+01	-1.100e-02	2.605e+01	-1.428e-05	-6.260e-03	
6.11984389e+01	-1.144e-02	2.602e+01	3.870e-04	-4.608e-03	
6.17033069e+01	-1.052e-02	2.593e+01	-1.672e-04	-4.916e-03	
6.22083991e+01	-1.152e-02	2.592e+01	-4.131e-04	-5.552e-03	
6.27132111e+01	-1.170e-02	2.605e+01	1.085e-03	-5.853e-03	
6.32181721e+01	-1.141e-02	2.598e+01	1.495e-03	-6.054e-03	
6.37236121e+01	-1.248e-02	2.603e+01	2.008e-04	-5.966e-03	
6.42287071e+01	-1.263e-02	2.583e+01	-2.220e-04	-6.365e-03	
6.47336349e+01	-1.297e-02	2.601e+01	-1.767e-04	-5.886e-03	
6.52383990e+01	-1.191e-02	2.602e+01	-2.585e-03	-5.929e-03	
6.57432029e+01	-1.127e-02	2.602e+01	-1.123e-04	-6.236e-03	
6.62500031e+01	-1.192e-02	2.606e+01	-1.209e-03	-6.520e-03	
6.67557070e+01	-1.116e-02	2.601e+01	-1.004e-03	-5.263e-03	
6.72610600e+01	-1.196e-02	2.602e+01	-1.110e-03	-4.910e-03	
6.77666180e+01	-1.130e-02	2.594e+01	-9.423e-04	-5.362e-03	
6.82719741e+01	-1.241e-02	2.592e+01	-1.497e-03	-6.732e-03	
6.87770050e+01	-1.291e-02	2.598e+01	-7.918e-06	-5.724e-03	
6.92821970e+01	-1.201e-02	2.602e+01	-4.749e-04	-5.280e-03	
6.97865689e+01	-1.149e-02	2.605e+01	-1.906e-03	-6.258e-03	
7.02928269e+01	-1.162e-02	2.603e+01	-1.124e-03	-5.348e-03	
7.07978179e+01	-1.133e-02	2.604e+01	-6.208e-04	-4.861e-03	
7.13033381e+01	-1.093e-02	2.606e+01	-2.115e-04	-4.418e-03	
7.18083551e+01	-1.099e-02	2.607e+01	-9.971e-04	-6.334e-03	
7.23132060e+01	-1.178e-02	2.598e+01	-1.501e-03	-6.740e-03	
7.28183620e+01	-1.109e-02	2.590e+01	-9.935e-04	-5.956e-03	
7.33234401e+01	-1.141e-02	2.590e+01	-6.316e-04	-6.887e-03	
7.38277869e+01	-1.123e-02	2.590e+01	-5.173e-04	-6.250e-03	
7.43328080e+01	-1.133e-02	2.583e+01	-9.235e-04	-5.361e-03	
7.48431709e+01	-1.160e-02	2.583e+01	-1.588e-03	-4.169e-03	
7.53491960e+01	-1.073e-02	2.585e+01	1.052e-03	-5.031e-03	
7.58542590e+01	-1.005e-02	2.582e+01	2.531e-04	-6.280e-03	
7.63590460e+01	-1.088e-02	2.587e+01	-5.914e-05	-6.352e-03	
7.68652949e+01	-1.124e-02	2.585e+01	-5.492e-04	-6.411e-03	
7.73703680e+01	-1.110e-02	2.579e+01	-3.175e-05	-6.744e-03	
7.78754721e+01	-1.171e-02	2.595e+01	-5.999e-04	-4.961e-03	
7.83802471e+01	-1.096e-02	2.590e+01	8.194e-05	-5.329e-03	
7.88844161e+01	-1.107e-02	2.583e+01	3.032e-04	-7.128e-03	
7.93891280e+01	-1.137e-02	2.580e+01	-4.079e-04	-5.320e-03	
7.98945529e+01	-1.189e-02	2.582e+01	-1.468e-03	-5.610e-03	
8.03994911e+01	-1.188e-02	2.586e+01	-1.703e-03	-5.566e-03	
8.09042370e+01	-1.196e-02	2.588e+01	-2.008e-03	-5.798e-03	
8.14094939e+01	-1.210e-02	2.590e+01	-2.259e-04	-6.653e-03	
8.19153180e+01	-1.200e-02	2.594e+01	-3.540e-04	-6.298e-03	
8.24203150e+01	-1.242e-02	2.598e+01	-9.308e-04	-5.648e-03	
8.29254041e+01	-1.139e-02	2.589e+01	-1.579e-04	-4.940e-03	
8.34309020e+01	-1.185e-02	2.581e+01	-9.724e-04	-4.291e-03	
8.39354091e+01	-1.099e-02	2.580e+01	-9.683e-04	-4.727e-03	
8.44399650e+01	-1.202e-02	2.582e+01	-4.239e-05	-4.930e-03	
8.49518099e+01	-1.114e-02	2.561e+01	-7.678e-04	-5.362e-03	
8.54619780e+01	-1.284e-02	2.583e+01	-6.851e-04	-6.434e-03	
8.59668109e+01	-1.353e-02	2.581e+01	-2.958e-04	-5.790e-03	
8.64717100e+01	-1.259e-02	2.585e+01	-2.869e-04	-4.984e-03	
8.69853179e+01	-1.311e-02	2.583e+01	-6.152e-04	-5.530e-03	
8.75002501e+01	-1.335e-02	2.580e+01	-9.833e-04	-6.058e-03	
8.80049260e+01	-1.157e-02	2.580e+01	-6.811e-05	-5.568e-03	
8.85099380e+01	-1.202e-02	2.581e+01	4.150e-05	-5.707e-03	
8.90153091e+01	-1.183e-02	2.581e+01	1.410e-04	-5.471e-03	
8.95205050e+01	-1.214e-02	2.575e+01	7.959e-05	-6.667e-03	
9.00256269e+01	-1.213e-02	2.578e+01	-7.252e-04	-6.139e-03	
9.05306110e+01	-1.339e-02	2.583e+01	-9.217e-04	-5.201e-03	
9.10352621e+01	-1.262e-02	2.584e+01	-8.400e-04	-3.702e-03	
9.15402451e+01	-1.294e-02	2.580e+01	-1.088e-03	-4.639e-03	
9.20456450e+01	-1.358e-02	2.586e+01	-3.989e-04	-5.193e-03	
9.25497899e+01	-1.275e-02	2.580e+01	-6.011e-05	-5.016e-03	
9.30546279e+01	-1.353e-02	2.579e+01	-1.052e-03	-4.821e-03	
9.35601299e+01	-1.285e-02	2.588e+01	-8.418e-04	-5.015e-03	
9.40659771e+01	-1.256e-02	2.583e+01	-1.227e-03	-5.708e-03	
9.45705659e+01	-1.297e-02	2.584e+01	-1.249e-03	-5.346e-03	
9.50750470e+01	-1.306e-02	2.592e+01	-4.124e-05	-5.853e-03	
9.55804639e+01	-1.203e-02	2.581e+01	-7.327e-04	-4.901e-03	
9.60894761e+01	-1.228e-02	2.576e+01	-6.198e-04	-5.575e-03	
9.65937469e+01	-1.220e-02	-2.406e-02	-1.655e-03	-5.296e-03	
9.70984571e+01	-1.132e-02	-2.407e-02	-1.041e-03	-6.039e-03	
9.76036069e+01	-1.229e-02	-2.276e-02	-1.165e-03	-6.917e-03	
9.81083579e+01	-1.275e-02	-2.352e-02	-1.239e-03	-7.149e-03	
9.86140571e+01	-1.311e-02	-2.288e-02	-1.560e-03	-5.614e-03	
9.91194260e+01	-1.297e-02	-2.306e-02	-1.392e-03	-6.768e-03	
9.96256011e+01	-1.224e-02	-2.456e-02	-1.372e-03	-6.140e-03	
1.00131170e+02	-1.090e-02	-2.378e-02	-1.048e-03	-4.663e-03	
1.00643230e+02	-1.212e-02	-2.497e-02	-6.340e-04	-4.225e-03	
1.01151380e+02	-1.258e-02	-2.450e-02	-8.845e-04	-4.563e-03	
1.01658377e+02	-1.221e-02	-2.381e-02	-1.445e-03	-5.739e-03	
1.02165189e+02	-1.287e-02	-2.475e-02	-2.106e-03	-5.493e-03	
1.02673910e+02	-1.200e-02	-2.364e-02	-6.920e-04	-4.864e-03	
1.03181461e+02	-1.299e-02	-2.252e-02	1.580e-04	-6.250e-03	
1.03689588e+02	-1.323e-02	-2.354e-02	1.100e-03	-5.606e-03	
1.04198138e+02	-1.251e-02	-2.284e-02	7.366e-04	-5.801e-03	
1.04744033e+02	-1.277e-02	-2.415e-02	-4.456e-04	-5.340e-03	
1.05253033e+02	-1.218e-02	-2.539e-02	-7.997e-04	-6.001e-03	
1.05761446e+02	-1.147e-02	-2.382e-02	-1.067e-03	-6.456e-03	
1.06279971e+02	-1.280e-02	-2.329e-02	-6.500e-04	-6.186e-03	
