============================== SRIM-2013.00 ==============================
==============================================================================
====== SRIM Outputs\RANGE_3D.txt : File of Final Ion Positions =====

Ion =  F (09)   Ion Mass= 018.9984
Energy  = 3000000.E-05 keV
Ion Angle to Surface = 00.0 degrees
==================== TARGET =======================
  Layer # 1 - None
  Layer # 1 - Bottom Depth=500000.E-01 A
  Layer # 1 - Density =0007.8700 g/cm3
  Layer # 1 -  100 % of Fe
ÍÍÍÍÍÍÍÍÍÍÍÍÍÍÍÍÍÍÍÍÍÍÍÍÍÍÍÍÍÍÍÍÍÍÍÍÍÍÍÍÍÍÍÍÍÍÍÍÍÍÍÍ
                                            
Ion       Depth  X   Lateral Y   Lateral Z  
Number    (Angstrom) (Angstrom)  (Angstrom) 
-------  ----------- ----------- -----------
0000001   3.4430E+02 -1.0460E+01  1.5403E+02
0000002   2.1093E+02 -5.1299E+01 -1.2220E+02
0000003   2.7435E+02  1.0123E+02 -8.0184E+01
0000004   5.8342E+02  8.0190E+01 -3.4303E+02
0000005   4.0847E+02  6.6941E+01 -2.6755E+02
0000006   5.1216E+02 -1.0760E+01  6.5873E+01
0000007   1.0657E+02 -1.2845E+01 -5.5757E+01
0000008   2.7654E+02  1.8991E+01 -1.0923E+02
0000009   1.8030E+02 -2.2354E+01 -7.3054E+01
0000010   4.5045E+02 -2.1197E+02 -2.5513E+02
0000011   1.9793E+01  1.3437E+02  1.9415E+02
0000012   3.5508E+02  1.4110E+02  2.1591E+02
0000013   3.0114E+02  6.9988E+00 -6.8472E+01
0000014   3.0161E+02 -8.3401E+01 -1.3371E+02
0000015   1.2289E+02 -8.4392E+01  5.2933E+01
0000016   5.5025E+02  2.5610E+02 -7.0590E+01
0000017   6.2479E+02  2.1937E+02 -2.1783E+02
0000019   2.9297E+02  1.6286E+02 -8.1352E+01
0000020   9.0429E+01  2.8491E+02 -3.6342E+02
0000022   2.8111E+02 -1.0251E+02  7.9847E+00
0000023   5.7624E+02  3.3995E+01  3.2034E+02
0000024   1.3643E+02 -6.9698E+01 -3.6031E+01
0000025   3.6720E+02 -3.9636E+02  9.2543E+01
0000026   6.2176E+02 -1.2687E+02  2.1006E+02
0000027   3.1370E+02  2.4819E+01  9.5675E+01
0000028   1.2324E+02 -7.2088E+00 -1.4647E+02
0000030   4.2344E+02  1.0815E+02 -3.3956E+02
0000031   3.5419E+02 -1.2629E+02 -2.3057E+02
0000032   2.7727E+02  7.2151E+01 -4.0234E+01
0000033   3.3974E+02  1.4455E+02  1.2162E+02
0000034   4.5984E+02  1.2619E-01  3.9498E+00
0000035   4.2991E+02 -3.3008E+01 -7.2665E+01
0000036   2.7779E+02 -4.7089E+01  1.8525E+01
0000037   4.0776E+02  1.4420E+02  3.3141E+02
0000038   6.5422E+01  1.5051E+01 -1.3007E+01
0000039   1.6559E+02  1.0550E+02  4.8924E+00
0000040   3.6460E+02  8.3766E+01 -8.5121E+00
0000041   1.7321E+02  3.0717E+01 -2.9342E+02
0000042   1.3990E+02 -3.7050E+01 -1.6969E+02
0000043   4.4344E+02 -1.4008E+02 -1.0259E+02
0000044   3.3787E+02 -7.0652E+01  3.4631E+02
0000045   1.7793E+02  1.0020E+01 -2.5806E+01
0000046   4.9694E+02 -2.6095E+02  1.7022E+01
0000047   2.0826E+02  1.3784E+01  2.2951E+01
0000048   3.3054E+02  2.1656E+02  1.5842E+02
0000049   6.0045E+02 -1.2730E+02  1.4637E+02
0000050   4.4147E+02 -1.3306E+01  7.6474E+01
0000051   4.6156E+02  2.1499E+02 -5.5139E+01
0000052   2.7299E+02 -2.1483E+02  3.1604E+02
0000053   1.8335E+02  8.2921E+01  1.5451E+01
0000054   2.4427E+02  1.8360E+02 -1.4333E+02
0000055   5.2555E+02  3.0816E+02  7.8243E+00
0000056   7.0279E+02  2.5266E+02 -2.0491E+02
0000057   1.6650E+02  9.7295E+01  7.8758E+01
0000058   2.0237E+02 -3.0743E+01 -1.7103E+02
0000059   9.5288E+01 -1.5337E+02  1.2529E+02
0000060   9.7873E+01  4.2863E+02 -1.7044E+02
0000061   3.4838E+02 -1.3081E+02  2.3597E+02
0000062   3.3794E+02  1.8185E+01 -2.9989E+02
0000063   3.9786E+02 -1.0717E+02  2.4864E+02
0000064   5.9589E+01 -1.2729E+02 -1.3257E+01
0000065   6.1672E+02 -1.5998E+01  1.7134E+02
0000066   3.5484E+02 -1.8000E+02 -1.1129E+02
0000067   4.4628E+02 -4.3643E+01 -1.2861E+02
0000068   2.2231E+02 -1.2691E+02 -5.0912E+01
0000069   2.2543E+02  8.5082E+01  4.3739E+01
0000070   5.8212E+02  2.4536E+02 -2.3362E+01
0000071   1.0910E+02  1.3463E+00  1.7902E+02
0000072   3.5936E+02 -4.8262E+01  3.6447E+01
0000073   2.3623E+02  2.2962E+01  2.3056E+02
0000074   4.7659E+01 -2.1825E+02  9.1034E+01
0000075   1.0291E+02 -1.4902E+02  5.0364E+01
0000077   3.4497E+02 -3.8639E+02 -1.5880E+01
0000078   3.7547E+02  1.9436E+02 -2.2064E+02
0000079   1.9456E+02 -1.1177E+02 -5.7355E+01
0000080   1.2034E+02  7.3336E+01  1.0096E+02
0000081   2.2426E+02 -2.7673E+02 -7.8384E+01
0000082   2.4566E+02 -3.8344E+01  1.2644E+02
0000083   8.6379E+01  3.6773E+00  8.0464E+01
0000084   3.7647E+02  2.8046E+01 -3.0628E+01
0000085   4.5137E+02  1.7266E+02  1.0275E+02
0000086   2.8162E+02  8.6425E+01 -3.0100E+02
0000087   3.3141E+02  2.2167E+01  2.1207E+02
0000088   1.8721E+02  1.2769E+02 -1.8854E+01
0000089   2.2632E+02 -2.6567E-01  7.2233E+00
0000090   8.1239E+01 -1.2661E+02  2.2229E+02
0000091   1.0328E+02  3.6428E+02  7.9558E+01
0000092   1.0938E+02  4.8821E+01  4.9758E+01
0000093   3.0340E+02  6.1544E+01 -6.4643E+01
0000094   4.4897E+02  1.1072E+02  2.6380E+02
0000095   3.5506E+02 -1.1670E+01  1.4053E+01
0000096   3.9856E+02  3.1754E+02  4.5620E+01
0000097   1.4389E+02 -3.4539E+02 -6.4048E+01
0000098   1.2264E+02 -7.4039E+01 -1.3955E+02
0000099   4.8044E+02 -1.9087E+02 -1.7947E+02
0000100   6.2557E+02 -7.9176E+01 -3.3191E+01
0000101   3.8646E+02 -2.6660E+02 -9.7027E+00
0000102   4.2013E+02  4.0611E+01  9.3111E+01
0000103   4.9609E+02 -1.5051E+02 -1.5897E+02
0000104   5.2365E+02  7.4037E+01  3.4085E+02
0000105   7.0038E+02 -2.8827E+01  1.8426E+02
0000106   6.7750E+01  1.2265E+02  2.1376E+02
0000107   4.8601E+02  9.0323E+01 -8.1338E+01
0000108   2.4804E+02 -2.5181E+02 -1.9836E+02
0000109   3.7275E+02  6.4553E+01 -2.6107E+02
0000110   3.4311E+02 -6.6564E+01 -4.2716E+02
0000111   1.2758E+02  2.8006E+01  1.7663E+01
0000112   4.0861E+02  4.1646E+02 -2.8824E+00
0000113   4.1840E+02 -1.7750E+02  1.8278E+02
0000114   4.6249E+02  3.1719E+02  1.9836E+02
0000115   2.5174E+02  1.2078E+02 -8.4641E+00
0000116   2.7744E+02 -1.1374E+02 -5.3268E+01
0000117   5.9953E+01  3.6588E+02 -7.7747E+00
0000119   3.8893E+02 -2.0021E+02 -2.2404E+01
0000120   4.3923E+02 -1.6294E+02  1.9055E+02
0000121   2.4685E+02  3.8856E+02 -1.0364E+02
0000122   5.7052E+02  4.9396E+01  1.3034E+02
0000123   5.7448E+02 -4.9122E+02 -2.4676E+02
0000124   4.5644E+02  1.6020E+02  9.3034E+01
0000125   4.6666E+02 -6.1628E+01  3.8062E+01
0000126   6.8305E+01 -1.0780E+02  3.5643E+02
0000127   3.2226E+02 -8.5649E+01 -2.5545E+01
0000129   2.1915E+02 -1.2968E+02  2.2147E+02
0000130   5.0435E+02  1.3168E+02  2.1852E+02
0000131   5.3188E+02  1.3643E+02 -1.3517E+02
0000132   7.6925E+01 -2.0665E+02  8.1682E+01
0000133   5.1778E+02  4.0626E+01  1.2196E+02
0000134   5.7310E+02 -1.0302E+02 -3.5176E+02
0000135   1.9789E+02  1.9673E+02 -1.8508E+02
0000136   4.8720E+02  1.5111E+02 -4.1094E+02
0000137   4.6804E+01 -4.3890E+01  6.4564E+01
0000138   3.4439E+02  8.4384E+01 -2.5433E+01
0000139   3.7619E+02 -5.8369E+01  1.4600E+02
0000140   4.3228E+02  6.4566E+01 -2.5909E+02
0000141   3.0826E+02  1.0030E+01  2.7929E+02
0000142   3.2899E+02  2.0631E+02 -1.8167E+02
0000143   1.4710E+02 -3.8670E+02 -1.1197E+02
0000144   1.8482E+02 -1.1714E+02 -2.6160E+02
0000145   3.0515E+02 -2.3236E+01  2.4060E+02
0000146   2.3128E+02  1.4256E+02 -3.2125E+01
0000147   2.8986E+02 -1.7666E+02 -2.4770E+02
0000148   5.3714E+02  7.9011E+01  2.8763E+01
0000149   2.2397E+02 -3.3024E-01 -4.6301E+01
0000150   4.7559E+02 -2.3695E+00  3.6090E+02
0000151   2.6587E+02  8.6053E+01  7.7607E+01
0000152   1.7280E+02  2.6519E+02  1.8900E+02
0000153   3.8746E+02 -1.1712E+02  5.2804E+01
0000154   4.4155E+02  1.6531E+02  4.1673E+01
0000155   2.8187E+02  1.2636E+02 -1.4228E+02
0000156   4.1797E+02  1.3894E+02  1.1492E+02
0000157   3.0685E+02  1.1033E+02 -1.1514E+02
0000158   4.0627E+02 -1.8183E+02 -5.2643E+00
0000159   1.8308E+02 -2.3628E+02  6.3835E+01
0000160   2.4228E+02 -2.2982E+02 -3.5895E+01
0000161   3.9181E+02  6.7103E+01  1.3139E+02
0000162   3.1145E+02  4.8413E+01  4.8821E+01
0000163   2.4757E+02  1.0732E+02 -1.2842E+02
0000164   1.1431E+02 -2.2237E+02 -8.3030E+01
0000165   3.0329E+02 -3.0573E+02 -2.8048E+01
0000166   4.0862E+02  2.8064E+01 -1.4401E+01
0000167   2.7766E+01  3.8431E+02 -9.3556E+01
0000168   3.9323E+02  2.0499E+01  1.0858E+02
0000170   8.4783E+01 -2.4522E+01  1.6137E+02
0000171   9.4602E+01  1.8679E+02  3.4567E+00
0000172   1.5319E+02  9.6255E+01  2.4477E+01
0000173   1.7179E+02 -2.0352E+02 -2.2996E+02
0000174   1.6399E+02  1.3186E+02  3.4163E+02
0000175   1.5750E+02 -3.2478E+02  1.1477E+02
0000176   2.4566E+02 -9.2055E+01  8.1236E+01
0000177   2.3208E+01 -2.0841E+01  4.9596E+01
0000178   2.6942E+02 -2.0621E+02 -6.3229E+01
0000179   1.3483E+02  1.8900E+02 -1.1457E+02
0000180   3.3218E+02  1.2415E+01 -8.2794E+01
0000181   5.4875E+02 -2.3706E+02 -3.1853E+02
0000182   3.7177E+02  2.9472E+01 -2.2791E+02
0000183   4.2092E+02 -2.2605E+02  1.0388E+02
0000184   3.0694E+02 -1.6434E+02  1.1294E+01
0000185   2.1116E+02  9.1552E+01 -3.3541E+01
0000186   6.0623E+02 -2.1831E+02 -1.3762E+02
0000187   1.7149E+02  1.0315E+01 -2.0163E+02
0000188   1.1975E+02  4.8500E+01 -8.6668E+01
0000189   2.7142E+02 -1.8330E+02 -1.4116E+02
0000190   5.8151E+02  1.7354E+01 -1.2121E+01
0000191   2.7565E+02 -1.2789E+02 -1.6192E+02
0000192   5.3056E+02  4.2155E+02 -1.2930E+02
0000193   4.9996E+02 -6.3234E+01 -1.6240E+02
0000194   2.7837E+02  4.2590E+01 -2.5060E+02
0000195   5.9347E+02  1.7227E+02 -2.4673E+02
0000196   2.3450E+02  3.1238E+02  7.4125E+01
0000197   4.3093E+02 -1.4504E+02 -2.2100E+02
0000198   2.5118E+02 -2.2057E+01  1.6659E+02
0000200   5.5927E+02  1.8685E+02  3.3506E+01
0000201   4.0608E+02 -9.2011E+01 -9.5658E+00
0000202   6.3908E+02 -2.5256E+02 -2.4340E-01
0000203   3.2186E+02 -6.3694E+01  7.5186E+01
0000204   2.9666E+02  3.2796E+02 -2.1077E+02
0000205   6.8420E+02  4.9774E+00  1.5042E+02
0000206   3.8570E+02 -1.8681E+02 -1.2024E+02
0000207   4.5700E+02  2.0724E+02  2.7645E+02
0000208   1.7243E+02  2.0211E+02  1.1421E+02
0000209   9.1055E+01 -1.0639E+02  1.2522E+01
0000210   1.3977E+02  1.6801E+02  1.5820E+02
0000211   3.8669E+02  5.5767E+01  1.4173E+02
0000212   1.8402E+02  2.9035E+02  2.6661E+02
0000213   4.3095E+02 -2.0984E+02  1.5463E+02
0000214   2.3917E+02  1.8591E+02  1.9471E+02
0000215   4.8023E+02  1.0933E+02  8.8499E+01
0000216   5.0219E+02  1.8224E+02 -1.4160E+02
0000217   1.2844E+02 -8.3740E+01  4.7907E+00
0000219   2.6358E+02  5.2922E+01  3.1572E+02
0000220   3.1890E+02 -3.4345E+01  4.4877E+02
0000221   6.0782E+02 -2.0944E+01  4.5019E+02
0000222   2.7653E+02  2.0356E+02 -1.8728E+00
0000223   1.3057E+01  8.2214E+01  3.8910E+00
0000224   1.5880E+02  1.5315E+02 -2.7953E+02
0000225   3.0715E+02  1.1745E+02  2.0115E+02
0000226   4.0944E+02 -9.2769E+01  1.1933E+02
0000228   1.7127E+02 -1.1583E+02  7.3467E+01
0000229   3.4512E+02 -1.8485E+02 -1.9808E+02
0000230   3.7819E+02  1.8809E+02  2.5263E+01
0000231   3.2500E+02 -1.1821E+02  2.1782E+01
0000232   3.4211E+02  1.2184E+02 -1.5439E+02
0000233   9.5992E+00 -1.2434E+02  6.1954E+01
0000234   4.1011E+02  1.7728E+02  7.2042E+01
0000235   3.0679E+02  1.3478E+02 -2.2656E+01
0000236   1.7742E+02 -1.5754E+02 -3.2588E+01
0000237   3.3027E+02  3.1346E+01 -7.7280E+01
0000238   2.3065E+02  1.1049E+02 -1.2293E+02
0000239   3.7510E+02 -3.0729E+02  2.2393E+02
0000240   3.0087E+02  8.1407E+01  3.1791E+02
0000241   5.7919E+02 -1.7085E+02  2.5133E+02
0000243   5.8756E+02  1.3592E+02  3.7792E+01
0000244   4.9785E+02  5.8004E+01  1.7506E+02
0000245   1.0055E+02  3.3338E+02 -1.1172E+02
0000246   8.0165E+01  3.2694E+01  2.8734E+02
0000247   4.4294E+02 -5.4633E+01 -2.5566E+02
0000248   2.1329E+02 -2.8212E+01 -2.2850E+02
0000249   3.5812E+02  1.7153E+01  2.7027E+00
0000250   3.1639E+02  2.0033E+02 -1.1022E+02
0000251   1.2012E+02  1.7724E+02 -1.4730E+02
0000252   7.3659E+02  4.4143E+01 -1.3905E+02
0000253   1.4365E+02 -1.9689E+02  4.0374E+02
0000254   1.3748E+02  4.0099E+01  7.5181E+01
0000255   3.0279E+02 -1.7595E+02 -1.1414E+02
0000256   5.2164E+02 -1.3229E+02  2.4785E+01
0000257   3.8042E+02  2.7072E+01  3.6542E+01
0000259   2.8648E+02  3.3252E+01 -2.4161E+01
0000261   2.1472E+02 -3.0141E+02  2.6349E+02
0000262   3.9147E+02  6.7258E+01 -1.7867E+02
0000263   4.3743E+02 -5.2594E+01 -1.4211E+02
0000265   2.9235E+02  2.2203E+02  1.7919E+02
0000266   5.5151E+02  2.6434E+02  7.2817E+01
0000267   2.9333E+02 -9.5126E+01  6.0714E+01
0000268   3.4650E+02 -1.5780E+02 -6.7822E+01
0000269   3.8810E+02  8.5359E+01  1.7272E+02
0000270   1.5101E+02 -5.0556E+01 -1.3671E+02
0000271   3.7371E+02 -2.3196E+01 -9.7084E+01
0000272   3.7972E+02 -3.5600E+01  1.1553E+02
0000273   1.8807E+02  2.3810E+02  1.1612E+02
0000274   2.1835E+02  1.8941E+01  1.2457E+01
0000275   5.2509E+02 -7.8368E+01  8.4786E+01
0000276   2.2410E+02 -6.2925E+01 -1.0231E+02
0000277   3.6187E+02  1.5697E+02  1.0302E+02
0000279   2.5994E+02 -8.8126E+01  3.1158E+02
0000280   3.7620E+02  1.2184E+02  4.3382E+01
0000281   6.4255E+01 -2.1866E+02 -4.8841E+01
0000282   1.2560E+02  2.2725E+02 -5.8346E+01
0000283   4.0209E+02 -1.1976E+02 -2.8171E+02
0000284   5.1105E+02  5.4871E+01 -1.5935E+02
0000285   2.6977E+02  7.8504E+01  1.7694E+02
0000286   3.6966E+02  2.4300E+02  3.4708E+02
0000287   6.0287E+02 -2.5333E+01 -1.1695E+02
0000288   2.3089E+02 -1.2544E+02  8.9799E+01
0000289   6.5047E+01 -1.7889E+02 -4.5491E+01
0000290   7.3627E+01  2.0714E+01  3.0771E+01
0000291   4.1662E+02  1.6850E+02  2.7973E+02
0000292   5.5916E+02  1.8498E+02  1.3798E+02
0000293   1.9049E+02  1.8849E+02  3.6568E+01
0000294   3.5150E+02  1.2835E+02 -3.8781E+01
0000295   1.5579E+02  8.6786E+01 -3.6812E+02
0000296   9.8268E+01  1.7494E+02  3.5568E+02
0000297   1.5077E+02  1.3434E+02 -8.6883E+01
0000298   5.8634E+02  1.1767E+02 -1.3084E+02
0000299   1.3731E+02 -1.0946E+02  3.2939E+02
0000300   2.2876E+02 -1.1138E+02  6.4153E+01
0000301   3.1658E+02 -2.8408E-01  5.8851E+01
0000302   6.3970E+02  1.9569E+02 -1.8349E+02
0000303   3.2420E+02  2.7219E+02  2.2587E+02
0000304   2.6947E+02 -1.3744E+02  6.6259E+01
0000305   3.4990E+02  2.7249E+02 -7.5426E+01
0000306   1.3360E+02 -2.1449E+01 -1.7688E+02
0000307   8.6327E+01 -5.5651E+01  1.1878E+02
0000308   5.8606E+02 -9.8740E+01 -2.6870E+02
0000309   2.8158E+02 -1.0929E+02  6.7483E+01
0000310   2.4606E+02 -2.5172E+02  9.8558E+01
0000311   1.1673E+02 -3.0986E+02 -9.5743E+01
0000312   9.7653E+01 -3.6525E+01 -7.9669E+01
0000313   5.2246E+02 -1.1667E+02  1.8689E+02
0000314   4.3169E+02  1.4507E+02 -1.0701E+02
0000315   1.6858E+02 -8.6766E+01  2.1003E+02
0000316   3.1931E+02 -1.1929E+02 -1.2078E+02
0000317   1.3893E+01 -1.5003E+02  2.7459E+02
0000318   2.6041E+02 -1.7756E+01 -5.7600E+01
0000319   4.2361E+02 -1.8378E+01 -1.6543E+02
0000320   3.1054E+02 -4.5540E+01 -1.0148E+02
0000321   9.3298E+01  1.3690E+01 -5.4326E+01
0000322   2.8441E+02 -2.1886E+02  1.8174E+02
0000323   3.0941E+02  2.6816E+02  1.4747E+02
0000324   3.8334E+02 -2.1497E+02 -9.0514E+01
0000326   3.8274E+02 -1.6354E+02 -8.8235E+01
0000327   2.8384E+02 -3.1105E+01 -2.3596E+02
0000328   7.0867E+01 -3.9183E+01 -3.8504E+01
0000329   4.2738E+02  2.0491E+02 -2.8969E+02
0000330   3.7071E+02  2.1395E+02 -9.8877E+01
0000331   4.0563E+02 -4.5049E+01  8.7683E+01
0000332   2.5220E+02 -1.5105E+01  4.0094E+02
0000333   4.6697E+02  8.0592E+01  1.1806E+02
0000334   3.4521E+02  2.0752E+02 -2.4011E+02
0000335   2.6624E+02  1.4753E+02 -3.2450E+02
0000336   3.9535E+02 -6.4803E+00  2.9105E+02
0000337   3.2376E+02  7.3845E+01  3.4240E+01
0000338   3.2256E+02  2.6923E+02  8.2628E+01
0000339   6.3504E+02 -1.0144E+02 -3.1686E+02
0000340   2.6609E+02  1.9859E+02 -7.9788E+01
0000341   2.9721E+02 -1.2200E+02 -2.8113E+02
0000342   5.5978E+02  1.9453E+02  3.0954E+01
0000343   2.9321E+02 -7.5952E+01  2.4676E+02
0000344   4.5156E+02 -1.7509E+02  3.9889E+01
0000345   1.1690E+02 -3.4873E+01 -1.2139E+02
0000346   4.5726E+02 -4.1662E+02  5.9019E+01
0000347   1.9572E+02 -1.7848E+02  1.6034E+02
0000348   4.0709E+02  4.5786E+02 -3.2246E+02
0000349   3.4374E+02  3.4198E+02 -1.9650E+02
0000350   3.7717E+02 -2.9011E+02  3.7901E+02
0000351   8.7289E+01  2.5224E+01 -7.8154E+01
0000352   1.9697E+02  2.8992E+02 -1.7577E+02
0000354   2.5135E+02 -1.4348E+02  2.3988E+02
0000355   6.0064E+02  1.4530E+02  9.3540E+01
0000356   4.1339E+01  1.5525E+02 -3.9075E+02
0000357   1.3936E+02 -5.3559E+01 -2.7694E+01
0000358   6.9490E+01  2.0434E+02  2.5712E+02
0000359   4.3132E+02  3.5555E+02 -1.3124E+02
0000360   2.5918E+02 -4.9761E+01 -2.2288E+02
0000361   2.8762E+02 -1.1362E+02 -2.2230E+02
0000362   8.3192E+01  1.5077E+01 -4.7375E+01
0000363   3.7252E+02 -8.4067E+00 -1.0328E+02
0000364   1.8629E+02  1.7751E+02  1.4698E+02
0000365   5.4875E+02  4.9271E+01  1.3762E+02
0000366   2.2250E+02 -1.7984E+02 -3.7702E+01
0000367   3.9017E+02  1.6693E+02  1.1589E+02
0000368   1.8377E+02 -1.1414E+02  6.0744E+01
0000369   4.0279E+02 -1.6914E+02  1.6303E+02
0000370   4.2654E+02  2.7558E+02 -1.7068E+02
0000371   2.7134E+02  6.7146E+01 -1.4313E+02
0000372   4.1893E+02  5.7262E+01 -1.7067E+01
0000373   5.2744E+02 -2.6234E-01 -4.9278E+01
0000374   3.2426E+02  1.7446E+02 -1.3729E+02
0000375   4.7513E+02  3.1338E+02 -3.3571E+01
0000376   1.0009E+02 -2.2824E-02  8.9077E+01
0000377   3.9812E+02  1.1321E+02 -2.5356E+01
0000378   5.5489E+01 -1.8369E+02 -7.8871E+01
0000379   6.6050E+02  1.4798E+02  4.5438E+01
0000380   3.4047E+02  1.5011E+02 -3.4543E+02
0000381   5.6986E+02  2.7844E+02  7.0576E+01
0000382   2.8938E+02 -1.5631E+02 -2.1445E+01
0000383   1.7928E+02  1.5595E+02  9.7187E+01
0000384   9.6365E+01  2.0731E+02 -1.3092E+02
0000385   3.0076E+02 -1.0290E+02  2.3792E+02
0000386   3.7715E+02  1.6972E+01 -1.8226E+01
0000387   3.0067E+02  1.4700E+02 -1.4125E+02
0000388   4.5036E+02  1.6989E+02 -1.8019E+01
0000389   6.1403E+01 -8.8273E+01 -9.0687E-01
0000390   2.0469E+02 -4.4119E+01  2.3430E+02
0000391   9.8471E+01 -7.9864E+01  3.3303E+02
0000392   3.4133E+02  1.3790E+02  6.1622E+01
0000394   1.6661E+02 -3.7183E+02  2.0819E+02
0000395   1.4149E+02  1.5395E+02 -4.3593E+02
0000396   3.1930E+02  2.4574E+02  6.7590E+01
0000397   2.2523E+02  1.8952E+02  3.9323E+00
0000398   3.5694E+02  3.8738E+02 -1.0664E+02
0000400   3.1624E+02 -1.4347E+01  5.6615E+01
0000401   2.4273E+02 -7.3565E+01 -2.9572E+02
0000402   3.2999E+02  2.2265E+01  1.7063E+01
0000403   2.2552E+02  1.1626E+02  3.0970E+02
0000404   1.6928E+02 -2.9944E+01  3.3222E+02
0000407   4.8587E+02  8.8834E+01  6.0735E+01
0000408   1.5813E+02 -1.8380E+02 -1.3513E+02
0000409   4.8904E+02  1.9357E+02 -9.1181E+01
0000410   6.7847E+02 -3.5926E+02 -1.4644E+02
0000411   4.0176E+02  2.4105E+02 -3.3664E+02
0000412   2.9673E+02  1.4365E+02  2.2847E+02
0000413   3.7783E+02 -5.3315E+01  6.3034E+01
0000414   1.0166E+02 -4.0484E+01 -9.6223E+00
0000415   3.2548E+02  1.8557E+01  1.8841E+02
0000416   3.9121E+02 -3.4875E+01 -3.2107E+01
0000417   2.8886E+02 -2.0943E+02 -2.3038E+00
0000419   1.1360E+02  6.5540E+01  9.3647E+01
0000420   4.0526E+02 -2.9137E+01 -2.1851E+02
0000421   3.9651E+02 -3.9462E+01 -2.5523E+02
0000422   2.1787E+01  4.0856E+01 -2.1417E+02
0000423   3.7444E+02  2.7303E+02  1.2666E+02
0000424   4.0083E+02  1.3938E+02 -1.2772E+02
0000425   2.1248E+02 -9.1464E+01 -2.1164E+02
0000426   2.2386E+02 -1.2504E+02 -1.1916E+02
0000427   9.3288E+01  1.7984E+00  2.9220E+02
0000428   3.3346E+02  1.5691E+01 -9.8824E+01
0000429   2.4101E+02 -4.1109E+02 -3.4953E+02
0000430   3.5910E+02  1.8237E+02  3.9990E+01
0000431   2.3820E+02 -1.6148E+02  4.9758E+01
0000432   2.8214E+02  3.7153E+02  1.9598E+01
0000433   1.6849E+02 -7.2430E+01  1.1537E+02
0000434   1.7524E+02 -2.7886E+02 -5.1774E+01
0000435   3.3782E+02 -1.4199E+02 -3.6916E+02
0000436   4.6113E+02 -1.7590E+02 -7.2872E+01
0000437   4.9089E+02  8.4656E+01 -1.3405E+01
0000438   2.1581E+02 -8.4005E+01 -3.9664E+00
0000439   1.9426E+02 -1.9908E+00 -1.1830E+02
0000440   4.2891E+02  6.6374E+01  3.0698E+02
0000441   1.8752E+02 -8.5745E+01 -1.7016E+01
0000443   5.3462E+02  2.5375E+01  3.1499E+02
0000444   3.5818E+02 -1.1763E+02 -7.3461E+01
0000445   6.6919E+02  7.1568E+01 -1.4504E+02
0000446   1.6196E+02  1.5266E+02 -1.9578E+02
0000448   5.8650E+02 -1.8337E+00  3.7975E+01
0000450   4.0095E+02  6.9189E+01 -2.7601E+02
0000451   2.5806E+02 -2.9120E+02  1.7796E+02
0000452   3.7218E+02 -1.4971E+02 -1.5691E+02
0000453   2.4959E+02  2.0335E+02  2.6478E+02
0000454   4.3331E+02  2.1579E+02 -3.8297E+02
0000455   6.2667E+02 -8.0180E+01  4.9952E+01
0000456   8.5237E+01 -1.9120E+02 -1.7087E+02
0000458   3.6143E+02 -2.1414E+02  1.9441E+02
0000459   4.2496E+02 -2.4534E+02  4.2243E+01
0000460   5.0323E+02 -1.1700E+02  6.8775E+01
0000461   5.9583E+02 -4.8390E+01  9.1583E+01
0000462   1.6186E+02  5.9766E+01  1.6618E+00
0000463   6.7336E+02 -3.9063E+00 -1.6279E+02
0000464   2.4809E+02 -1.0020E+02 -3.2688E+02
0000465   5.4770E+02  3.8710E+02  1.3422E+02
0000466   1.6815E+02  2.6147E+02  1.7787E+02
0000467   3.5339E+02 -2.0226E+02  1.4325E+02
0000468   2.8180E+02 -1.5224E+02  3.0649E+01
0000469   1.0758E+02  1.5128E+02  1.5582E+02
0000470   4.6530E+02 -1.1856E+02 -1.7924E+02
0000471   7.4724E+01 -1.6935E+02  1.9855E+02
0000472   2.7867E+02 -1.7566E+02  2.5191E+02
0000473   2.4465E+02  2.1303E+01 -5.1793E+01
0000474   5.2334E+02  1.1214E+02 -1.4234E+02
0000475   5.9885E+02 -1.0374E+02 -1.4230E+02
0000476   1.2478E+02  5.2774E+01 -1.6356E+02
0000477   4.9651E+02  1.4358E+02 -5.0577E+01
0000478   1.8941E+02 -3.4199E+02 -4.9969E+00
0000479   3.3600E+02 -1.9084E+01 -1.3701E+02
0000480   2.3300E+01 -8.1307E+01 -9.5975E+01
0000484   3.6390E+02  4.0286E+02 -7.4126E+01
0000485   4.1620E+02  3.1274E+02 -9.2119E+01
0000486   1.7221E+02  1.3361E+02  8.8840E+01
0000487   7.7387E+01 -1.8772E+02 -2.9792E+02
0000488   9.3372E+01 -3.5128E+02 -1.9662E+01
0000489   5.5382E+02  3.2087E+02  7.1726E+01
0000490   1.4247E+02 -7.2417E+00 -2.2064E+02
0000491   3.2413E+02  1.3561E+02 -1.2426E+01
0000492   1.9625E+02  6.2079E+01  2.8138E+02
0000493   3.8857E+02  2.7731E+01 -1.8208E+02
0000494   4.9691E+02 -1.4455E+02 -3.7955E+02
0000495   2.3742E+02 -1.6555E+02  1.5631E+01
0000496   8.2474E+01  3.4784E+02  1.8291E+02
0000497   2.8193E+02  1.6489E+02  3.3327E+02
0000498   6.2111E+01  6.1200E+01  2.1686E+02
0000499   3.5535E+02 -4.5668E+02 -1.2844E+02
0000500   1.0366E+02  5.3759E+01  4.6068E+02
0000501   2.8577E+02 -5.0987E+01  2.2596E+02
0000502   4.3063E+02  2.7501E+02  2.6850E+02
0000503   4.0231E+02 -5.3395E+01 -7.4539E+01
0000504   9.7506E+01 -9.6441E+01 -4.2808E+01
0000505   1.4759E+02 -3.3382E+02  2.7609E+01
0000506   1.7337E+02  1.2824E+02  1.0849E+02
0000507   1.3590E+02 -1.2879E+02  1.0735E+02
0000508   5.7747E+02 -4.9790E+01  2.8150E+02
0000509   4.6449E+02  1.1941E+02 -3.6023E+02
0000510   5.0126E+02 -2.6849E+02 -1.5320E+02
0000511   3.2502E+02 -4.6595E+01 -3.0064E+02
0000512   1.5320E+02 -1.6542E+02  2.1711E+02
0000513   1.4624E+02  7.3941E-02 -3.3787E+01
0000514   4.4517E+02 -1.1120E+02  2.7661E+01
0000515   3.3708E+02  1.3254E+02  1.7636E+01
0000516   3.0454E+02  3.0526E+02  1.0785E+02
0000517   3.1138E+02  2.8947E+01 -9.2677E+01
0000518   7.5385E+01 -3.3871E+01 -1.5821E+02
0000519   2.5065E+02  3.6454E+02  3.3659E+01
0000520   2.3881E+02  1.6033E+02 -3.7038E+01
0000521   2.7862E+02 -1.8264E+02  2.5159E+02
0000522   9.4947E+01  6.0256E+01  3.8164E+01
0000523   3.1487E+02 -5.7310E+01 -3.0943E+01
0000524   1.4770E+02 -1.0698E+02  2.0019E+02
0000525   2.6920E+02  3.5521E+02  1.0967E+02
0000526   2.2444E+02 -1.6816E+02  1.3346E+02
0000527   2.0384E+02  1.2579E+02  1.3990E+02
0000528   3.1704E+02 -5.5710E+01  1.3515E+01
0000529   2.0716E+02  9.1313E+01 -3.8674E+02
0000530   1.1258E+02  3.1948E+02 -4.3953E+02
0000531   3.6411E+02 -7.7607E+01 -5.2176E+01
0000532   2.6837E+02  1.9061E+02  5.2586E+01
0000533   2.5932E+02  6.5231E+01  6.0676E+01
0000534   3.2402E+02 -1.9171E+02 -1.5582E+02
0000535   7.1825E+02 -2.5504E+02 -9.6459E+01
0000536   1.5739E+02 -5.2254E+00 -9.5535E+01
0000537   1.8851E+02 -5.6462E+01  2.7866E+02
0000539   5.3081E+02  7.9401E+00 -1.9350E+02
0000540   3.6752E+02 -3.5106E+00  2.6847E+01
0000541   4.3637E+01 -4.3555E+01 -1.3417E+02
0000542   4.2630E+02 -4.1824E+00  1.8744E+02
0000544   3.3918E+02 -3.7978E+01  1.7190E+02
0000545   9.9954E+01  3.2342E+02 -1.8996E+01
0000546   6.5216E+02 -1.0640E+02  2.3557E+01
0000547   3.0772E+02  1.6242E+02  1.2507E+01
0000549   6.8502E+01 -2.2012E+01  8.3919E+01
0000550   3.3205E+02  2.0892E+02  4.5627E+01
0000551   5.0595E+02 -1.6598E+02  8.5391E+01
0000552   2.5424E+02 -8.8943E+01  9.7491E+01
0000553   6.4510E+02  2.6473E+02  2.6966E+01
0000554   1.4381E+02  7.2946E+01 -1.0750E+02
0000555   5.3025E+02  8.8980E+01 -7.1918E+01
0000556   1.5518E+02  1.0800E+02  2.7188E+01
0000557   3.0606E+02 -3.0009E+02  6.5319E+01
0000558   4.3524E+02 -7.6714E+01 -7.9869E+00
0000559   4.7685E+02  3.3989E+02  2.2819E+02
0000560   1.2975E+02 -1.1078E+02  6.4540E+01
0000561   4.0134E+02  2.1671E+02 -1.8111E+02
0000562   9.0573E+01  2.0136E+02  1.5908E+02
0000563   4.7533E+01 -1.9127E+01 -8.7719E+01
0000564   3.0317E+02 -2.3384E+02  2.1982E+02
0000565   2.9204E+02  5.2252E+01  3.8995E+02
0000566   1.7233E+02 -2.8224E+02 -6.3867E+01
0000567   5.4400E+01 -3.3726E+02 -4.6952E+01
0000568   4.1129E+02 -2.6792E+02  3.5249E+01
0000569   8.5036E+01 -1.6265E+02 -5.1767E+01
0000570   3.4340E+02  1.1417E+02 -2.0774E+02
0000571   1.9754E+02  1.2434E+02 -2.3282E+02
0000572   1.3128E+02  1.7646E+02  3.8719E+02
0000573   3.3062E+02  8.2681E+01 -6.2110E+01
0000574   1.9436E+02  3.7630E+01 -2.8388E+02
0000575   3.6021E+02 -1.1551E+02  1.1513E+02
0000576   4.7244E+02 -2.7587E+02 -1.8556E+02
0000577   7.2545E+01  9.0946E+01  1.4586E+02
0000578   5.2782E+02 -1.9199E+01  5.4578E+01
0000579   2.1814E+02 -8.3238E+01  6.4787E+01
0000580   2.2063E+02 -1.4927E+02  1.4380E+01
0000581   8.2405E+01  4.4818E+01  1.0394E+02
0000582   3.5899E+02  9.5572E+00  1.5677E+02
0000583   3.3977E+02  4.7873E+01  9.1498E+01
0000584   3.7711E+01 -2.8338E+02  2.2683E+02
0000585   2.3067E+02  6.5258E+01  1.4655E+02
0000586   1.4924E+02  1.4971E+02  1.9745E+02
0000587   4.8867E+02  1.2453E+02  1.1085E+02
0000588   2.8856E+02  6.4671E+01  1.8531E+02
0000589   2.2332E+02 -2.7997E+02  4.8987E+01
0000590   1.4088E+02 -9.1578E+01  7.0964E+01
0000591   4.2578E+02 -6.4206E+01  3.6682E+01
0000592   3.0842E+02  1.1310E+01  3.4506E+02
0000593   2.8653E+02 -6.7498E+01  7.3689E+01
0000594   2.6100E+02 -7.8566E+01  4.3006E+01
0000595   6.0727E+02  5.3307E+01  2.9100E+02
0000596   4.5823E+02 -4.5718E+02 -1.4734E+00
0000597   2.2712E+02  2.2426E+01 -2.6728E+02
0000598   1.9466E+02 -5.6220E+01 -1.1651E+02
0000599   2.9440E+02 -7.8767E+01 -9.7559E+01
0000600   1.2061E+02  2.1983E+02  1.6258E+02
0000601   2.4658E+02 -2.2633E+01 -3.2410E+01
0000602   3.8968E+02 -1.3969E+02  1.4539E+02
0000603   3.7301E+02  1.8442E+02  5.3211E+01
0000604   4.7488E+02 -1.4153E+02 -3.0109E+02
0000606   4.6775E+02 -5.3062E+02 -2.9378E+02
0000607   1.5551E+02 -1.1213E+02  4.8125E+01
0000608   3.5941E+02 -4.4629E+02 -1.1279E+02
0000609   4.7681E+02 -2.2012E+02  4.4843E+02
0000610   1.6448E+02  2.2088E+02  1.0321E+01
0000611   2.5593E+02  3.0027E+00  4.2379E+01
0000612   5.1320E+02 -1.7323E+02 -8.4476E+01
0000613   2.4899E+02  1.6034E+02  6.9523E+01
0000614   1.6797E+02  1.6277E+01 -1.9491E+02
0000615   4.1270E+02 -2.2526E+02  1.7483E+02
0000616   1.6121E+02 -2.3686E+02  1.6406E+02
0000617   3.4147E+02  1.4836E+02  1.4370E+02
0000618   2.7116E+02 -1.1729E+02 -1.0550E+02
0000619   1.9610E+02  3.4189E+01  1.0279E+02
0000620   4.8837E+02  3.0656E+02  8.7774E+00
0000621   5.8649E+02 -2.7395E+01 -5.6332E+01
0000622   3.8477E+02  1.9807E+02 -1.6557E+02
0000623   1.2533E+02  1.4470E+02 -4.4747E+01
0000624   3.4285E+02 -6.3959E+01  7.8657E+00
0000625   2.3694E+02 -4.8685E+01  8.4153E+01
0000626   3.2209E+02  1.2021E+02  4.7715E+01
0000627   5.7674E+02 -4.0078E+01  4.8772E+01
0000628   2.5343E+02  1.5720E+02 -1.2135E+02
0000629   2.9205E+02 -4.2254E+01  6.8347E+01
0000630   1.9162E+02 -1.9855E+02  7.3684E+01
0000631   2.0598E+02  1.5117E+02 -2.6276E+02
0000632   3.2188E+02 -8.0701E+01  2.0218E+02
0000633   1.9958E+02 -1.8878E+01  1.8319E+02
0000634   5.0162E+02  1.0202E+02 -9.0413E+01
0000635   4.9646E+02 -1.1856E+02 -7.2627E+01
0000636   9.5161E+01  9.6266E+01  2.7594E+02
0000637   2.2201E+02 -1.3256E+02  2.1785E+02
0000638   4.8452E+02  1.4473E+01 -9.2416E+01
0000639   2.8693E+02  3.0531E+01  4.6625E+01
0000640   3.0604E+02  2.4079E+02  1.3952E+02
0000641   3.1978E+02 -7.3178E+01 -6.8984E+01
0000642   1.9388E+02  1.4902E+02  4.6128E+00
0000643   2.6232E+02 -1.4984E+02 -2.7853E+02
0000644   3.9867E+02 -3.5696E+02  1.2564E+02
0000645   1.6054E+02  7.2078E+01 -1.6657E+02
0000646   1.6439E+02  3.2296E+02 -1.9716E+02
0000647   5.1931E+02 -2.5864E+02  2.2133E+02
0000648   2.6578E+02  5.3762E+01  1.8738E+02
0000649   4.2720E+02 -2.1501E+02  2.0311E+02
0000650   2.2275E+02  1.1146E+02 -1.5438E+02
0000651   2.8592E+02  2.4100E+02  4.4642E+01
0000652   1.8877E+02  1.7424E+02  1.7685E+02
0000653   7.7005E+01 -4.1079E+01 -1.3087E+02
0000654   4.9644E+02  2.3682E+02  6.7571E+01
0000655   5.9247E+02 -1.5197E+02  2.5202E+02
0000656   3.3410E+02  7.3476E+01  3.1220E+02
0000657   4.5553E+02  4.4464E+00  8.6243E+00
0000658   2.7658E+02  2.4166E+02 -2.1293E+02
0000659   1.0856E+02 -1.5906E+01  1.7632E+02
0000660   3.0797E+02 -1.9485E+01  1.8245E+02
0000661   2.5498E+02 -1.3604E+02 -4.4843E+02
0000662   1.8790E+02 -7.6049E+01 -9.1167E+01
0000663   3.8306E+02 -7.3699E+01  1.3745E+02
0000664   3.2439E+02  4.5456E+02  2.4583E+01
0000665   6.1067E+02 -3.9362E+01  3.3736E+01
0000666   2.4275E+02 -2.3543E+02 -5.3955E+01
0000667   5.4382E+02  3.1630E+02  2.0127E+01
0000668   4.0279E+02  1.0738E+02 -1.6157E+02
0000669   3.6096E+02  1.5369E+02  1.9182E+02
0000670   7.1455E+02 -3.8816E+00  1.5125E+02
0000671   3.5195E+02  5.3923E+01 -2.8173E+02
0000672   5.8424E+02 -1.1194E+02  3.0952E+02
0000673   2.5135E+02 -2.4167E+02 -4.1996E+02
0000674   3.9861E+02  2.2540E+02  5.3531E+00
0000675   5.4809E+02 -1.1644E+02  2.5335E+02
0000676   5.5736E+02 -3.0539E+02  2.3402E+02
0000677   3.9587E+02 -5.8626E+01  6.1135E+01
0000678   1.4407E+02 -1.5075E+01 -1.8448E+02
0000679   4.9015E+02  1.8125E+02 -5.0575E+01
0000680   3.9756E+02 -2.9603E+02 -5.6872E+01
0000681   3.6780E+02  4.9767E+01 -6.2345E+01
0000682   4.9973E+02  1.6653E+02 -2.6822E+02
0000683   4.3683E+02  2.6583E+01 -1.7142E+02
0000684   2.2037E+02  6.4585E+01  1.6655E+02
0000685   2.7176E+02 -9.7235E+01 -1.2125E+02
0000686   4.1447E+02  7.6653E+01  2.4373E+02
0000687   3.5036E+02 -2.0575E+02  3.4499E+01
0000688   1.5842E+02  1.6963E+02  2.4397E+01
0000689   1.1872E+01  3.4511E+01 -1.6188E+02
0000690   2.9994E+02  2.2106E+02  1.3541E+02
0000691   2.5585E+02 -9.3770E+01 -3.0883E+01
0000692   3.7197E+02 -5.3459E+01  2.8913E+02
0000694   4.8687E+02  1.3490E+02 -6.3424E+01
0000695   1.6764E+02  1.1952E+02  4.2587E+02
0000696   1.8068E+02 -7.3790E+01 -8.3679E+01
0000698   2.0266E+02 -1.6126E+02  1.3390E+02
0000699   5.3081E+02  1.5305E+02  3.8615E+02
0000700   3.3009E+02 -1.0621E+01  8.0662E+01
0000701   8.0853E+01 -1.7445E+02  6.7558E+01
0000702   2.5954E+02  2.9962E+02 -1.4671E+02
0000703   4.4769E+02 -3.7839E+01  1.0206E+02
0000704   1.1022E+01 -7.9911E+01  5.6072E+01
0000705   1.1581E+02  5.5739E+01 -1.7961E+02
0000706   3.7425E+02  4.0386E+01  1.5749E+02
0000707   2.8904E+02 -9.5019E-01 -1.5232E+02
0000708   8.5900E+01  6.5966E+01 -2.6116E+02
0000709   6.2927E+02  2.4392E+02  1.6238E+02
0000710   1.8373E+02 -1.6816E+02 -2.3480E+02
0000711   2.7609E+02 -1.3624E+02  1.3065E+02
0000712   5.1816E+02  1.9211E+02 -1.2556E+02
0000713   2.5407E+02 -1.8585E+02  1.4829E+02
0000714   3.3530E+02  4.0376E+01 -1.2164E+02
0000715   2.4962E+02 -1.5496E+02  2.1309E+02
0000716   2.1529E+02  8.7380E+01 -1.3224E+02
0000717   1.0726E+02 -2.4726E+01  2.3065E+02
0000718   3.3341E+02 -4.3600E+01  9.2786E+01
0000719   3.4827E+02  2.6238E+02 -2.7546E+02
0000720   5.0886E+02  3.6599E+01  4.9981E+01
0000721   4.2499E+02 -1.2663E+02 -7.4984E+01
0000722   2.0446E+02  1.0697E+02 -4.4301E+01
0000723   2.9321E+02  9.4285E+01 -9.8134E+01
0000724   4.0586E+02 -6.9025E+01  7.2310E+01
0000725   1.8881E+02  2.8921E+02 -2.0129E+02
0000726   2.2036E+02  1.1243E+02 -1.4286E+02
0000727   2.7443E+02  4.6184E+02 -1.4575E+02
0000728   4.8617E+02 -1.0943E+02 -2.2232E+02
0000729   1.3007E+02 -1.3174E+02 -1.6627E+02
0000730   3.4390E+02 -6.3746E+01  2.0720E+01
0000731   3.9292E+02  9.3387E+01  8.8361E+01
0000732   4.8387E+02  1.2399E+02 -4.5648E+01
0000733   1.1865E+02 -7.5715E+01 -2.4726E+02
0000734   5.7299E+02  1.7139E+02  1.5414E+02
0000736   4.1505E+02 -3.8973E+02 -2.4143E+02
0000737   3.8910E+02 -3.6165E+02 -3.0665E+01
0000738   2.2249E+02 -1.9484E+02 -2.4462E+02
0000739   1.0914E+02  1.3542E+01  1.1861E+02
0000740   1.0853E+02 -1.2351E+02  8.4046E+00
0000741   2.3933E+02 -2.5750E+02  1.3065E+02
0000742   5.6083E+02  6.6527E+00  1.4968E+02
0000743   2.5007E+02  4.0112E+02  8.2313E-01
0000745   7.6785E+02 -4.7486E+01  1.4942E+02
0000746   2.5558E+02  5.0860E+01  3.2247E+02
0000747   2.9215E+02 -1.4498E+02 -1.8205E+02
0000748   3.1964E+02 -2.5874E+01  5.6411E+01
0000750   2.3719E+02  7.3417E+01  7.7646E+01
0000751   2.6217E+02 -2.2807E+01 -2.0845E+02
0000752   5.4869E+02  1.0275E+02 -2.6478E+02
0000753   4.0564E+02  5.6661E+01  1.6314E+01
0000754   4.0005E+02 -3.5007E+01  1.7342E+02
0000755   6.1308E+02  2.0220E+01 -7.4067E+01
0000756   2.9750E+02 -1.5635E+02  1.2988E+02
0000757   2.6529E+02 -8.3983E+01  1.4477E+01
0000758   7.7694E+02  4.9475E+00  4.2350E+01
0000759   4.8266E+02 -3.2822E+02  4.7372E+01
0000760   3.1401E+02 -1.4824E+02  9.9181E+00
0000761   5.1887E+01 -9.1650E+00 -1.4966E+02
0000762   4.5379E+02  1.0008E+02 -5.4358E+01
0000763   1.8708E+02  4.1874E+01 -2.6616E+02
0000764   3.7207E+02 -9.0969E+01  3.7207E+02
0000765   2.2072E+02  6.1525E+01  2.4323E+02
0000766   5.2418E+02 -2.2911E+02 -1.4365E+01
0000767   4.9057E+02  1.3608E+02  2.2492E+02
0000768   5.0068E+02  1.1350E+02 -8.4352E+01
0000770   5.6815E+02  1.9043E+02 -1.0578E+02
0000771   1.5452E+02  4.8882E+01  3.1190E+02
0000772   1.9702E+02 -1.3389E+02 -2.4346E+02
0000773   2.3725E+02  8.0902E+01  8.7263E+01
0000774   5.0595E+02  1.4549E+02  9.4277E+01
0000775   2.7433E+02 -1.9317E+02  2.0178E+02
0000776   1.3059E+02 -6.6386E+01  2.1081E+02
0000777   7.6594E+01 -5.8312E+01  1.2782E+02
0000779   3.8704E+02 -8.6942E+00  3.6644E+02
0000780   1.9965E+02  4.4055E+02  6.3835E+00
0000781   3.4983E+02  1.0234E+02  2.5932E+02
0000782   7.3841E+01  2.1476E+02 -1.5914E+02
0000783   4.5237E+02  8.8421E+01 -3.6797E+01
0000784   4.8681E+01 -2.8630E+02 -2.2364E+01
0000785   3.5379E+02 -3.7491E+02  1.8047E+02
0000786   2.2678E+02  2.5353E+01  2.0832E+02
0000787   3.9873E+02  2.3261E+02 -4.4919E+01
0000788   5.2008E+02 -2.8613E+02  5.7333E+01
0000789   1.2101E+02  9.5923E+01 -1.4133E+02
0000790   3.2929E+01 -4.0723E+02 -2.3015E+01
0000791   5.8798E+02  6.5263E+01  1.1359E+02
0000792   2.1055E+02 -2.1422E+01 -5.1938E+02
0000793   3.8691E+02 -2.4570E+02 -1.9688E+01
0000794   3.4818E+02 -7.0019E+01  1.6844E+02
0000795   4.7126E+02  1.0005E+02 -1.7236E+02
0000796   5.6384E+01  2.5262E+01 -1.0879E+02
0000797   3.9129E+02 -3.0066E+02  1.9682E+01
0000798   1.8610E+02 -2.7202E+02 -8.5473E+01
0000799   2.4618E+02  1.9105E+02  7.8894E+01
0000800   3.3420E+02 -1.4219E+02 -1.9123E+02
0000801   4.1598E+02  1.7453E+02  1.3580E+02
0000802   4.6536E+02  2.2109E+02  1.3053E+02
0000803   1.8717E+02 -7.9285E+01  3.6691E+01
0000804   2.4178E+02  2.0196E+02 -7.7739E+01
0000805   2.3730E+02 -4.1156E+02  6.8517E+01
0000806   1.9564E+02 -8.0597E+01 -1.3402E+02
0000807   1.3327E+02  1.8490E+02 -2.3984E+02
0000808   4.3162E+02  1.1078E+02  2.5054E+02
0000809   4.2429E+02 -2.0430E+02 -1.8909E+02
0000810   3.7598E+02  1.3559E+02  1.1950E+02
0000811   1.7033E+02  1.0564E+02 -4.9472E+00
0000812   1.6660E+02  6.7027E+01 -1.6636E+02
0000813   4.0787E+02  3.4388E+01  1.2967E+02
0000814   7.3744E+01 -1.5390E+02  5.4617E+00
0000815   1.2872E+01 -7.5418E-01  1.2235E+02
0000816   3.9106E+02  1.5814E+02 -1.0660E+02
0000817   2.7643E+02 -7.2891E+01 -1.3712E+02
0000818   5.2920E+02  1.9391E+00  1.0483E+02
0000819   2.9732E+02  8.3016E+01  1.5950E+02
0000820   3.8289E+02 -6.7079E+01  6.5611E+01
0000821   4.5545E+02  1.8196E+02 -1.1930E+02
0000822   2.1076E+02  2.2701E+01  2.7029E+02
0000823   1.3186E+02  4.4405E+01 -2.0286E+02
0000824   3.9460E+02  1.5815E+02  3.3015E+01
0000825   2.2428E+02 -1.7832E+02  1.8781E+02
0000827   4.2779E+02  1.7473E+02  2.0416E+02
0000828   2.0074E+02 -1.3858E+02 -4.8969E+01
0000829   2.1098E+02  1.5649E+02 -9.4055E+01
0000830   3.3109E+02 -6.5187E+01  4.3054E+01
0000831   2.2098E+02  7.5824E+01 -5.9151E+01
0000832   5.5078E+02 -3.2115E+01  9.1853E+01
0000833   9.1704E+01 -1.1123E+01 -1.6301E+02
0000834   2.8686E+02 -1.3382E+02 -3.0566E+02
0000835   3.5624E+02 -1.6957E+02  1.8574E+02
0000836   4.1905E+02  1.5104E+02 -2.1242E+02
0000837   3.5540E+02  5.4670E+01 -1.9455E+02
0000838   3.5569E+02  1.0510E+02 -1.5429E+02
0000839   3.7821E+01  1.3272E+02 -1.5264E+02
0000840   4.1368E+02 -1.4674E+02 -8.9749E+01
0000841   1.3064E+02  2.2189E+02 -8.6447E+01
0000842   3.9712E+02  5.7305E+01 -4.9904E+01
0000844   3.9924E+02 -1.3755E+02 -1.8276E+02
0000846   4.0618E+02 -1.6130E-01 -2.2775E+02
0000847   4.5265E+02 -1.4758E+01 -2.6670E+02
0000848   4.4155E+02 -1.1666E+02  1.2583E+02
0000850   3.5277E+02  1.2042E+01  2.4897E+02
0000851   2.8367E+02  6.5013E+01 -1.5485E+02
0000852   3.5805E+02 -2.7566E+02  1.0308E+02
0000853   3.5890E+02  9.5042E+01  1.1415E+02
0000854   3.0509E+02 -1.3537E+02  7.3610E+01
0000855   2.1534E+02  3.2218E+02 -3.8935E+02
0000856   3.2708E+02 -9.9276E+00 -3.7039E+02
0000857   3.1751E+02  7.7220E+01  9.5607E+01
0000858   1.2190E+02 -3.6475E+01 -1.2686E+02
0000860   3.1005E+02  5.6639E+01  3.7497E+01
0000861   1.6365E+02 -3.8023E+01 -1.0589E+02
0000862   1.0506E+02 -3.9036E+01  7.7671E+01
0000863   3.2228E+02 -3.3177E+01 -4.3768E+01
0000864   4.6771E+02 -1.4309E+02 -2.2828E+02
0000865   4.2827E+02  2.0727E+01  4.7125E-01
0000866   2.5386E+02 -7.0166E+01  4.3068E+02
0000868   2.2980E+02 -2.7981E+02 -1.0377E+02
0000869   2.1934E+02  1.9792E+02  4.6706E+02
0000870   5.2951E+02  9.4032E+01  1.4091E+02
0000871   1.4742E+02 -2.3324E+02  4.4941E+01
0000872   2.6214E+02  2.3432E+01  5.6371E+01
0000873   2.3804E+02  2.4793E+01  1.7838E+02
0000874   3.6981E+02 -4.1454E+02  3.1420E+01
0000875   4.2947E+02 -7.2910E+01  8.6698E+00
0000876   3.2814E+02 -9.7980E+00 -4.0939E+01
0000877   3.2185E+02  1.6674E+02 -4.7474E+01
0000878   4.4593E+02 -5.9093E+01  2.5457E+02
0000879   1.3156E+02 -3.5029E+02  4.9318E+01
0000880   1.9117E+02 -3.5564E+02  1.4995E+02
0000881   1.9390E+02 -1.2005E+02  8.9923E+01
0000882   4.6939E+02  4.1901E+01 -4.0470E+01
0000883   3.8403E+02  2.5000E+02 -1.8471E+02
0000884   1.2625E+02  1.8242E+02  2.2274E+02
0000885   4.5677E+02  1.3638E+02  3.5979E+02
0000886   3.0624E+02  2.4595E+02  1.2010E+02
0000887   3.9876E+02 -1.3584E+02 -1.0685E+02
0000888   4.5739E+02 -2.1025E+02 -9.2774E+01
0000889   2.5960E+02  3.1502E+02  3.6603E+00
0000890   1.5251E+02 -1.3688E+02 -1.0423E+02
0000891   2.9423E+02  8.9338E+01  1.7747E+02
0000892   4.3476E+02 -1.3194E+02 -1.2625E+02
0000893   2.6482E+02 -7.6363E+01 -1.4180E+02
0000894   1.7295E+02  2.2571E+02  9.4796E+00
0000895   1.6898E+02 -7.5079E+01 -6.0437E+00
0000896   5.5006E+02 -1.5143E+01  4.2675E+01
0000897   3.2707E+02  1.9828E-01 -5.1846E+01
0000898   4.0774E+02 -4.7587E+01  3.1705E+02
0000899   2.4674E+02 -7.4470E+00  1.5371E+02
0000900   9.0947E+01 -2.4532E+02  8.5454E+01
0000901   4.0888E+02  1.8207E+02  7.2392E+01
0000902   2.8775E+02  1.9615E+02 -7.9856E+01
0000903   1.0477E+02 -1.2882E+02  4.5374E+01
0000904   2.9802E+02  1.9842E+02  4.6124E+01
0000905   3.1582E+02  1.6298E+02 -8.7799E+00
0000906   1.6226E+02  8.9853E+01 -4.8415E+01
0000907   2.7199E+02 -3.2685E+02  1.7149E+02
0000908   3.1132E+02 -5.0511E+00 -6.2839E+01
0000909   4.2863E+01  9.7241E+01 -1.5415E+00
0000910   4.7564E+02 -1.7633E+02 -1.8154E+01
0000911   1.1813E+02  2.7702E+02  2.3354E+02
0000912   3.8679E+02 -2.2441E+02  3.0929E+02
0000913   3.1162E+02 -1.4941E+02  3.0887E+01
0000914   8.8954E+01 -9.9707E+01 -5.0368E+01
0000915   8.8164E+01  4.8208E+01  1.4551E+02
0000916   2.9892E+02  1.0411E+02  9.2293E+01
0000917   1.2889E+02  1.8973E+02 -1.1066E+02
0000918   2.3343E+02  2.2424E+02  2.3434E+02
0000919   3.0043E+02 -4.5782E+00 -4.0054E+02
0000920   3.3324E+02 -2.1435E+02 -1.7849E+02
0000921   5.4688E+02 -8.8872E+01 -4.3026E+01
0000922   2.0366E+02  1.0680E+02 -1.1803E+02
0000923   2.7917E+02 -1.3944E+02  2.3489E+02
0000924   4.8513E+02  7.7758E+01  2.2069E+02
0000925   4.1541E+02 -8.3723E+01  1.4868E+02
0000926   1.2840E+02  3.5914E+01 -1.9286E+01
0000927   1.5638E+02  1.2674E+02 -1.4658E+02
0000928   3.8550E+02  3.3519E+02  2.1828E+02
0000929   2.0817E+02 -8.2683E+01  2.4353E+02
0000930   3.9490E+02 -2.3802E+01 -3.8388E+02
0000931   2.7967E+02  7.4480E+01 -1.9500E+02
0000932   6.6431E+01  7.9987E+01 -7.0372E+01
0000933   2.3606E+02 -2.3806E+01 -1.6740E+02
0000934   2.1179E+02 -6.8269E+01 -1.9057E+02
0000935   3.5829E+02 -1.0569E+02 -2.5399E+01
0000936   4.5427E+02 -1.8085E+02  1.5672E+02
0000937   3.9473E+02  1.1936E+02  1.2587E+01
0000938   1.2164E+02 -1.5724E+01  9.0720E+01
0000939   2.0658E+02  2.7610E+02  1.4229E+01
0000941   2.2470E+02 -7.8221E+00  1.2476E+02
0000942   2.3846E+02 -2.0163E+02  1.2787E+02
0000943   2.6640E+02 -1.2851E+01  1.9670E+02
0000944   1.6195E+02  1.2440E+02 -1.5467E+01
0000945   4.4781E+02  3.6530E+02  1.6736E+02
0000946   2.7620E+02  1.9748E+02 -1.8576E+02
0000947   3.6257E+02  1.0055E+01  3.9381E+01
0000948   3.8017E+02 -2.7323E+02  3.8082E+02
0000949   1.3902E+02  1.7058E+02  1.0820E+02
0000950   3.8855E+02  1.7356E+02 -3.0434E+02
0000951   4.7500E+02  1.4765E+02 -3.9919E+02
0000953   3.1921E+02  1.2574E+02  1.1774E+02
0000954   3.3549E+02 -1.9625E+02 -2.0270E+02
0000955   3.3416E+02  5.7294E+01  6.8338E+01
0000956   3.4783E+02  2.5575E+02 -1.3604E+02
0000957   3.6376E+02 -1.0953E+02  3.4772E+01
0000958   3.4787E+02 -3.1302E+01  1.1735E+02
0000959   3.6998E+01  3.3719E+01 -7.8825E+01
0000960   3.5522E+02 -6.4336E+01  7.0529E+01
0000961   3.4471E+02  2.1192E+01  5.6154E+00
0000962   5.6248E+02 -8.6404E+01  1.4010E+01
0000963   4.6892E+02 -3.5809E+01  6.7980E+01
0000964   5.3081E+02  5.7139E+00 -2.8270E+01
0000965   5.8446E+02  2.2840E+02 -9.2357E+01
0000966   3.2502E+02  6.0928E+01  2.8701E+01
0000967   3.9170E+02  1.6294E+02 -9.3550E+00
0000969   3.3928E+02 -1.1412E+02 -2.9492E+01
0000970   4.6891E+02  1.2481E+02  3.0887E+02
0000971   5.3014E+02 -2.0804E+02  1.6655E+02
0000972   2.5541E+02  6.7781E+01 -1.1149E+02
0000973   5.6543E+02  3.5720E+01  8.9813E+01
0000974   3.8753E+02  1.0407E+02 -1.5824E+02
0000975   3.4755E+02  3.7145E+01 -2.0085E+02
0000977   4.2829E+02  2.1556E+02  1.0902E+01
0000978   2.4594E+02 -8.4596E+01 -1.2553E+02
0000979   3.6935E+02 -2.1244E+02  2.7137E+02
0000980   1.6844E+02 -7.5001E+01  1.9777E+02
0000981   3.1796E+02  2.5432E+02  6.1913E+01
0000982   4.1374E+02 -4.2663E+01 -4.3239E+01
0000983   2.2822E+02  2.8513E+02 -5.3221E+01
0000984   3.8628E+02  4.6365E+00  2.5631E+02
0000985   3.7703E+02  2.4219E+02  5.4982E+01
0000986   5.0474E+02 -1.2270E+02 -1.3255E+02
0000987   3.0380E+02  6.1894E+01 -1.9967E+01
0000988   5.0384E+02 -7.2086E+01 -3.3814E+02
0000989   6.5958E+02  3.3513E+01 -3.2359E+02
0000990   1.2760E+02  4.1706E+01  1.4415E+02
0000991   1.3257E+02  1.5442E+02  1.7967E+02
0000992   1.5633E+02 -1.8431E+02  3.2011E+01
0000993   4.2414E+02  1.3662E+02 -4.6401E+02
0000994   1.5873E+02 -2.1462E+01  1.1080E+02
0000995   4.5468E+02 -4.8546E+01 -1.4477E+02
0000996   1.4612E+02  6.9195E+01 -2.2805E+02
0000997   8.7889E+01  2.0440E+02  1.3934E+02
0000998   4.2531E+02 -2.0825E+02 -8.7005E+00
0000999   4.7495E+02  1.1702E+02 -1.9379E+02
0001000   3.0729E+02 -8.2243E+01 -1.4483E+02
