============================== SRIM-2013.00 ==============================
==============================================================================
====== SRIM Outputs\RANGE_3D.txt : File of Final Ion Positions =====

Ion =  F (09)   Ion Mass= 018.9984
Energy  = 3000000.E-05 keV
Ion Angle to Surface = 00.0 degrees
==================== TARGET =======================
  Layer # 1 - None
  Layer # 1 - Bottom Depth=500000.E-01 A
  Layer # 1 - Density =0007.8700 g/cm3
  Layer # 1 -  100 % of Fe
ÍÍÍÍÍÍÍÍÍÍÍÍÍÍÍÍÍÍÍÍÍÍÍÍÍÍÍÍÍÍÍÍÍÍÍÍÍÍÍÍÍÍÍÍÍÍÍÍÍÍÍÍ
                                            
Ion       Depth  X   Lateral Y   Lateral Z  
Number    (Angstrom) (Angstrom)  (Angstrom) 
-------  ----------- ----------- -----------
0000001   4.1524E+02  2.9851E+01 -7.9268E+01
0000002   9.0401E+01 -9.1313E+01 -1.1242E+01
0000003   4.1556E+02  1.5286E+02  8.0894E+01
0000004   7.4624E+01 -2.5048E+02  1.4424E+02
0000005   2.8674E+02 -4.5588E+01 -2.9648E+01
0000006   1.7682E+02  2.5238E+02 -2.5056E+02
0000007   3.7814E+02  8.9559E+01  3.9973E+02
0000008   1.5503E+02 -2.3330E+02  2.2933E+02
0000009   2.9083E+02 -3.5476E+02  1.8085E+02
0000010   5.3307E+02  6.5329E+01 -5.5986E+01
0000011   1.4125E+02  2.6975E+02  8.1981E-01
0000012   4.8205E+01 -9.2005E+01 -9.9809E+01
0000013   1.7685E+02  1.7655E+02 -1.3630E+02
0000014   2.7792E+02  1.9744E+02 -2.2608E+02
0000015   1.1251E+02 -1.4187E+02  7.7955E+01
0000016   3.9198E+02 -2.1570E+02  1.7851E+02
0000018   2.3920E+02  1.9926E+02  8.8552E+01
0000019   2.8130E+02 -6.8548E+01 -1.5378E+02
0000020   6.4477E+02 -2.8045E+01  2.2648E+02
0000021   3.6214E+02  1.2856E+01  1.7364E+02
0000022   4.0098E+02  2.5895E+02 -5.0780E+02
0000024   1.4527E+02  1.4244E+02  3.0480E+01
0000025   8.5162E+01  1.6199E+02 -1.3100E+02
0000027   8.3055E+01 -6.2138E+01 -3.2879E+02
0000028   2.5181E+02  6.7758E+01  4.2942E+01
0000029   1.1159E+02  7.7441E+01  1.1174E+02
0000031   5.2477E+02 -4.1527E+02  7.4393E+01
0000032   6.3241E+02 -2.3100E+01  9.5862E+01
0000033   1.1164E+02  1.8776E+01 -7.3575E+01
0000034   1.1255E+02  8.7126E+01 -1.1767E+02
0000035   2.0571E+02 -1.0854E+02 -2.3745E+02
0000036   2.6424E+02  3.4337E+01  7.1188E+01
0000037   3.4055E+02 -3.1344E+02 -1.3732E+02
0000039   4.4406E+02 -2.7280E+02  1.0382E+02
0000040   2.6241E+02 -1.2201E+02  2.1248E+02
0000041   3.9810E+02  1.1948E+02 -8.7298E+01
0000042   1.0514E+02 -9.5623E+01 -1.5990E+02
0000043   3.3147E+02  5.0429E+01  5.4504E+01
0000044   3.1556E+02 -8.2318E+01 -1.6393E+02
0000045   3.2490E+02  2.2739E+02  1.6694E+02
0000046   4.0820E+02 -3.4271E+02 -1.0393E+02
0000047   1.1069E+02 -2.7375E+02  1.7971E+02
0000048   2.8349E+02  1.6756E+02  2.6748E+02
0000049   3.0566E+02  3.3499E+02 -3.8096E+01
0000050   2.5012E+02 -1.6255E+02  2.1945E+02
0000051   2.7871E+02 -3.7470E+01  2.5457E+02
0000052   2.7181E+02  1.0399E+02 -1.5019E+02
0000053   5.4260E+02  5.5974E+01  2.9278E+02
0000054   2.2004E+02 -2.0242E+02 -4.6508E+01
0000055   1.7604E+02  1.4720E+02 -2.3298E+02
0000056   1.4391E+02 -8.5548E+01 -6.1472E+01
0000057   3.7967E+02 -1.2228E+02  2.1324E+02
0000058   2.9310E+02  6.7249E+01 -4.1881E+01
0000059   2.0512E+02 -1.2233E+02 -9.0757E+01
0000060   1.5387E+02  2.6473E+02 -7.5599E+01
0000061   1.9315E+02  2.6512E+01  1.0877E+02
0000062   6.2388E+02  1.2695E+02  9.9328E+01
0000063   8.8430E+01  1.0482E+02 -4.5111E+02
0000064   3.0298E+02  1.7599E+01 -1.3963E+01
0000065   3.6802E+02 -1.8800E+02 -1.3455E+02
0000066   3.3928E+02 -4.2656E+01  4.7468E+00
0000067   6.0520E+01  1.1740E+02  2.5830E+01
0000068   4.2678E+02  1.8465E+02  4.0657E+02
0000069   2.3175E+02 -1.9184E+02 -4.5295E+01
0000070   5.2366E+02 -1.5628E+01 -4.2197E+01
0000071   4.4100E+02 -1.9219E+02 -1.5399E+02
0000072   3.0698E+02  4.1953E+02 -2.3710E+02
0000073   4.0333E+02  1.9536E+02  5.7803E+01
0000074   1.8496E+02 -1.5900E+02 -1.8647E+02
0000075   1.2707E+02  1.0431E+02 -1.0156E+02
0000076   4.0832E+02  2.3511E+02 -4.1500E+01
0000077   2.9478E+02 -3.2065E+02  4.5960E+02
0000078   1.1935E+02 -1.9378E+02  1.4372E+02
0000079   3.5053E+02 -5.8681E+01 -1.1965E+02
0000080   3.2964E+02  2.0780E+01  4.6553E+01
0000081   2.8624E+02  2.7443E+01  6.5167E+01
0000082   2.3561E+02 -3.3105E+01  2.0235E+02
0000083   6.3473E+01  1.3902E+02 -1.3120E+02
0000084   5.5125E+01  5.2900E+01 -2.2777E+01
0000085   5.9500E+02 -1.2701E+02  1.2591E+02
0000086   4.5372E+02  1.3106E+02  1.6759E+02
0000087   4.1267E+02  3.3484E+02  9.1579E+01
0000088   1.3994E+02  4.4641E+01  7.5217E+00
0000089   4.0702E+01 -6.4365E+01 -3.0209E+01
0000090   2.8709E+02  8.6595E+01 -1.7055E+02
0000091   1.3829E+02 -1.7142E+02  1.2602E+01
0000092   1.6363E+02  2.2662E+02  2.0801E+02
0000093   6.5540E+02  1.1799E+01  1.2171E+02
0000094   2.0354E+02 -1.0606E+02  3.6152E+02
0000095   4.0710E+02  1.6222E+02  1.2282E+02
0000096   1.2522E+02 -2.0769E+02  7.4504E+01
0000097   4.1147E+02  1.6614E+02 -2.1702E+02
0000099   4.8050E+02  4.6311E+00 -1.6755E+02
0000100   2.6559E+02 -2.0931E+02 -1.2086E+02
0000101   4.5723E+02  1.9090E+02  5.0516E+01
0000102   4.0874E+02 -2.2057E+02 -1.2554E+02
0000103   1.4666E+02  4.2289E+02  1.5808E+02
0000104   2.2328E+02 -3.8754E+01 -6.7838E+00
0000105   3.2566E+02 -1.6476E+02 -1.0347E+02
0000106   3.8426E+02 -6.8849E+01  2.5352E+02
0000107   1.1363E+02 -1.1367E+02 -3.8350E+00
0000108   2.3360E+02  2.8475E+02  2.6550E+02
0000109   3.1809E+02  1.4291E+01  1.5215E+02
0000110   1.3459E+02 -4.0457E+01  2.2928E+02
0000111   4.7621E+02 -1.3528E+02 -5.5510E+01
0000112   3.9962E+02  1.1697E+01  3.9637E+01
0000113   3.2061E+02  2.6009E+02 -3.0693E+02
0000114   3.0639E+02  1.2489E+02 -3.4951E+01
0000115   3.2688E+02  3.2019E+01  2.1888E+02
0000116   6.2921E+02 -1.7108E+01  6.9625E+01
0000117   2.7787E+02 -2.0566E+02 -2.0202E+02
0000118   5.2974E+02  8.6838E+01 -1.4056E+02
0000119   3.9215E+01  1.5060E+02 -1.4350E+02
0000120   2.3625E+02 -5.8885E+01  1.9165E+02
0000121   2.0166E+02  1.1974E+02 -5.2560E+02
0000122   1.4750E+02 -1.9957E+02  1.3091E+02
0000123   5.1524E+02 -9.7016E+01 -3.1614E+01
0000124   5.6535E+02 -7.3790E+01  8.1832E+01
0000126   1.6799E+02 -1.0972E+02  2.5680E+02
0000128   2.9774E+02 -4.3552E+01  2.3549E+02
0000129   3.0074E+02 -1.8771E+02 -3.0210E+02
0000130   2.4314E+02 -2.1914E+01 -1.7331E+00
0000131   3.7366E+02 -1.2393E+01  3.5313E+02
0000132   2.4482E+02 -1.5028E+02 -1.0701E+02
0000133   4.5022E+02  1.4151E+02 -1.0646E+02
0000134   2.8855E+02 -8.5927E+01 -1.5427E+02
0000135   3.0857E+02  2.0432E+02  1.6065E+02
0000136   2.7237E+02  2.0565E+02  8.4977E+01
0000137   4.3937E+02 -1.2466E+01  3.2527E+02
0000138   2.0024E+02 -1.9794E+02  1.1048E+02
0000139   4.1572E+02  2.1159E+01  6.8131E+01
0000140   3.3409E+02  8.2292E+00  1.6108E+02
0000141   4.1447E+02 -1.9961E+01  2.7316E+02
0000142   4.6124E+02  2.1420E+02  2.0284E+02
0000143   1.7253E+02 -9.6596E+01 -5.1788E+01
0000144   1.8345E+02 -1.7876E+01  8.9471E+01
0000145   2.4782E+02 -8.2397E+01  3.4034E+02
0000146   2.2672E+02  3.4969E+01  1.6495E+01
0000147   2.8403E+02 -1.6901E+01 -1.3272E+02
0000148   4.8805E+02  1.8965E+02 -8.4665E+01
0000149   4.9348E+02  1.1288E+02  1.8306E+02
0000150   2.3517E+02 -1.6693E+02  4.8918E+01
0000151   2.7116E+02 -1.2373E+02 -2.1689E+01
0000152   3.4890E+01  2.6516E+02 -2.4661E+01
0000153   2.9977E+02 -9.2077E+01  1.4707E+02
0000154   4.3299E+02  2.1689E+02 -2.4972E+02
0000155   3.8207E+02  5.1106E+01 -3.6950E+02
0000156   1.1465E+02  2.2149E+02  1.1360E+02
0000157   3.5343E+02  7.0525E+01 -4.8939E+01
0000158   3.3392E+02  2.9844E+02  1.9380E+02
0000159   2.0067E+02 -2.0740E+02 -1.9153E+02
0000160   3.7425E+02 -8.6212E+01 -1.2762E+02
0000161   2.6567E+02 -1.1681E+02 -7.2482E+01
0000162   4.1620E+02 -1.2252E+02  1.4459E+02
0000163   5.7942E+02 -1.2530E+00 -2.7799E+01
0000164   2.4383E+02  1.8998E+02 -1.0137E+02
0000165   3.2653E+02  1.0599E+02  7.3686E+01
0000166   2.4810E+02 -2.2014E+02 -1.3688E+01
0000167   3.2503E+02 -7.9942E+01 -3.3601E+02
0000168   1.6445E+02  9.8593E+01 -8.0244E+01
0000169   6.0557E+02 -1.1576E+02  2.2952E+01
0000170   3.4745E+02 -1.9507E+02 -1.9045E+02
0000171   2.9490E+02  8.5932E+01 -6.4884E+01
0000172   1.9788E+02 -4.3548E+01 -8.1194E+01
0000173   2.6166E+02 -9.1703E+01  6.5725E+01
0000174   1.7764E+01 -1.0295E+02 -3.0781E+02
0000175   1.9010E+02 -1.8158E+02 -1.7654E+02
0000176   3.7797E+02  4.9505E+01 -1.1708E+02
0000177   2.4860E+02 -5.9552E+01  1.0477E+02
0000178   2.7581E+02  1.9143E+02 -6.4036E+01
0000179   3.5504E+02 -4.6281E+01  1.2932E+00
0000180   3.9057E+02  1.1802E+01  6.4625E+01
0000181   2.7646E+02  2.5229E+01 -2.5263E+02
0000182   1.5787E+02 -3.4666E+01 -1.5251E+02
0000183   1.5527E+02  2.7917E+01  1.7336E+02
0000184   2.8134E+02  8.7906E+01 -1.3901E+02
0000185   3.0533E+02 -3.4588E+02 -4.8175E+02
0000186   3.7482E+02  1.2006E+01  8.1554E+01
0000187   5.0076E+02  1.1852E+02 -1.5611E+02
0000188   5.5512E+02  6.6770E+01  1.2556E+02
0000189   4.8319E+02  5.5774E+01 -8.9372E+01
0000190   4.4118E+02 -5.2340E+01  8.3841E+01
0000191   2.8362E+02  1.1991E+02 -1.4358E+02
0000192   4.0248E+02  8.5501E+01  2.4175E+02
0000193   2.2677E+02 -4.5754E+01 -2.5867E+01
0000194   3.5924E+02  2.0201E+02 -7.3322E+01
0000195   1.0731E+02  3.0662E+02  2.1036E+02
0000196   2.6583E+02 -2.1586E+02 -1.7613E+02
0000197   2.9702E+02  2.1178E+02 -2.2829E+02
0000198   4.5614E+02 -1.6128E+02 -2.4793E+01
0000199   2.5001E+02  2.8024E+01 -1.4437E+02
0000200   2.3790E+02 -1.2250E+02 -4.4458E+01
0000201   5.5737E+02 -3.8009E+02  1.1288E+02
0000202   5.9802E+02 -5.8746E+01  3.8405E+01
0000203   2.5777E+02  2.4845E+01 -1.2889E+02
0000204   3.6586E+02 -2.0111E+02  1.0633E+02
0000205   9.3836E+01 -1.4452E+02 -3.2871E+02
0000206   2.7017E+02 -5.9648E+00  3.8443E+02
0000207   4.7117E+02 -5.2800E+01 -1.5686E+02
0000208   3.4896E+02 -9.0964E+01  2.3229E+02
0000209   4.8959E+02 -1.0783E+02 -7.9731E+01
0000210   4.6897E+02  6.5003E+01 -3.2855E+01
0000211   3.8372E+02 -6.5628E+01 -8.0667E+00
0000212   6.0455E+02 -7.0862E+01  6.7265E+01
0000213   2.3591E+02  2.2915E+02 -2.8246E+02
0000214   3.3283E+02 -7.8531E+01  2.5797E+02
0000215   3.3525E+02  7.3242E+01 -2.0642E+02
0000216   3.9997E+02  1.0230E+02 -1.2874E+02
0000217   6.7482E+01 -1.4191E+02 -2.2136E+02
0000219   2.9969E+02  2.5783E+02 -1.1446E+02
0000220   1.6691E+02 -3.7491E+01 -8.7831E+01
0000221   2.3282E+02 -1.1332E+01  7.6715E+01
0000222   5.2215E+02 -2.7018E+02 -5.4980E+01
0000223   2.8592E+02  1.0263E+02 -5.9597E+00
0000224   2.7045E+02 -2.4607E+02  3.5615E+02
0000225   4.3813E+02 -3.8483E+02  1.7755E+02
0000226   2.9413E+02 -1.4195E+02  6.3063E+01
0000227   4.6192E+02  8.8550E+01  1.7588E+02
0000228   3.4162E+02 -5.8862E+01 -2.5457E+01
0000229   4.7238E+02 -2.2151E+02  3.2008E+02
0000230   4.2769E+02  1.7325E+02 -3.5990E+01
0000231   2.3971E+02 -1.3509E+02  4.4798E+02
0000232   1.8559E+02 -9.8690E+01  3.8441E+02
0000233   2.3540E+02  1.0540E+02  5.1472E+01
0000234   4.5565E+02  2.6680E+02  2.7431E+02
0000235   1.7236E+02  1.9337E+02 -1.9012E+02
0000236   1.2099E+01  6.3284E+01 -1.3542E+02
0000237   2.0379E+02 -1.5714E+02 -9.1664E+01
0000238   1.9782E+02  2.1395E+02 -6.5555E+01
0000239   2.8523E+02  1.6290E+02 -5.3533E+01
0000240   2.0470E+02 -2.4123E+02 -2.3464E+02
0000241   3.3949E+02  1.5895E+02 -1.2524E+02
0000242   4.9199E+02  4.7762E+01  3.1522E+01
0000243   4.6616E+02  8.1345E+01 -2.3976E+01
0000244   3.1707E+02  1.0622E+02 -2.7915E+02
0000245   3.2431E+02  7.3348E+01 -1.4951E+02
0000246   3.5456E+02 -1.4529E+02  1.1196E+02
0000247   5.3345E+02  1.9612E+02 -2.0257E+02
0000248   1.9470E+02  1.3089E+02 -2.2326E+02
0000249   1.4474E+02  6.6138E+01 -2.3288E+00
0000250   4.9658E+02  1.1691E+02  1.8813E+02
0000251   2.3674E+02  2.9640E+02  3.0689E+01
0000252   3.5976E+02 -5.6392E+01 -9.0191E+01
0000253   2.9473E+02 -2.5759E+01 -1.2581E+02
0000254   3.7651E+02  3.8267E+01 -3.8626E+02
0000255   1.9850E+02 -1.5135E+02 -3.3082E+02
0000257   3.5574E+02  1.2853E+02 -1.8166E+02
0000258   8.0712E+01  6.9491E+01  2.7310E+02
0000259   6.1721E+02 -2.8893E+02  3.8573E+02
0000260   9.6342E+01  7.7019E+01  3.2921E+00
0000261   6.5169E+01 -4.1715E+02  2.1504E+02
0000262   4.4895E+02  9.3158E+01  7.0735E+01
0000263   4.1053E+02 -6.6851E+01  2.2197E+02
0000264   1.4552E+02  2.0195E+01  3.9226E+02
0000265   9.8538E+01  1.9727E+02  1.0121E+02
0000266   2.2582E+02 -1.1807E+02  4.5802E-01
0000267   1.8350E+02 -3.6912E+02 -9.8095E+01
0000268   3.5426E+02 -1.8249E+02  8.4867E+01
0000270   3.0737E+02  6.2523E+01 -5.5803E+01
0000271   5.0498E+02  1.0787E+02  8.3552E+01
0000272   5.0222E+02 -1.8138E+02 -2.9462E+01
0000273   4.2400E+02 -1.7050E+02  2.4438E+02
0000274   3.4899E+02 -5.7288E-01 -7.1305E+01
0000275   2.5716E+02  2.7512E+01  4.4091E+01
0000276   4.2866E+02  9.3239E+01  1.2331E+02
0000277   1.1957E+02  4.5884E+01 -5.0608E+01
0000278   4.2896E+02  3.2447E+01 -2.9117E+02
0000279   3.7095E+02 -1.3286E+02  1.0495E+02
0000280   2.2182E+02 -1.2131E+02  1.3201E+01
0000281   1.0900E+02 -4.2864E+01 -2.1823E+02
0000282   3.6762E+02 -1.5685E+02  8.3459E+01
0000283   1.4046E+02  3.8638E+02  1.4043E+02
0000284   1.6095E+02 -1.5338E+01  1.5536E+02
0000285   5.5665E+02  4.6581E+00 -7.2328E+01
0000286   2.6645E+02 -1.4061E+02 -2.4172E+02
0000287   2.0459E+02  6.3860E+01  1.5461E+02
0000288   4.2544E+02 -2.3158E+01 -1.3445E+02
0000289   6.3502E+02  9.8541E+01 -1.3426E+02
0000290   2.1917E+02 -4.5055E+01 -7.1808E+01
0000291   5.1326E+02 -6.4582E+01  1.8799E+02
0000292   3.4348E+02 -1.1183E+02  1.1434E+02
0000293   6.4381E+01 -8.8502E+01  2.8355E+02
0000294   1.0234E+02 -3.2191E-01  1.9084E+02
0000295   5.0811E+02 -1.1657E+02  1.9154E+02
0000296   4.3014E+02  9.3465E+01  1.5880E+02
0000297   3.1301E+02  1.9628E+02  9.7554E+01
0000298   6.1121E+02  9.7861E+01 -9.4255E+01
0000299   5.6770E+02 -1.9611E+02 -2.0717E+00
0000300   3.0872E+02 -3.5108E+02 -1.7947E+02
0000302   2.4888E+02 -1.2207E+02  1.4393E+02
0000303   5.0632E+02 -1.9510E+02  3.0941E+02
0000304   4.6320E+02 -7.8578E+01 -2.1453E+02
0000305   5.0016E+02  2.2202E+02  1.5223E+01
0000306   5.0786E+02  7.5818E+01 -2.0230E+02
0000307   2.1010E+02  2.4079E+02 -1.3662E+02
0000308   3.0983E+02  8.5235E+01 -1.0512E+02
0000309   1.7777E+02 -1.3720E+02 -7.6278E+01
0000310   2.6167E+02 -1.9599E+02 -1.0504E+02
0000311   1.8891E+02 -2.2922E+02 -2.1485E+02
0000312   4.6372E+01  6.1058E+01  3.3507E+02
0000313   1.4521E+02  1.2404E+02  8.7689E+01
0000314   6.0226E+02 -1.1378E+01 -1.3247E+02
0000315   4.6020E+02  1.0846E+02 -1.0337E+01
0000316   2.3346E+02 -8.7360E+01  1.3145E+02
0000317   1.1377E+02 -5.2113E+01 -1.7403E+02
0000318   3.8394E+02  3.5328E+02 -2.4523E+02
0000319   4.7182E+02 -1.9144E+02 -4.3336E+01
0000320   4.3540E+02  2.5648E+02 -3.0338E+02
0000321   4.2890E+02 -9.8183E-01  3.6731E+01
0000322   3.9921E+01  3.4120E+01  1.8933E+00
0000323   3.6137E+02  1.3442E+02  9.1733E+01
0000324   1.0974E+02 -6.2201E+01 -1.6426E+02
0000325   2.7437E+02 -1.2144E+02 -2.5905E+02
0000326   1.6692E+02 -2.8766E+02  1.4896E+02
0000327   4.9798E+02 -8.5168E+01 -1.2214E+02
0000328   3.0092E+02 -2.2933E+02 -9.3586E+01
0000329   5.5307E+02  9.9165E+01  5.8467E+01
0000330   5.1204E+02  6.6849E+01 -1.1814E+02
0000331   1.4370E+02 -1.8078E+02 -5.9987E+01
0000332   2.2949E+02 -2.8537E+02 -1.1183E+02
0000333   3.0895E+02  1.2049E+02  2.1157E+02
0000334   1.2885E+02 -6.7919E+00 -6.3271E+01
0000336   1.9015E+02 -3.0680E+02 -3.6246E+01
0000337   3.7833E+02 -6.6616E+01  9.1775E+01
0000338   6.2734E+02  2.9652E+02  7.6277E+01
0000339   2.5280E+02  5.9855E+01 -9.5305E+01
0000340   1.9835E+02 -1.8729E+02  8.2818E+01
0000341   1.5344E+02  1.1815E+02  6.3721E+01
0000342   1.3285E+02  9.4382E+01  8.7400E+01
0000343   2.3216E+02 -1.4415E+02 -1.2131E+02
0000344   3.5595E+02  1.9810E+02  1.5419E+02
0000345   3.7527E+02 -8.6047E+01 -9.1798E+01
0000346   1.1668E+02  2.3818E+02 -6.7214E+01
0000347   2.6551E+02  2.6813E+02 -3.3564E+01
0000348   2.0138E+02  2.5327E+02  3.6051E+02
0000349   2.4022E+02 -1.4258E+02 -2.6186E+02
0000350   1.7651E+02 -1.6450E+02  2.0014E+02
0000351   4.4144E+02 -8.5708E+01 -1.4959E+02
0000352   3.3303E+02  4.1241E+02 -1.2530E+02
0000353   2.0213E+02  1.9158E+01  2.3108E+02
0000354   1.9615E+02  1.5995E+02  2.8924E+02
0000355   3.6047E+02  7.6446E+01  1.2698E+02
0000356   9.0690E+01  1.1455E+02 -1.5699E+02
0000357   5.0873E+02 -1.1357E+02 -4.8659E+01
0000358   5.4546E+02 -1.3391E+02  5.1253E+01
0000359   2.5946E+02 -6.4513E+01  4.6165E+01
0000360   7.5331E+02 -1.1988E+02  2.5974E+01
0000361   4.7871E+02  3.7405E+02 -2.0361E+02
0000362   3.7743E+02  1.6149E+01 -4.0597E+01
0000363   5.0265E+02 -3.6455E+02 -3.5709E+02
0000364   2.8513E+02 -2.0707E+02  2.2489E+02
0000365   4.1824E+02  3.6390E+01  2.9049E+02
0000367   4.2349E+02  3.1926E+01  1.3771E+02
0000368   3.5680E+02 -2.2994E+02  9.4247E+01
0000369   4.5429E+02  7.1203E+00 -1.6011E+02
0000371   4.2388E+02 -1.2335E+02 -1.9195E+02
0000372   2.3659E+02  7.1190E+01 -3.6309E+01
0000373   3.6465E+02  2.9076E+02 -1.8727E+01
0000374   1.6215E+02 -2.8039E+01 -2.3990E+02
0000375   1.9527E+01 -7.3757E+01 -2.6828E+02
0000376   2.9447E+02  2.1678E+02 -1.3747E+01
0000377   5.0837E+02 -9.3513E+01  2.9915E+01
0000378   2.9749E+02  2.6181E+02 -7.8488E+01
0000379   4.4526E+02 -1.0732E+02 -7.6661E+00
0000380   2.8012E+02 -4.9833E+02 -1.4781E+02
0000381   1.2741E+02  8.4861E+01 -1.8798E+00
0000382   1.8910E+02 -1.8410E+01 -2.6445E+02
0000383   2.6057E+02 -1.7216E+01 -6.6728E+01
0000384   4.2419E+02  1.2706E+02 -8.8276E+01
0000385   3.4238E+02 -2.0824E+02 -3.5330E+02
0000386   6.6807E+02  1.7179E+02  3.0627E+01
0000387   4.9288E+02  8.9854E+01  5.7537E+01
0000388   4.1057E+02 -1.2465E+02 -3.8040E+02
0000389   3.1262E+02  5.3021E+01  1.8511E+02
0000390   2.4684E+02 -1.6164E+02  2.8490E+02
0000392   3.7342E+02 -4.7326E+01 -1.0215E+01
0000393   3.4836E+02  2.5854E+02  1.3645E+02
0000394   1.6602E+02 -3.4911E+02  2.0234E+02
0000395   3.1281E+02 -2.9570E+00  5.7021E+02
0000396   1.3267E+02 -2.0485E+02  3.7853E+02
0000397   1.5194E+02  8.4664E+00  2.7469E+02
0000398   5.0798E+02 -2.8729E+01  8.4179E+01
0000399   1.8096E+02  9.0041E+00 -1.2887E+02
0000400   3.6129E+01  5.4065E+01  1.0501E+02
0000401   3.5935E+02 -8.4223E+01  1.6729E+02
0000402   1.7585E+02 -3.1632E+02  2.6947E+02
0000403   3.8417E+02 -2.0719E+02  4.2657E+01
0000404   1.5545E+02 -1.4795E+01 -8.4651E+01
0000405   1.8873E+02  3.4906E+02  2.6928E+02
0000406   1.1264E+02 -7.9010E+01  5.3953E+02
0000407   5.1428E+02  1.3198E+02  2.6466E+02
0000408   2.8163E+02  2.0970E+02 -6.5923E+01
0000409   3.0275E+02  2.5267E+01  1.0857E+02
0000410   7.0247E+01  2.9990E+02  9.4581E+01
0000411   2.8922E+02 -2.6357E+02 -1.7727E+02
0000412   3.2947E+02  2.3534E+02  7.6251E+01
0000413   7.8527E+01 -2.2447E+01 -1.0811E+02
0000414   1.3408E+02  2.2766E+01  1.1878E+02
0000415   2.4129E+02 -6.1468E+01 -8.7294E+01
0000416   3.5409E+02  1.3136E+02  2.0056E+01
0000417   2.7508E+02  2.9948E+02  3.9201E+01
0000418   4.4048E+02  2.2469E+02  6.0116E+00
0000419   3.2848E+02 -1.7956E+02 -1.3493E+02
0000420   8.4568E+01  1.0490E+01 -9.7164E+01
0000421   9.0127E+01  1.1160E+02  2.2455E+02
0000422   3.7679E+02 -1.6986E+02  4.4194E+00
0000423   4.7342E+02 -2.2590E+02 -2.3823E+02
0000424   3.5522E+02 -7.3694E+01 -4.3728E+01
0000425   5.3829E+02 -1.0493E+00  2.5479E+02
0000426   3.6765E+02 -4.0160E+01  5.4900E+01
0000428   5.3432E+02  1.6550E+02  1.4499E+02
0000429   2.5589E+02 -2.2410E+02  3.0549E+01
0000430   3.0575E+02 -2.7983E+02 -9.0738E+01
0000431   9.6297E+01 -3.9540E+01  7.6919E+01
0000432   3.3461E+02 -1.8215E+02 -3.8905E+01
0000433   2.8321E+02  1.5287E+01 -1.6336E+02
0000434   1.5591E+02 -2.6045E+02  1.8864E+02
0000435   2.1984E+02  7.4458E+01 -1.2930E+02
0000436   4.6153E+01 -4.3325E+01 -3.7530E+02
0000437   4.8893E+02 -1.7993E+02  1.7708E+02
0000438   4.6422E+02  1.4496E+01  1.2797E+02
0000439   5.5141E+02 -2.4652E+01 -2.0183E+01
0000440   5.2977E+02  1.1378E+02  1.1597E+02
0000441   2.5191E+02 -2.4924E+01  1.1712E+02
0000442   5.2670E+02 -5.6941E+00 -5.9393E+01
0000443   1.9544E+02 -1.6956E+02 -6.3860E+01
0000444   2.7865E+02  3.7181E+01 -9.9760E+01
0000445   4.8293E+02  8.0947E+01  1.2567E+02
0000446   4.2844E+02  1.4242E+02 -2.7681E+02
0000447   5.4108E+02  1.6589E+02  3.5050E+02
0000448   2.8757E+02 -2.0686E+02  1.5951E+02
0000449   5.2160E+02  1.2781E+02  2.7895E+01
0000450   6.5938E+01  7.0209E+01  1.9928E+01
0000451   1.3678E+02 -5.7977E+01 -1.7403E+02
0000452   5.5193E+02 -2.9352E+02 -8.3396E+01
0000453   2.4372E+02 -1.8431E+02  1.0379E+02
0000454   3.1022E+02  2.4944E+02  2.0660E+02
0000455   5.4459E+02  5.9254E+01 -6.1556E+01
0000456   2.9775E+02 -3.0720E+02 -1.8553E+01
0000457   9.0621E+01  3.7267E+02  1.4852E+02
0000458   3.6443E+02  1.6865E+02  2.3430E+00
0000459   4.6572E+02 -4.8148E+01  2.4225E+01
0000460   3.9001E+02  1.0125E+02 -1.5428E+01
0000461   8.1948E+01  1.5126E+02 -1.7782E+02
0000462   4.1052E+02 -1.5754E+02 -9.6864E+01
0000463   1.0669E+02  6.2512E+01 -1.1122E+02
0000464   2.6257E+02 -3.7327E+01 -1.3283E+02
0000465   6.4283E+02  1.7530E+02  6.1823E+01
0000466   3.2902E+02 -1.0539E+02 -2.7865E+02
0000467   2.2046E+02 -2.3513E+01  1.3603E+02
0000468   3.5333E+02  1.0329E+02 -1.6916E+02
0000469   4.7830E+02  3.8608E+00  2.4248E+01
0000470   6.3686E+02  1.5526E+02 -1.4766E+02
0000471   4.4296E+02  3.7342E+01  1.6984E+02
0000472   2.9385E+02 -3.4935E+02  3.3045E+02
0000473   3.6654E+02 -1.3432E+02 -5.4912E+01
0000474   7.6309E+01 -2.1590E+01  1.0796E+01
0000475   2.4935E+02 -4.5375E+01 -2.7296E+02
0000476   1.1945E+02 -3.0532E+02  1.0614E+02
0000479   2.5429E+02  2.6197E+02  8.5309E+01
0000480   4.6193E+02  1.4673E+01  4.4664E+01
0000481   3.7764E+02  1.8154E+01  2.1625E+02
0000482   2.8594E+02 -2.1956E+02  3.0822E+02
0000483   6.6243E+02 -2.0194E+02  1.4241E+02
0000485   2.8815E+02 -2.0920E+02  3.0090E+02
0000486   1.4115E+02  6.6367E+00  1.3050E+01
0000487   1.6335E+02 -1.7590E+02 -1.0574E+02
0000488   3.7506E+02  3.0443E+01  1.7100E+02
0000489   4.3192E+02  2.7123E+01  3.3606E+01
0000490   2.7389E+02  2.5403E+02 -2.2910E+02
0000491   1.2663E+02  1.4256E+02  2.0231E+02
0000493   4.8795E+02  2.5807E+02  2.6256E+02
0000494   2.2832E+02 -2.2420E+02 -1.1961E+02
0000495   5.4338E+02 -5.3135E+01  1.7626E+02
0000496   4.2658E+02  3.4614E+02 -9.1116E+01
0000498   2.5044E+02  3.0876E+00 -2.8603E+02
0000499   4.6813E+02 -4.0138E+01  1.3356E+02
0000500   3.1859E+02  3.1773E+02  9.8521E+01
0000501   3.9903E+02  1.4627E+02 -2.0882E+02
0000502   3.1181E+02  1.6694E+02 -1.3975E+02
0000504   3.8207E+01 -8.0436E+01 -4.0247E+02
0000505   9.8549E+01 -4.4642E+00 -1.0808E+02
0000506   1.2047E+02  9.0749E+01 -2.9590E+01
0000507   3.4317E+02 -3.4672E+02 -8.5391E+01
0000508   4.5738E+02 -8.1170E+01  1.8008E+02
0000509   2.0500E+02 -8.6639E+01  2.6730E+02
0000510   1.8018E+02 -1.8289E+01  3.1543E+02
0000511   2.3563E+02  1.0429E+01  1.0190E+02
0000512   3.0013E+02 -8.5187E+01 -6.5222E+00
0000513   3.9823E+02  2.1370E+02 -5.6561E+01
0000514   4.1608E+02  7.3196E+01  1.4900E+02
0000515   4.2106E+02 -7.0373E+01 -7.8385E+01
0000516   3.9819E+02 -1.4136E+02 -7.3627E+01
0000517   2.7994E+02  1.1646E+02  2.4111E+02
0000518   3.7214E+02  4.0769E+01 -2.7997E+02
0000519   2.8725E+02 -1.3640E+00 -2.5724E+01
0000520   3.1771E+02  2.1572E+02 -1.0179E+02
0000521   4.2617E+02  1.0441E+02  6.7981E+01
0000522   5.9774E+02 -5.5742E+01 -1.5099E+02
0000523   2.7439E+02  1.5862E+02 -4.5579E+01
0000524   2.1841E+02  1.7898E+02 -2.6890E+02
0000526   1.8811E+02  9.1337E+01 -2.1884E+02
0000527   3.8916E+02 -1.8333E+02  1.7622E+02
0000528   1.0469E+02  5.6340E+01 -8.2414E+01
0000530   4.5019E+02 -6.2677E+01  4.3724E+02
0000531   2.4097E+02 -1.2968E+02 -7.0201E+01
0000532   1.7433E+02 -3.3801E+01 -2.1614E+02
0000533   8.2114E+01 -1.0215E+02  1.4029E+02
0000534   3.3239E+02 -1.7073E+02 -1.4118E+02
0000535   4.0941E+02  8.7731E+01  2.8858E+02
0000536   3.4347E+02 -9.0955E+01 -2.4061E+02
0000537   2.9319E+01  2.6082E+02  1.0253E+02
0000538   3.5807E+02  4.0804E+02  2.2397E-01
0000539   6.4510E+02  5.3602E+01 -1.2159E+02
0000540   5.3733E+02  5.9396E+01 -2.0870E+02
0000541   2.7479E+02  2.5494E+02 -1.8556E+00
0000542   7.8885E+02 -4.7170E+01 -1.2440E+02
0000544   2.7026E+02 -6.6613E+01 -3.8936E+02
0000545   2.6345E+02 -1.3982E+02 -1.3046E+02
0000546   2.1819E+02 -1.0198E+02  1.8534E+02
0000547   2.5789E+02  1.8768E+02 -5.0528E+02
0000548   5.0888E+02  1.8975E+01 -4.8610E+01
0000549   1.0804E+02  1.9332E+02 -2.2085E+02
0000550   4.3852E+02 -4.9063E+02 -1.0131E+02
0000551   2.4894E+02  1.0706E+01 -3.2126E+01
0000552   2.3157E+02 -1.2381E+02 -1.2695E+02
0000553   2.9433E+02 -1.5602E+02 -9.9383E+01
0000555   4.7777E+02 -4.0647E+02 -1.6541E+01
0000556   1.1085E+02 -1.8919E+02  3.7623E+01
0000557   4.1446E+02 -5.9449E+01  1.9855E+01
0000559   1.2328E+02 -3.1190E+02  2.6435E+02
0000560   9.1304E+01  7.6835E+01  1.4538E+02
0000562   4.0852E+02  1.9421E+02  9.8345E+01
0000563   5.2456E+02  1.2530E+02  2.5495E+02
0000564   5.1353E+02  2.5652E+02 -4.4937E+01
0000565   5.1453E+02  1.1237E+02  3.2611E+02
0000566   3.6811E+02 -2.1002E+02  4.7083E+02
0000567   3.3720E+02  2.0207E+02 -7.2209E+01
0000568   1.3991E+02  3.8425E+01 -8.5839E+01
0000569   5.3409E+02 -2.0017E+02 -4.3285E+02
0000570   1.6317E+02  1.7360E+02  5.7862E+01
0000571   4.8369E+02 -2.3720E+01 -2.3057E+02
0000572   4.8246E+02 -1.9230E+02  4.3038E+01
0000573   5.4290E+02  2.8592E+00 -1.2301E+02
0000574   4.3728E+02  9.8384E+00 -6.6955E+01
0000575   3.1845E+02 -1.8229E+02 -2.0723E+02
0000576   2.9062E+02  6.3587E+01  2.2772E+02
0000577   4.4722E+02  1.2720E+02 -2.6591E+02
0000578   3.9120E+02 -2.9600E+02 -2.0590E+02
0000579   3.4181E+02 -1.0666E+01 -3.1833E+02
0000580   6.9521E+01  1.3145E+02 -7.5098E+01
0000581   2.2518E+02 -2.2912E+02  7.8131E+01
0000582   2.5814E+02  4.4002E+01 -2.6553E+02
0000583   3.1796E+02 -2.9003E+02 -2.9614E+02
0000584   3.7728E+02 -1.3991E+02 -1.2651E+02
0000585   4.2532E+02 -8.2694E+01 -9.6703E+01
0000587   2.5868E+02  3.6270E+01 -2.8528E+02
0000588   5.0887E+02  1.0558E+02 -3.3834E+00
0000589   5.9206E+02  7.9746E+01  2.0954E+02
0000590   2.1343E+02  1.4451E+02  4.0505E+02
0000591   2.9672E+02 -2.3603E+02  1.0467E+02
0000592   5.2714E+02  1.8908E+02 -3.8653E+01
0000593   2.5655E+02  1.8635E+01  2.5878E+02
0000594   7.3525E+01  7.4848E+02 -3.2730E+02
0000595   1.7278E+02  2.3396E+01 -1.5674E+01
0000596   2.3348E+02 -3.2386E+02  1.8874E+02
0000598   1.9209E+02  6.2792E+01  3.3901E+02
0000599   3.8120E+02 -2.8496E+01  2.1530E+02
0000600   1.6250E+02  1.8684E+02 -2.8443E+01
0000601   3.6374E+02 -4.6837E+01  1.4599E+02
0000602   1.2339E+01  1.8021E+02 -1.5129E+02
0000603   6.2363E+02  1.3961E+02  1.0413E+02
0000604   6.7968E+02  2.4174E+01 -1.0397E+02
0000605   4.3592E+02 -2.4746E+02 -1.2635E+02
0000606   3.5239E+02 -1.1764E+02  2.8901E+01
0000608   4.2264E+02 -4.7445E+01  2.0147E+02
0000609   7.5882E+01  1.8354E+02  2.8742E+01
0000610   3.4406E+02 -1.5474E+02 -1.7500E+02
0000611   3.2836E+02 -3.4289E+01  1.1198E+02
0000612   5.4018E+02  5.5196E+01  2.4746E+02
0000613   3.5587E+02 -1.1154E+02  1.7793E+02
0000614   3.2064E+02 -3.2960E+02  5.6655E+01
0000615   1.7404E+02 -2.0086E+02 -8.9284E+01
0000616   1.4037E+01 -2.3175E+02 -1.3256E+02
0000617   3.1792E+02 -1.7075E+02 -6.3745E+01
0000619   2.9629E+02 -8.4060E+00 -1.0829E+02
0000620   3.2228E+02 -1.9810E+02 -9.4603E+01
0000621   1.5276E+02  6.8367E+01 -1.0076E+02
0000622   1.0033E+01  8.2560E+01  1.7247E+02
0000623   3.2599E+02  1.2637E+02 -2.4415E+02
0000624   3.3580E+02  3.2168E+02 -2.0115E+02
0000625   4.2231E+02 -1.9766E+02  2.0019E+00
0000626   2.7493E+02 -2.6441E+02 -8.3324E+01
0000628   4.1700E+02  3.1378E+02  5.2478E+01
0000629   3.3308E+02  4.4562E+00 -4.5681E+01
0000630   5.1720E+02 -4.8021E+01 -9.4262E+01
0000631   2.4379E+02 -1.0883E+02  5.5404E+01
0000632   1.7938E+01  4.2226E+01 -2.5836E+01
0000633   5.4089E+02 -4.6812E+01  1.0003E+02
0000634   2.7475E+02  7.8104E+01  5.5631E+01
0000635   3.1873E+02 -1.5482E+02 -3.9187E+01
0000636   4.9176E+02  7.9329E+01 -1.4173E+02
0000637   3.4669E+02 -1.4891E+02  9.1958E+01
0000638   2.0569E+02 -3.3995E+02 -1.3205E+02
0000639   1.9481E+02  2.4739E+02  5.9440E+01
0000640   3.4031E+02 -8.0233E+01  3.2499E+00
0000641   2.9423E+02  2.2984E+02  1.8683E+02
0000642   3.6386E+02  2.3575E+02  1.3879E+02
0000643   3.9257E+02 -1.2692E+02  1.4963E+01
0000644   2.8202E+02  1.3924E+02 -2.5190E+02
0000645   2.9736E+02  8.7775E+01 -2.2890E+02
0000646   1.9840E+02 -1.2952E+00  2.0080E+02
0000647   2.9233E+02  1.2539E+02 -1.9577E+02
0000648   3.9679E+02 -3.4934E+01  2.1844E+02
0000649   3.9572E+02 -2.3257E+01  1.2321E+02
0000650   3.6456E+02  9.1164E+00 -9.3785E+00
0000651   3.9220E+02  2.5320E+02  4.1635E+02
0000652   1.8748E+02 -5.7408E+01 -7.4640E+01
0000653   4.8972E+02  7.5258E+01 -9.3129E+01
0000654   2.0439E+02 -1.3689E+02  2.9946E+02
0000655   2.5870E+02 -1.9915E+02 -1.0071E+01
0000656   3.7023E+02  8.5690E+01 -6.7726E+01
0000657   2.2341E+02 -4.7809E+00 -5.4395E+01
0000658   2.7105E+01  3.3128E+01 -2.9944E+02
0000659   2.8965E+02 -2.2956E+02  2.7187E+02
0000660   3.5014E+02  6.5829E+01 -9.8619E+01
0000661   4.5529E+02 -7.4800E+01 -1.5189E+02
0000662   2.8699E+02 -9.6613E+00  2.9834E+01
0000663   1.4987E+02  1.1669E+02  1.4641E+02
0000664   1.8700E+02  1.4646E+02  2.3385E+00
0000665   4.1961E+02  3.7646E+01  1.4792E+02
0000666   6.1316E+02  1.4595E+02 -1.9526E+02
0000667   1.4363E+02  3.3713E+02 -4.9288E+01
0000668   1.0511E+02 -1.3764E+02 -2.0585E+02
0000669   4.1990E+02 -3.9922E+02  2.9235E+02
0000670   3.9120E+02 -9.3924E+01  5.7630E+01
0000671   3.4491E+02  2.5124E+02  1.1740E+02
0000672   9.2796E+01  2.8372E+01 -2.8270E+02
0000673   2.4205E+02 -4.4774E+01 -3.9110E+02
0000674   1.7193E+02  1.6780E+02 -7.7084E+01
0000675   6.4225E+02 -5.1056E+01 -8.4727E+01
0000676   2.2316E+02  9.6399E+01  1.7250E+02
0000677   7.5267E+01 -9.5141E+01 -5.3499E+01
0000678   1.2441E+02 -1.5258E+02 -3.0289E+01
0000679   1.8160E+02  1.7451E+02 -8.8463E+01
0000680   1.6450E+02 -1.8979E+02 -1.9327E+02
0000681   4.0775E+02 -1.1015E+02  1.9319E+02
0000685   4.2451E+02  3.2621E+00 -6.7811E+01
0000686   1.1909E+02  6.6109E+00  1.5240E+02
0000687   5.1443E+02 -2.0802E+02  2.0133E+01
0000688   3.0436E+02  2.7924E+02 -5.6206E+02
0000689   1.1055E+02 -1.1965E+02 -9.6330E+01
0000690   2.9557E+02 -9.3571E+01  3.7337E+02
0000691   4.5583E+02 -1.8358E+02  6.4504E+01
0000692   1.2947E+02  2.0434E+01 -8.5595E+01
0000693   4.3861E+02 -2.7965E+02 -1.2870E+02
0000694   6.0810E+02 -1.6450E+02  7.6185E+01
0000695   1.5369E+02 -7.1984E+01 -1.1617E+02
0000696   1.2538E+01  1.4579E+01  1.4012E+01
0000697   1.3072E+02  6.8274E+01  1.9659E+02
0000698   3.6904E+02 -1.7366E+02  1.1631E+02
0000699   5.0601E+02  5.7730E+01 -5.8010E+01
0000700   2.5894E+02 -1.1384E+02  6.1674E+01
0000701   2.8580E+02 -1.5332E+02  1.7347E+02
0000702   4.0990E+02 -3.7084E+02 -1.0221E+02
0000703   3.8526E+02 -7.0614E+01 -4.7632E+01
0000704   2.3483E+02 -5.1518E+01  1.8961E+02
0000705   2.6612E+02  2.0448E+02 -1.1954E+02
0000706   5.0966E+01 -3.5150E+02  1.7110E+02
0000707   3.6587E+02 -7.0756E+01 -1.5399E+02
0000709   4.0394E+02 -1.1858E+02 -1.2100E+02
0000710   4.5069E+02 -8.5842E+01 -1.5404E+02
0000711   1.5805E+02 -1.8997E+02  1.8346E+02
0000712   3.6488E+02 -3.1687E+01  1.9052E+02
0000713   3.0480E+02  1.2341E+02 -6.2576E+01
0000714   2.0819E+02 -4.8005E+01  1.1506E+02
0000715   2.2422E+02  3.2648E+02  1.1279E+02
0000716   3.0547E+02  1.6134E+01 -4.1787E+01
0000717   9.1834E+01 -3.8283E+02 -3.5786E+02
0000718   7.6694E+01  1.8394E+02  2.3566E+02
0000719   2.5695E+02 -2.7459E+02  1.2317E+02
0000720   6.1605E+02 -4.8749E+01 -1.8129E+01
0000721   3.5341E+02  1.5671E+01  3.5714E+02
0000723   4.9250E+02 -4.6081E+00  1.5086E+02
0000724   3.6412E+02  2.3362E+01  9.8665E+01
0000725   4.5049E+02  5.2246E+01  3.8767E+01
0000726   2.5634E+02 -4.9965E+01 -2.4494E+02
0000727   2.8378E+02  2.2804E+02  2.4690E+01
0000728   2.2168E+02 -1.4324E+02  7.9072E+01
0000729   2.8820E+02  7.6059E+01  2.7561E+02
0000730   3.8176E+02 -9.6235E+01  1.4768E+02
0000731   3.7048E+02 -7.6580E+01  7.0958E-01
0000732   5.7773E+02  2.4383E+02  1.4617E+02
0000733   2.3181E+02  1.9362E+02  3.0179E+01
0000734   3.4101E+02 -6.9979E+01  3.8711E+00
0000735   2.3950E+02 -1.0168E+02  3.7163E+01
0000736   2.3534E+02 -2.1190E+01  1.0475E+02
0000737   3.1781E+02  2.1507E+02 -3.1292E+02
0000738   2.3239E+02  3.5194E+02  6.2253E+01
0000739   2.4298E+02 -1.7635E+01  1.0759E+02
0000741   3.0938E+02 -2.4701E+02 -3.2506E+02
0000742   3.1896E+02  1.4071E+02  1.0453E+02
0000744   5.0101E+02 -1.2453E+02  4.1921E+01
0000745   5.0265E+02  5.7172E+01 -1.9336E+01
0000746   1.8414E+02  1.1008E+02 -1.7840E+01
0000747   1.4993E+02 -2.4253E+02  2.9565E+01
0000748   4.5537E+02  1.9319E+01 -3.2637E+01
0000749   1.9714E+02  9.3147E+01  1.6862E+02
0000750   2.2540E+02  6.6319E+01  1.1493E+02
0000751   1.9924E+02  1.5202E+02  2.6088E+02
0000752   1.0415E+02  3.4535E+01  6.6973E+01
0000753   3.1700E+02  2.2958E+02  1.1898E+02
0000754   3.0651E+02 -2.4143E+02  8.0236E+01
0000755   4.8008E+02 -1.8560E+02 -1.2903E+02
0000757   4.2517E+02 -3.0100E+02 -5.6714E+01
0000758   3.0258E+02 -8.3787E+01 -2.3529E+01
0000759   5.0260E+02  1.4582E+02  2.2044E+02
0000760   2.5086E+02  3.0932E+02 -1.4166E+01
0000761   7.2225E+01  2.9528E+01  3.1418E+02
0000762   1.6849E+02  4.5242E+02 -5.2955E+02
0000763   1.9826E+02  5.7226E+00  1.3076E+01
0000764   5.4233E+01 -2.5723E+02 -2.4770E+02
0000765   2.0255E+02  3.4651E+02  2.2582E+02
0000766   1.9893E+02  3.7945E+02  3.0583E+02
0000767   3.6448E+02  5.1694E+01 -2.0653E+01
0000768   1.4550E+02 -5.1293E+01  2.1562E+02
0000769   2.9042E+02  4.1823E+01 -7.0248E+00
0000770   8.7295E+01  1.4700E+01  3.0782E+02
0000771   5.8430E+02 -2.8498E+02 -3.7708E+02
0000772   1.2639E+02  2.7505E+02  1.1879E+02
0000773   2.0767E+02  1.6433E+02  1.5568E+02
0000774   2.1687E+02 -2.5992E+01 -3.2698E+01
0000775   6.3991E+02  2.2595E+02 -7.4392E+01
0000776   3.4856E+02  2.7089E+01  3.2953E+02
0000777   3.9695E+02  3.3975E+02 -2.4650E+02
0000778   2.3769E+02  1.1148E+02 -2.2485E+02
0000779   7.4820E+02 -2.2235E+02  1.8239E+02
0000780   2.6617E+02  6.8581E+01 -1.9668E+02
0000781   2.0930E+02  3.0473E+02  2.2868E+02
0000782   2.8325E+02 -7.4465E+01  1.0573E+01
0000784   3.9077E+02 -2.0323E+02  8.7701E+01
0000785   4.3666E+02 -4.4558E+00  1.1374E+02
0000786   1.4258E+02 -1.4940E+02  2.1697E+02
0000787   4.1831E+02 -2.3330E+02 -2.3737E+01
0000788   3.2375E+02 -1.1565E+02  2.1573E+02
0000789   1.5009E+02 -5.9914E+01  2.2391E+02
0000790   4.5649E+02 -1.1461E+01 -6.1285E+01
0000791   1.9864E+02 -1.4793E+02 -3.7599E+02
0000792   2.9647E+02  2.4307E+02  7.6442E+01
0000793   3.2054E+02 -1.3198E+02  4.5838E+01
0000794   2.3127E+02  8.7521E+01 -6.1617E+01
0000795   2.3201E+02 -2.1113E+02 -1.0192E+01
0000796   3.8848E+02  7.8658E+01 -2.1274E+02
0000797   1.9928E+02 -8.4438E+01 -1.9869E+02
0000798   5.1900E+02  2.1412E+02  7.8577E+01
0000799   3.8416E+02 -3.8809E+01  1.6155E+02
0000800   3.2475E+02  9.4135E+01 -2.5742E+02
0000801   4.0273E+02 -3.7432E+00 -1.6044E+02
0000802   2.3224E+01  7.3683E+01 -1.3321E+02
0000803   1.9115E+02 -1.4077E+02 -4.8671E+01
0000804   6.8008E+01  2.4570E+02  8.9350E+01
0000805   2.0235E+02 -1.2561E+02 -7.9823E+01
0000806   9.8763E+01  1.7501E+02  2.7566E+02
0000807   4.7454E+02  3.0215E+02 -7.4364E+01
0000808   4.5302E+02  2.7896E+02 -2.5415E+02
0000809   1.9035E+02  8.4140E+01 -2.5282E+02
0000810   5.6878E+02  8.0131E+01 -1.6547E+02
0000811   3.7089E+02  8.9482E+01  5.0063E+01
0000812   4.1191E+02  1.5830E+02  8.4948E+01
0000813   2.2086E+02 -4.1346E+02 -1.6543E+02
0000814   1.9621E+02  7.1816E+01 -1.9020E+02
0000815   5.0972E+01  6.0723E+01 -4.7343E+01
0000816   5.2688E+02 -1.5092E+02 -2.6140E+01
0000817   2.5500E+02  1.8941E+01  3.4098E+01
0000818   4.6129E+02  2.3385E+02 -2.3762E+01
0000819   7.3966E+01  7.1275E+01  3.0432E+02
0000820   6.1240E+02 -2.0705E+02  1.1946E+02
0000821   2.9928E+02 -1.8308E+02 -7.8853E+01
0000822   1.6075E+02  9.6023E+01  1.7663E+02
0000823   5.3130E+02  2.2473E+02  2.2223E+02
0000824   1.2931E+01  1.5397E+02  9.4992E+01
0000825   1.7100E+02 -5.2191E+01 -3.2545E+02
0000826   1.2786E+02 -5.4561E+01  2.1618E+02
0000827   1.7801E+02 -1.2669E+02 -4.5013E+01
0000828   4.5000E+02 -8.9052E+01 -1.8211E+01
0000829   5.7075E+02 -2.1679E+02  7.5618E+01
0000830   7.7441E+01 -2.9313E+01  2.1508E+02
0000832   4.2025E+02 -1.7964E+02 -3.2877E+01
0000834   3.2153E+02 -1.8218E+02  3.5125E+02
0000835   3.3174E+02 -9.0402E+01 -5.1602E+01
0000836   3.2276E+02 -2.1381E+02  1.9407E+02
0000837   4.6835E+02 -3.9686E+01 -2.2747E+02
0000838   7.5386E+01  3.7591E+01  1.8675E+01
0000839   5.2790E+02  1.0059E+02  1.5911E+02
0000840   5.1174E+02 -1.7349E+02  2.0651E+02
0000841   1.9267E+02 -2.4230E+01 -6.6163E+01
0000842   3.4986E+02 -1.2053E+02  2.3955E+02
0000843   5.5229E+02  1.0245E+02  5.5616E+00
0000844   2.4994E+02 -9.4164E+01 -5.2594E+01
0000845   6.0186E+02 -6.6182E+01  1.1877E+02
0000846   2.9580E+02  2.4168E+02  1.1193E+02
0000847   3.1023E+02 -2.4088E+01  3.2081E+02
0000848   4.8231E+02 -1.3655E+02  1.0037E+02
0000849   1.1823E+02  2.0568E+02 -1.2965E+02
0000850   3.2220E+02 -2.1786E+02 -3.7467E+02
0000851   1.9049E+02 -4.3910E+01 -3.2366E+01
0000852   2.2887E+02 -2.0692E+02 -3.2232E+01
0000853   1.2335E+02  1.4124E+02 -3.4880E+01
0000854   1.8415E+02 -2.9104E+02 -3.8150E+02
0000855   3.4073E+02 -3.0016E+02 -1.4522E+02
0000856   2.5760E+02  2.7721E+02  4.8812E+01
0000857   2.4248E+02  8.5190E+00 -5.2335E+01
0000858   3.6200E+02 -9.9043E+01  6.0275E+01
0000859   3.0631E+02 -5.6699E+01 -5.8288E+01
0000860   1.4014E+02  4.9254E+02 -1.4447E+02
0000861   1.6316E+02 -1.2773E+02 -1.4857E+01
0000862   3.3377E+02  2.2814E+02 -1.9033E+02
0000863   2.7575E+02  2.3929E+02  1.3146E+02
0000864   1.9533E+02 -2.1400E+02 -1.0767E+02
0000865   4.2687E+02  2.2929E+02  7.8832E+01
0000866   7.3192E+02  3.6596E+02  1.6969E+02
0000867   4.8810E+02  1.4897E+01 -2.4109E+02
0000868   3.5216E+02 -2.2996E+01  2.4819E+02
0000869   6.6793E+02  1.2161E+02 -2.2032E+02
0000870   4.8629E+02 -8.9433E+01  1.8264E+01
0000871   4.0033E+02 -1.0030E+01 -4.1835E+01
0000872   2.9120E+02 -2.9489E+01  3.4872E+02
0000873   2.7653E+02  1.1558E+02  1.3819E+02
0000874   1.4565E+02  8.0257E+01 -1.4903E+02
0000875   2.1161E+01 -2.2711E+02  7.6248E+01
0000876   2.6381E+02 -1.7554E+01 -3.6875E+02
0000877   1.4910E+02  1.9595E+02  2.6302E+01
0000878   7.6430E+02 -1.5051E+02 -7.9664E+01
0000879   4.5250E+02 -1.2012E+01  2.4407E+02
0000880   1.1701E+02  2.9771E+02  3.5271E+01
0000881   6.2810E+02  4.9256E+01 -8.0189E+01
0000882   4.2161E+02  7.6519E+01  7.2779E+01
0000883   9.7744E+01  3.5517E+02 -2.0911E+02
0000884   1.9083E+02  1.8342E+02  8.3586E+01
0000885   1.6382E+02 -1.3573E+01 -7.7320E+01
0000886   1.9368E+02 -1.4870E+02 -4.9864E+01
0000887   2.7398E+02 -1.0452E+02  5.2928E+01
0000888   2.7708E+02 -1.2023E+02  2.8478E+02
0000889   1.3410E+02 -1.2114E+02  1.1915E+02
0000890   6.4486E+02  6.5822E+01  6.4152E+01
0000891   2.3893E+02  1.0206E+02 -3.4188E+02
0000892   1.5970E+02  6.5129E+01  2.2229E+02
0000893   3.9480E+02 -1.3969E+02  6.2229E-02
0000894   4.1794E+02 -2.6864E+01  1.0318E+02
0000895   3.6094E+02 -3.0820E+01  1.0913E+02
0000896   3.5332E+02 -1.6142E+01  2.1485E+02
0000897   8.4528E+01 -1.7152E+02  1.1813E+02
0000898   3.6010E+01  1.0511E+02  1.4240E+02
0000899   5.1552E+02 -1.8664E+02  6.1384E+01
0000900   1.0068E+02 -8.0562E+01 -4.8572E+01
0000901   9.5532E+01 -2.1296E+02 -2.5844E+02
0000902   2.8650E+02 -2.8436E+02 -3.2848E+01
0000903   5.4987E+01  3.0959E+02  2.5168E+02
0000904   1.4840E+02  1.8276E+02 -4.9576E+02
0000905   4.5084E+02  2.2952E+01  2.7199E+02
0000906   3.6509E+02  1.7203E+02 -1.9126E+02
0000907   5.0740E+01 -1.1850E+02  1.4736E+02
0000908   3.1606E+02  2.5094E+01  1.8755E+02
0000909   1.9153E+02 -8.5879E+01  2.5490E+02
0000910   2.2616E+02 -1.6011E+02  7.2108E+01
0000911   3.4295E+02 -2.1810E+02  6.2774E+01
0000912   4.2926E+02 -6.9919E+01 -2.9922E+02
0000913   5.7917E+01  5.4576E+00  5.5497E+01
0000914   1.5087E+02 -5.1094E+01  3.4923E+02
0000916   2.7109E+02 -1.6279E+02 -1.2095E+02
0000917   9.3456E+01 -6.2555E+01  6.3996E+01
0000918   3.6475E+02  1.9293E+02 -8.0887E+01
0000919   5.7936E+02  8.3678E+01 -1.9995E+02
0000920   2.9397E+02  6.8758E+01  1.4907E+02
0000921   2.0043E+02  8.6297E+01 -7.9548E+01
0000922   2.5554E+02 -7.0152E+01 -1.5011E+02
0000923   1.8774E+02 -9.3604E+01 -1.2330E+01
0000924   4.6301E+02  2.0755E+02 -1.9227E+02
0000925   1.4321E+01 -1.7271E+02  4.0355E+02
0000926   6.7310E+02 -1.3078E+02  1.1626E+02
0000927   2.9774E+02  8.0953E+01 -2.6128E+01
0000928   3.1944E+02 -4.6776E+01  2.3447E+02
0000929   2.3503E+02  2.5989E+02  5.1347E+01
0000930   4.4758E+02 -1.8308E+02  2.7163E+01
0000931   1.5473E+02  2.9853E+02  2.3712E+02
0000933   3.7391E+02 -6.4516E+01  1.3319E+02
0000934   1.5054E+02  3.0686E+02 -2.6838E+02
0000935   1.2250E+02 -1.6713E+02 -9.9260E+01
0000936   3.6732E+02  2.3600E+02 -9.0064E+01
0000937   2.3433E+02 -1.0912E+02  9.0015E+01
0000938   2.8413E+02 -2.5892E+02 -6.5009E+01
0000939   1.1858E+02  2.2940E+01  1.3608E+02
0000940   3.1376E+02 -6.6116E+00 -4.2519E+01
0000941   3.2900E+02  5.1142E+01 -1.4710E+02
0000942   2.6087E+02 -1.6117E+02 -1.7650E+02
0000943   1.1822E+02  1.8755E+02  2.0530E+02
0000944   4.6411E+02 -9.5614E+01 -1.6859E+02
0000945   1.3908E+02  1.1766E+02  4.4836E+01
0000946   3.3708E+02 -9.9656E+00  1.3277E+02
0000947   7.4955E+01  9.8691E+01  1.1541E+02
0000949   2.1413E+02 -1.4640E+02  2.7989E+02
0000950   4.0417E+02 -2.1374E+02  1.2106E+02
0000951   3.7869E+02 -1.0658E+02 -3.7715E+02
0000952   2.2407E+01  1.2714E+02  8.3778E+01
0000953   1.5943E+02 -1.0228E+02 -1.3566E+01
0000954   2.8307E+02  1.0053E+01 -2.8442E+01
0000955   2.5333E+02 -2.2441E+02  2.1109E+02
0000956   2.4224E+02  1.1850E+02  1.3976E+02
0000957   5.1953E+02  1.2694E+02 -2.1803E+02
0000958   2.8848E+02  2.2725E+02 -7.9537E+01
0000959   2.5303E+02  1.1815E+02 -2.2423E+02
0000960   3.2502E+02 -1.6074E+02 -6.6238E+01
0000961   5.4080E+02  2.0051E+02 -5.2103E+01
0000962   2.2145E+02  2.0467E+02 -1.3349E+00
0000963   4.4565E+02 -7.9018E+01 -2.1837E+02
0000964   1.0597E+02 -1.6309E+02 -6.7113E+01
0000965   2.7641E+02  1.7810E+02 -7.3336E+01
0000967   2.5445E+02 -1.4618E+02  1.5900E+02
0000968   4.4742E+02 -4.9953E+01 -3.8317E+02
0000969   1.8626E+02  9.6559E+01  1.0410E+02
0000970   4.1318E+02 -2.7099E+02  3.2208E+02
0000971   4.1491E+02  2.3625E+00 -1.2267E+02
0000972   3.3630E+02 -6.8164E+01  1.0373E+02
0000973   5.0821E+02 -2.2807E+02  2.5718E+01
0000974   2.2600E+02  3.6363E+01  4.3865E+01
0000975   6.0578E+02 -1.7379E+02 -1.5393E+02
0000976   4.6271E+02  7.5942E+01 -2.2482E+01
0000977   2.9305E+02  2.8697E+02 -1.2294E+02
0000978   2.3048E+02  9.4161E+00 -5.3429E+01
0000979   4.2396E+02  1.5575E+02  8.7731E+01
0000980   3.6765E+02  1.1056E+02  2.2380E+02
0000981   1.2128E+02 -3.7295E+01 -1.3098E+02
0000982   1.1774E+02 -3.3742E+02  1.1626E+02
0000983   4.1414E+02  2.8292E+02  1.2434E+02
0000984   7.3924E+01  6.6740E+01 -4.3251E+01
0000985   4.2586E+02  4.5322E+01 -6.7221E+01
0000986   1.5725E+02  2.6538E+01 -6.1124E+01
0000987   1.1378E+02 -7.7365E+01  4.4019E+01
0000988   3.6719E+02  1.3490E+02 -5.1160E+01
0000990   7.8320E+01 -3.8375E+02  1.5960E+02
0000993   5.4335E+02 -1.1137E+02  1.2107E+02
0000994   5.3653E+02  2.1119E+02 -5.0559E+01
0000995   2.2027E+02  6.5497E+01 -1.4260E+02
0000996   5.8460E+02  2.0749E+02 -9.3527E+01
0000997   5.5970E+02  2.7084E+01 -1.6059E+02
0000998   4.3969E+02 -2.0615E+02  4.3620E+01
0000999   5.0230E+02  2.2445E+02 -4.4848E+01
0001000   9.3549E+01 -6.6834E+01 -1.3719E+01
