============================== SRIM-2013.00 ==============================
==============================================================================
====== SRIM Outputs\RANGE_3D.txt : File of Final Ion Positions =====

Ion =  F (09)   Ion Mass= 018.9984
Energy  = 3000000.E-05 keV
Ion Angle to Surface = 00.0 degrees
==================== TARGET =======================
  Layer # 1 - None
  Layer # 1 - Bottom Depth=500000.E-01 A
  Layer # 1 - Density =0007.8700 g/cm3
  Layer # 1 -  100 % of Fe
ÍÍÍÍÍÍÍÍÍÍÍÍÍÍÍÍÍÍÍÍÍÍÍÍÍÍÍÍÍÍÍÍÍÍÍÍÍÍÍÍÍÍÍÍÍÍÍÍÍÍÍÍ
                                            
Ion       Depth  X   Lateral Y   Lateral Z  
Number    (Angstrom) (Angstrom)  (Angstrom) 
-------  ----------- ----------- -----------
0000001   2.2690E+02  1.9952E+02  2.4569E+02
0000002   1.4757E+02 -1.3201E+02 -3.9964E+02
0000003   1.6744E+02  1.5338E+02 -7.2075E+01
0000004   3.1741E+02 -2.0773E+02  1.6705E+01
0000005   4.4990E+02  3.9168E+00 -1.9897E+02
0000006   4.0791E+02 -2.2495E+02 -1.3544E+02
0000007   2.3397E+02 -1.4098E+02 -8.4357E+01
0000008   3.6885E+02  1.0149E+02  1.3350E+02
0000009   4.2795E+01 -5.5889E+01  1.0367E+02
0000010   3.5488E+02 -1.4145E+02 -1.4945E+01
0000011   3.1631E+02  4.2930E+01  7.1709E+01
0000012   3.7637E+02 -9.3819E+01 -3.6676E+02
0000014   1.8063E+02  1.7689E+02  1.0974E+02
0000016   4.8859E+01  5.5703E+01 -2.6150E+01
0000017   3.8167E+02  1.1188E+02  5.8304E+01
0000018   2.3938E+02 -2.8030E+02 -3.4521E+02
0000019   3.6191E+02  5.8252E+00  2.6340E+02
0000020   4.3809E+02 -2.7163E+02  3.9340E+01
0000021   3.6159E+02  4.7634E+01 -1.2834E+01
0000022   1.8320E+02  3.1259E+02  5.6906E+01
0000023   3.1053E+02  2.1780E+02 -1.8601E+02
0000024   6.9950E+02  1.0481E+02 -1.6467E+02
0000025   5.1081E+01  2.1476E+02 -1.0353E+02
0000026   1.7954E+02  9.7662E+01 -1.8526E+02
0000027   2.1392E+02 -1.6711E+02  8.9429E+01
0000028   1.4348E+02  1.0699E+02  1.8311E+02
0000029   4.3279E+02 -1.1642E+02 -1.5247E+02
0000030   3.4600E+02  1.7877E+02  5.9799E+01
0000031   4.5331E+01 -1.3275E+02 -1.2924E+02
0000032   6.5842E+02 -3.8993E+01  2.8652E+02
0000033   3.2386E+02  7.6801E+01 -6.3733E+01
0000034   1.9960E+02 -2.2596E+02  1.1781E+02
0000035   4.8352E+02  2.2026E+02  4.3173E+02
0000036   3.4096E+02  6.4432E+01  8.5838E+01
0000037   3.7522E+02  2.7894E+01 -2.0738E+02
0000038   4.6082E+02 -8.8476E+01  1.5699E+02
0000039   1.5771E+02  3.4392E+02  6.7471E+01
0000040   2.9549E+01 -1.6111E+02 -1.9166E+02
0000041   4.4410E+02 -1.0113E+02  1.2898E+02
0000043   4.4182E+02 -3.1666E+02  3.2269E+02
0000044   2.5477E+02  7.7352E+01 -8.9162E+01
0000045   5.8966E+02  1.9443E+01  2.0263E+02
0000046   2.4172E+02 -3.0607E+02 -6.9098E+01
0000047   2.2557E+02  2.1006E+02  7.6062E+00
0000048   1.1331E+02 -1.2484E+00 -1.4499E+02
0000049   2.9624E+02 -1.0996E+02 -2.1483E+01
0000051   2.4468E+02 -4.7315E+01  9.1789E+00
0000052   4.5013E+02 -1.2292E+02 -8.8971E+01
0000053   1.3389E+02  1.0880E+02  1.2212E+02
0000054   2.2404E+02  1.8701E+01 -2.8916E+02
0000055   1.0878E+02  9.1300E+01 -1.2837E+02
0000056   1.0580E+02 -8.9935E+01  2.2249E+02
0000058   3.6914E+02 -1.4359E+02 -2.9008E+01
0000059   8.1562E+01  9.7306E+01 -3.1224E+01
0000060   5.0159E+02  6.0983E+01 -6.3999E+01
0000061   6.1708E+01  1.8075E+02  2.3906E+01
0000062   3.9022E+02 -2.4168E+01 -3.1659E+02
0000063   4.3838E+02 -1.8725E+01 -1.4685E+02
0000064   1.3645E+02 -5.9902E+01 -1.5711E+00
0000065   2.3599E+02  1.3268E+01 -1.6894E+02
0000066   3.1897E+02 -9.3524E+01  3.6889E+02
0000067   2.1800E+02 -2.1886E+02 -2.5052E+02
0000068   2.4423E+02 -3.1724E-01 -2.1086E+02
0000069   2.4185E+02  7.9608E+01  2.6459E+02
0000070   3.2245E+02  2.2289E+02  1.7498E+02
0000071   4.1881E+02 -3.8273E+02 -1.8884E+02
0000072   6.3206E+02  5.6519E-01  1.1605E+02
0000074   4.4679E+02 -1.9881E+02  6.5196E+01
0000075   1.9276E+02  1.4879E+02  4.7821E+01
0000076   1.5497E+02 -1.5204E+02  1.7535E+02
0000077   3.5296E+02 -1.3625E+02  1.6658E+02
0000078   3.6277E+02  8.2461E+00  1.0114E+02
0000079   4.0637E+02 -4.9608E+00 -1.2787E+01
0000080   3.2436E+02  2.2726E+02  1.9753E+02
0000081   3.1465E+02  3.3169E+01  5.5866E+01
0000082   2.6749E+02  4.3450E+01 -1.4534E+02
0000083   1.4844E+02  2.5036E+01  2.2396E+02
0000084   4.3338E+02  1.5549E+02  3.0365E+02
0000086   1.2792E+02 -5.9855E+01  1.1083E+02
0000087   5.1413E+02 -8.4925E+01 -4.4369E+02
0000088   3.6745E+02 -3.5974E+02  2.6493E+02
0000089   7.8338E+02  1.7447E+00  2.6395E+02
0000090   2.7959E+02  9.6045E+01 -1.1415E+02
0000091   3.0089E+02 -1.7086E+02  1.1975E+02
0000092   4.4586E+02  1.2241E+02 -1.1791E+02
0000093   3.8069E+02  1.5450E+02 -7.5927E+01
0000094   2.0778E+02  9.2929E+01  1.2491E+02
0000095   3.9745E+02  1.5222E+02  8.8392E+01
0000096   4.3675E+02  2.6439E+02 -1.5875E+01
0000097   1.4840E+02  1.5786E+02 -6.1155E+01
0000098   2.2137E+02 -3.1625E+02  3.3527E+01
0000099   4.2323E+01 -6.7494E+01  1.5390E+02
0000100   8.3317E+01  1.5527E+02  1.9593E+02
0000101   6.2515E+00 -1.6698E+02 -1.6995E+02
0000102   2.1131E+02 -3.9295E+02 -5.2239E+01
0000103   4.0885E+01  6.0714E+00  2.6190E+02
0000104   3.5184E+02 -8.3084E+01 -1.1401E+02
0000105   1.9223E+02  1.5024E+02 -3.0280E+02
0000106   5.5251E+02  1.6310E+02 -2.9594E+01
0000109   3.2180E+02  1.0643E+01  2.9118E+01
0000110   3.7754E+02  1.8332E+02  5.1130E+01
0000111   3.6737E+02 -2.2954E+02  1.4515E+02
0000112   1.6901E+02 -8.7706E+00  1.7753E+01
0000113   2.5456E+02 -5.1186E+02 -2.1328E+01
0000114   5.7693E+02  1.6427E+02 -2.0509E+01
0000115   4.9865E+02  2.5395E+00  1.4679E+02
0000116   1.6502E+02 -1.3051E+02  1.6981E+01
0000117   5.2793E+02  2.6469E+02  1.3555E+02
0000118   1.8316E+02 -9.3068E+01 -2.7827E+02
0000119   2.4859E+02  7.5026E+01  3.7178E+02
0000120   3.1706E+02  3.6000E+01 -1.3197E+02
0000121   3.6919E+02 -3.7596E+02  1.8074E+02
0000122   3.7852E+02  1.6509E+02 -4.3025E+01
0000123   1.8748E+02  2.7578E+02  8.8538E+01
0000124   5.1613E+02  1.6800E+02  6.5798E+01
0000125   2.2430E+02 -1.5291E+02 -8.9517E+01
0000126   3.0120E+02  2.9671E+02 -4.4522E+01
0000127   3.0987E+02  3.1711E+02  9.0509E+01
0000128   6.3518E+02 -1.1289E+02  1.6939E+02
0000129   4.4354E+02  7.6267E+01  5.9967E-03
0000130   2.7873E+02 -2.0105E+02  2.2889E+02
0000131   4.7038E+02  2.2017E+02 -1.0798E+01
0000132   2.3768E+02 -6.5434E+01 -1.4063E+02
0000133   4.0402E+02 -7.1947E+01 -6.2681E+01
0000134   3.7004E+02  6.1655E+01 -1.8556E+02
0000135   3.7405E+02 -3.4981E+01 -9.9825E+00
0000136   4.9886E+02 -6.6519E+01 -8.5685E+01
0000137   2.4460E+02 -1.6046E+02 -9.6609E+01
0000138   1.9138E+02  2.2935E+02 -1.5508E+02
0000139   4.3036E+02 -1.8370E+02 -2.0323E+01
0000140   2.8051E+02 -1.1029E+01  3.9534E+01
0000141   3.6810E+02 -1.8871E+02  2.1714E+02
0000142   3.1365E+01  1.6554E+02 -4.0655E+01
0000143   4.6438E+02  8.2293E+01  2.6828E+02
0000144   3.1258E+01  1.0810E+02 -1.7076E+02
0000145   5.4869E+01 -6.3764E+01  8.1545E+01
0000146   2.0645E+02 -5.0729E+01  2.5824E+02
0000147   4.5465E+02  3.4661E+01  2.5129E+01
0000148   1.5970E+02 -4.3852E+01  4.4045E+02
0000149   2.0567E+02 -2.9170E+02 -2.3971E+02
0000150   3.1656E+02 -1.8424E+02  2.8845E+02
0000151   4.9898E+02 -3.7045E+01  1.3917E+01
0000153   4.6926E+02 -1.6710E+02 -1.6514E+02
0000154   1.5370E+02 -7.0946E+01  1.9214E+01
0000155   1.5024E+02 -9.4724E+01  5.3817E+02
0000156   6.1368E+02  5.1095E+01 -6.8041E+01
0000157   3.7522E+02  2.8915E+02  9.0517E+01
0000158   3.9408E+02 -2.0002E+02 -2.2602E+02
0000159   1.5016E+02  6.2822E+01 -1.1362E+02
0000160   2.7212E+02  1.3625E+02 -2.2208E+02
0000161   3.9826E+02 -2.0218E+02  4.2545E+01
0000162   3.8455E+02 -1.5354E+02 -3.0617E+01
0000163   1.5700E+02  1.4865E+01  7.4910E+01
0000164   2.3402E+02 -3.1379E+02 -1.0145E+02
0000165   2.9737E+02 -1.7523E+01  6.3930E+01
0000166   3.9716E+02 -7.9276E+01 -2.0211E+02
0000167   4.2149E+02  6.2539E+01 -1.0548E+01
0000168   5.0616E+02 -1.1268E+02  4.9056E+01
0000169   2.1423E+02  3.3848E+02  1.3824E+02
0000170   4.2118E+02  1.2611E+02  3.7770E+02
0000171   4.5560E+02  2.4114E+02 -2.5604E+02
0000172   4.6480E+02 -1.2369E+02  1.6343E+02
0000173   5.1397E+02  2.0918E+01 -6.8666E+01
0000174   1.1632E+02 -1.5960E+02 -5.1114E+01
0000175   3.1476E+02 -1.7131E+02 -7.7367E+01
0000176   4.2751E+02 -2.3810E+02  4.7618E+01
0000178   4.9705E+02 -3.6543E+02 -3.5871E+01
0000179   4.1973E+02  3.8306E+01 -1.5347E+02
0000180   1.3576E+02  6.2607E+01  8.9986E+01
0000181   3.5934E+02 -1.6617E+02 -2.1174E+02
0000182   2.8609E+02  8.9027E+01 -1.3812E+02
0000183   3.0634E+02 -3.3344E+02 -1.3503E+02
0000184   3.2415E+02 -3.9774E+01 -1.1042E+02
0000185   3.8354E+02  4.7512E+02  3.9356E+02
0000186   2.6683E+01  2.7464E+02 -4.8287E+01
0000187   9.8140E+01 -4.3315E+01 -6.4308E+01
0000188   2.1862E+02  1.1454E+02  1.4292E+02
0000189   3.1195E+02 -2.1316E+01  6.8245E+01
0000190   6.2181E+02  6.1178E+01 -7.9534E+01
0000191   2.7201E+02 -1.5129E+02  1.0748E+02
0000192   3.2354E+02 -1.4532E+02 -1.5631E+02
0000193   2.8092E+02 -3.8620E+01  3.6382E+02
0000194   1.5881E+02 -2.6976E+02 -3.2824E+01
0000195   1.9771E+02  9.4270E+01  2.6924E+02
0000196   4.9409E+02 -1.4559E+02  8.8599E+01
0000197   1.8900E+02 -2.2327E+02  7.3619E+01
0000198   4.1941E+02  1.9936E+02  2.1005E+01
0000199   3.1432E+02 -1.1715E+02  1.4922E+02
0000200   5.2801E+02  9.8626E+01 -1.4366E+01
0000202   5.0443E+02  2.9467E+01  2.0859E+02
0000203   2.5669E+02  1.9503E+01 -3.7725E+01
0000204   5.6772E+02  3.4058E+02 -3.6399E+01
0000205   1.5516E+02  9.2148E+01  1.8673E+02
0000206   2.8040E+02  2.0680E+01 -1.9045E+02
0000207   4.1544E+02 -9.9551E+01  9.4167E+01
0000208   1.5523E+02 -1.4521E+02 -2.2672E+01
0000210   9.9492E+01  3.7204E+02  7.7647E+01
0000211   7.4799E+01 -6.9381E+00 -1.3431E+02
0000212   4.0842E+02 -1.7921E+02  1.0596E+02
0000213   2.5436E+02 -1.0880E+02  2.0413E+02
0000215   1.6095E+02 -1.0958E+02  4.9370E+01
0000216   3.7172E+02 -8.4111E+01 -1.6803E+02
0000218   3.5946E+02 -4.4147E+01 -2.3235E+02
0000219   2.7467E+02 -1.5437E+02  3.0532E+02
0000220   2.6524E+02 -3.0949E+02  4.9958E+01
0000221   2.1807E+02  1.0727E+02  2.0973E+01
0000222   5.2474E+02 -9.1257E+01 -3.9380E+02
0000223   4.5107E+02  2.7021E+02  1.3107E+02
0000224   1.1527E+02 -6.5497E+01  4.4532E+02
0000225   9.8857E+01 -2.7214E+01 -6.1449E+01
0000226   3.6620E+02 -7.3439E+01 -1.2987E+02
0000227   1.1070E+02  6.7197E+01 -1.2501E+00
0000228   2.1581E+02 -2.3429E+02  2.1115E+02
0000229   4.6697E+02 -4.1600E+01  2.1578E+02
0000230   2.3406E+02 -1.1288E+02  5.1534E+01
0000231   4.7315E+02 -7.5565E+01  4.1170E+02
0000232   1.9850E+02 -3.8827E+02  2.9274E+02
0000233   8.9179E+01 -2.6836E+01  1.8517E+02
0000234   4.8492E+02 -3.5926E+02 -3.9675E+01
0000235   4.7926E+02 -1.6690E+02  4.3219E+01
0000236   2.9138E+02  1.2184E+02 -8.1078E+01
0000237   1.0941E+02 -1.5730E+02 -7.4974E+01
0000239   4.3322E+02  1.6164E+02  2.1724E+01
0000240   2.2042E+02  2.7624E+02 -3.9201E+02
0000241   3.4419E+02  1.7374E+02  2.5205E+02
0000242   4.2119E+02 -1.4963E+02 -4.6133E+01
0000244   5.1442E+02  1.2556E+01  9.6332E+01
0000245   2.1138E+02 -2.6126E+01 -2.4760E+01
0000246   2.9700E+02 -2.9998E+02  6.6076E+01
0000247   2.9093E+02 -3.5115E+01  8.0827E+01
0000249   1.8201E+02 -1.0580E+02  2.1215E+02
0000250   1.8425E+02  1.3075E+02  1.7209E+02
0000251   2.0652E+02  1.9563E+02  2.4698E+02
0000252   3.7853E+02  1.8893E+02 -7.8028E+01
0000253   6.4751E+00  1.4918E+02  5.0680E+01
0000254   2.9206E+02 -9.5263E+01  9.8063E+01
0000255   9.9100E+01 -6.5891E+01 -1.4169E+02
0000256   1.7358E+02 -3.3496E+02  8.3550E+01
0000257   3.3810E+02 -1.4738E+02  3.8258E+01
0000258   1.7674E+02 -9.8371E+01  2.1593E+02
0000259   2.4870E+02 -3.8534E+01 -3.3111E+02
0000261   1.4564E+02  6.7584E+01  1.3586E+02
0000262   5.1292E+01  3.6068E+02 -3.1128E+02
0000263   3.9149E+02  1.9527E+02 -2.7466E+01
0000264   7.0797E+02 -5.7144E+01  7.1840E+01
0000265   2.2965E+02 -1.2071E+02  9.4508E+00
0000266   1.5810E+02  1.6448E+02 -2.4114E+02
0000267   7.2821E+01 -1.7798E+02 -2.1845E+02
0000268   4.6536E+01 -2.2327E+02 -2.0786E+01
0000269   4.9583E+02  4.7072E+01 -4.0829E+01
0000270   2.2710E+02 -4.0961E+02 -2.8070E+01
0000271   5.8979E+02 -1.1672E+02  7.0854E+01
0000272   2.6294E+02 -4.2168E+01  3.6943E+02
0000273   6.8820E+01 -1.8127E+01 -4.1897E+01
0000274   4.5919E+02 -5.1635E-01  7.2165E+01
0000275   4.1058E+02 -1.4052E+02  7.5521E+01
0000276   7.2675E+01 -1.3549E+02  1.1901E+02
0000277   2.2316E+02  6.6549E+01 -7.0647E+01
0000278   2.9320E+02 -3.0522E+02 -1.9716E+02
0000279   2.7192E+02  3.9053E+02  1.7221E+02
0000280   4.6209E+02  3.1141E+02  2.4486E+01
0000281   6.1532E+02  2.9363E+01  2.6721E+02
0000282   4.4054E+02  2.3829E+02  1.1215E+02
0000283   3.8712E+02 -1.4523E+02 -1.5380E+02
0000284   1.7555E+02  2.3324E+02 -5.7571E+01
0000285   8.3899E+01 -3.0068E+01  8.4436E+01
0000287   2.2688E+02 -2.0715E+02  8.0992E+01
0000288   3.4678E+02  1.4075E+01 -4.7507E+01
0000289   6.0833E+02  1.0243E+02 -8.8533E+01
0000290   4.5069E+02 -7.5461E+01 -7.7456E+01
0000291   1.6459E+02 -1.1795E+02  8.3263E+01
0000292   2.0650E+02 -1.8125E+02 -7.2312E+01
0000293   1.3118E+02  3.8923E+01  1.0331E+02
0000295   5.7942E+02  2.3451E+01 -7.0986E+01
0000296   3.2488E+02  1.5909E+02  7.8297E+01
0000297   2.5071E+02 -2.3799E+02  2.7554E+02
0000298   6.5168E+02  1.0051E+02  2.8015E+01
0000299   2.1139E+02 -2.5524E+02 -1.9598E+01
0000300   6.0466E+01  1.3990E+02  1.8432E+01
0000301   2.2665E+02 -1.4908E+02 -1.3305E+02
0000302   2.2520E+02 -2.6190E+01  1.8867E+02
0000303   4.2081E+02 -1.5580E+02 -2.7892E+02
0000304   5.3767E+02  5.6133E+01  6.1624E+01
0000305   3.3904E+02  1.7811E+02  2.4257E+02
0000306   2.1579E+02  4.6568E+01 -3.3800E+02
0000307   3.8741E+02 -3.1306E+01 -6.0324E+01
0000308   4.6240E+02  5.8902E+01  1.4355E+02
0000309   3.5448E+02  4.1498E+01 -2.2430E+01
0000310   1.6942E+01  5.0087E+01  1.6822E+02
0000311   5.0778E+02  9.6600E+01  4.5211E+01
0000312   2.3805E+02 -1.7471E+02 -9.2751E+01
0000313   5.3645E+02  1.5161E+02  3.2859E+02
0000314   3.1865E+02 -1.3856E+02  2.1602E+01
0000315   2.6978E+02 -1.6052E+02 -2.3821E+02
0000316   2.4807E+02  3.5543E+02  4.1490E+01
0000317   6.4090E+02 -8.0118E+00  2.5021E+02
0000318   1.8315E+02  2.0717E+02 -3.1239E+01
0000319   2.7960E+02  5.1625E+01  9.3219E+01
0000320   4.5781E+02 -4.8124E+01  1.1068E+02
0000321   5.1690E+02  1.6156E+02  3.5500E+02
0000322   2.8642E+02  6.9831E+01  1.1839E+02
0000323   6.4050E+01  3.3013E+01 -4.8164E+01
0000324   8.3168E+01  3.2346E+02  1.4296E+02
0000325   4.4705E+02  2.6694E+02 -3.1849E+01
0000326   3.2169E+02 -2.5968E+02 -2.6243E+01
0000327   2.6094E+02  2.0017E+00  8.6317E+01
0000328   2.2474E+02  4.5643E+01  3.9379E+00
0000329   1.0156E+02  1.6204E+02 -6.9854E+01
0000330   4.0228E+02  1.4625E+02 -3.3736E+02
0000332   4.3835E+02  1.0364E+02  2.1975E+02
0000333   2.0153E+02  7.1942E+01 -8.5530E+01
0000334   6.9850E+01  3.5113E+02  1.4907E+02
0000335   3.1334E+02 -2.2202E+02  1.2836E+01
0000336   7.5760E+02  1.3031E+01 -1.7635E+02
0000337   1.7207E+02 -8.8479E+01 -4.3159E+02
0000338   1.5437E+02 -4.4810E+01  1.8889E+02
0000339   2.5864E+02  1.1206E+02  1.4153E+02
0000340   4.1509E+02 -1.6417E+02  1.7770E+02
0000341   5.3062E+02 -9.2279E+01 -1.6335E+02
0000342   2.7310E+02  1.0949E+01  1.4842E+02
0000343   5.4921E+02  1.0816E+02  1.5345E+02
0000345   3.4262E+02 -1.4856E+02  1.1326E+02
0000346   1.0633E+02 -5.9551E+01  1.1784E+02
0000347   4.1363E+02 -6.6463E+00  1.4797E+02
0000348   5.4781E+01 -1.6327E+02 -2.1921E+02
0000349   3.1110E+02  2.9100E+01  1.4477E+02
0000350   1.9845E+02  1.5370E+02  7.4035E+01
0000351   3.7583E+02  7.2411E+01 -3.5926E+00
0000352   1.4684E+02 -2.8106E+02 -7.8737E+01
0000353   4.8143E+02 -1.1492E+02  7.0901E+01
0000354   5.4615E+02 -7.2780E+01  4.9178E+01
0000355   2.8558E+01 -7.3752E+01  1.2239E+02
0000356   2.3537E+02 -6.0585E+01  3.5396E+01
0000358   2.8010E+02 -7.9759E+01  3.7083E+01
0000359   1.2046E+02  1.3362E+02 -1.0738E+02
0000360   2.9113E+02 -1.4703E+02 -1.0204E+02
0000361   2.4025E+02  6.9424E-02 -1.6414E+02
0000362   3.4920E+02  2.9621E+02  1.3886E+02
0000363   2.7120E+02 -1.6043E+02  4.3168E+01
0000364   3.3310E+02  4.8582E+01  1.7209E+02
0000365   3.9010E+02 -2.1817E+02 -1.5074E+02
0000366   9.8623E+01  2.3963E+02  2.8375E+02
0000368   4.2346E+02  7.6241E+01 -3.6176E+02
0000369   5.5149E+02 -3.3297E+02 -1.0454E+02
0000371   4.8301E+02  1.9654E+02  7.5483E+01
0000372   1.6704E+02 -9.0348E+00 -5.4316E+01
0000373   4.2959E+02  1.9209E+01 -8.3859E+01
0000374   2.7099E+02  8.9188E+01 -1.7581E+02
0000375   3.2671E+02 -3.2561E+01 -3.6736E+01
0000377   3.3340E+02 -1.6619E+02  1.2920E+02
0000378   2.9688E+02  9.9451E+01  8.1847E+01
0000379   2.8894E+02  9.7514E+01  2.5729E+02
0000380   2.1610E+02 -1.2495E+01  1.4334E+02
0000381   4.1655E+02  1.2743E+02  6.1003E+01
0000382   2.5908E+02 -2.0487E+02  6.5693E+01
0000383   4.2242E+02  9.6546E+01 -9.1878E+01
0000384   1.1970E+02  3.1425E+02 -2.1156E+02
0000385   1.8295E+02  2.6517E+01 -3.3788E+02
0000386   1.9416E+02 -1.9706E+02 -2.1250E+02
0000387   2.5409E+02  1.1242E+02  3.4572E+01
0000388   5.0093E+02 -2.1059E+02  5.5450E+01
0000389   1.8659E+02  2.4627E+01 -1.3308E+02
0000390   1.6308E+02  2.0804E+02  2.7391E+02
0000391   3.5079E+02 -9.4843E+01  1.9627E+01
0000392   2.1622E+02  9.6929E+01 -7.9902E+01
0000393   4.9585E+02  2.5590E+02  1.7736E+02
0000394   4.7108E+02  9.6659E+01 -6.6282E+01
0000396   2.8392E+02  1.3149E+02 -2.6750E+02
0000398   9.6197E+01 -3.0775E+02  1.1119E+02
0000399   8.5628E+01 -1.5694E+02 -1.2436E+02
0000400   7.1047E+02  5.1933E+01 -1.4561E+02
0000401   1.5645E+02 -4.7724E+02  1.1261E+02
0000402   9.4058E+01  1.5408E+02 -8.2091E+01
0000403   3.8452E+02 -8.0160E+01 -4.9306E+01
0000404   4.3433E+01 -2.0688E+02  1.6893E+02
0000405   4.4219E+02 -1.2335E+02  1.4341E+02
0000406   4.9972E+02 -3.4318E+02 -9.6728E+01
0000407   4.8960E+02  1.8915E+02 -3.8668E+01
0000408   5.1938E+02  8.4294E+00  1.1647E+02
0000409   4.4433E+02 -3.4372E+02  1.4268E+02
0000410   3.9561E+02 -1.6921E+02  7.4257E+01
0000411   2.1706E+02 -1.0308E+01  6.8400E+01
0000412   2.4678E+02 -4.4484E+01  2.1492E+02
0000413   1.8936E+02 -8.7016E+01  7.9515E+01
0000414   1.8165E+02  2.1911E+02 -2.2674E+02
0000416   2.6762E+02  1.1370E+02 -2.7556E+02
0000417   3.8058E+02  3.7929E+01  2.3757E+02
0000418   3.7561E+02  6.3128E+01 -2.8672E+02
0000419   5.3330E+01 -5.4553E+01  1.2621E+02
0000420   2.2974E+02  8.6837E+01  1.0381E+02
0000422   1.4741E+02 -4.4690E+02 -1.5771E+02
0000423   1.5692E+02 -1.5578E+02  1.6540E+02
0000424   9.2981E+01  1.4060E+02  1.8014E+02
0000425   3.8952E+02 -1.6475E+02  9.3069E+01
0000426   6.1326E+02  4.7673E+00 -4.0036E+02
0000427   4.2332E+02  2.0783E+02 -1.0512E+02
0000428   1.6121E+02  4.5078E+01  1.5970E+02
0000429   4.3587E+02  2.7993E+02 -3.0145E+01
0000430   1.5713E+02 -1.7772E+02  2.3827E+00
0000431   3.4267E+02  1.2322E+02 -1.0854E+02
0000432   1.3414E+02 -6.8274E+01 -2.2689E+02
0000433   2.3739E+02 -2.8438E+02  4.7171E+01
0000434   1.9766E+02 -5.1895E+01  4.2259E+02
0000435   2.7032E+02 -8.6043E+01  2.5531E+02
0000436   3.1254E+02 -1.4798E+02 -7.9563E+01
0000437   1.8865E+02 -4.3195E+01 -1.1247E+02
0000438   3.3057E+02  1.0473E+02 -2.1082E+02
0000439   2.4497E+02 -7.1258E+01  2.3835E+02
0000440   3.1364E+02  1.1220E+02 -2.6489E+02
0000441   2.3406E+02 -2.0798E+01  1.7387E+02
0000442   3.2889E+02 -8.6529E+01 -1.1137E+02
0000443   2.0718E+02 -1.5093E+02  1.6576E+02
0000444   2.7471E+02  1.3629E+02  3.2541E+02
0000445   8.7446E+01  4.6605E+00 -4.7821E+01
0000446   4.8075E+02  1.9204E+01  3.0767E+02
0000447   2.7968E+02  9.6899E+01  1.2599E+02
0000448   3.6418E+02  9.3888E+01 -8.8660E+01
0000449   3.4215E+02  1.4563E+02  2.2623E+01
0000450   2.5918E+02 -4.7511E+02  1.9725E+02
0000451   5.4386E+02  1.2447E+02  4.2365E+01
0000452   1.1893E+02 -3.1278E+02 -1.2611E+02
0000453   2.5443E+02 -2.5990E+02 -3.2935E+02
0000454   1.5660E+02  7.5178E+01  9.8076E+00
0000455   4.9196E+02  9.7526E+01 -2.4672E+02
0000456   2.8448E+02 -1.6689E+02 -7.5390E+01
0000457   3.9870E+02 -1.5838E+02  6.9778E+01
0000458   3.9350E+02  9.7592E+01  1.3840E+02
0000459   2.2956E+02  1.7788E+02 -1.9789E+02
0000460   7.0340E+01 -2.1256E+02  4.1770E+01
0000461   3.4341E+02  1.4915E+02 -2.8473E+02
0000462   4.4562E+02 -7.1940E+01  4.1598E+02
0000463   5.1464E+02 -3.3123E+02 -6.1431E+01
0000464   3.3621E+02  9.9604E+01 -2.1479E+02
0000465   3.2563E+02 -7.1131E+01  1.7703E+02
0000466   2.1401E+02  4.9405E+01 -1.8909E+01
0000467   1.5946E+02  1.8094E+02 -1.8812E+01
0000468   1.4184E+02 -1.3587E+01  1.9253E+02
0000469   7.0382E+01 -1.9375E+01  4.3911E+01
0000470   7.3371E+02 -3.6532E+02  6.5899E+01
0000471   3.8814E+02 -4.0627E+02  7.6728E+01
0000472   2.5163E+02  1.9267E+02  2.4690E+02
0000473   4.0402E+02 -7.5086E+01 -2.1383E+01
0000474   2.9117E+02 -2.0105E+02 -5.6942E+01
0000476   5.6157E+02  1.2896E+02 -3.6402E+02
0000477   3.7346E+02  3.0874E+01  1.3421E+01
0000478   2.1386E+02  4.4931E+01  2.1787E+02
0000481   3.6341E+02  2.0356E+02  1.1096E+02
0000482   1.5888E+02 -8.8130E+01  9.5076E+01
0000484   1.4732E+02 -2.3395E+02 -7.7545E+01
0000485   3.3108E+02  1.4193E+02  1.3176E+02
0000486   4.0235E+02  1.6311E+02  1.0054E+01
0000487   3.8908E+02  2.6267E+02  1.8240E+02
0000488   3.6910E+02 -9.1485E+01 -2.5042E+02
0000489   4.4238E+02 -1.3719E+02  1.9685E+02
0000490   3.9222E+02 -8.3902E+01  5.0862E+01
0000491   5.4422E+02  7.5571E+01  1.9226E+02
0000492   3.1928E+02  1.7576E+02  2.1949E+02
0000493   3.5856E+02 -6.7431E+01  4.6917E+01
0000494   1.9858E+02  1.4227E+02 -2.1515E+02
0000495   3.4844E+02  1.1191E+02 -4.7480E+01
0000496   6.1615E+02 -3.6875E+02 -2.9300E+02
0000497   1.9711E+02 -3.3977E+01 -3.3865E+01
0000498   4.0177E+02 -4.9156E+01  6.7884E+01
0000499   2.7019E+02  1.9776E+02 -2.9441E+02
0000500   3.3394E+02 -7.5076E+00  8.7339E+01
0000501   3.3972E+02 -1.5039E+02 -2.7592E+02
0000502   4.8581E+02 -4.6461E+01  2.5381E+02
0000503   2.2822E+02  7.5411E+00  7.3501E+01
0000504   4.8272E+02 -5.7448E+01  1.5713E+02
0000505   5.6601E+02 -8.0886E+01  1.7489E+02
0000506   4.0974E+02  1.0815E+02  2.1460E+02
0000507   4.5687E+02 -3.6708E+02  1.5952E+02
0000509   5.7147E+02  7.4970E+01 -1.8448E+02
0000510   5.5287E+02 -3.2129E+02  9.5152E+01
0000511   2.9109E+02  3.2524E+01  2.0517E+02
0000512   5.0285E+02  1.8310E+02 -3.8726E+01
0000513   4.1340E+02 -2.3579E+02 -2.4988E+02
0000515   4.5853E+02 -3.4080E+02 -7.8542E+01
0000516   3.0794E+02 -2.1780E+01  8.6490E+01
0000517   2.2366E+02  1.0093E+02 -1.0305E+02
0000518   3.0796E+02  2.8485E+01  7.7697E+01
0000519   1.5718E+02 -1.2277E+02  2.2303E+02
0000520   4.1705E+02  2.4445E+02 -2.2578E+02
0000521   2.4249E+02  1.5966E+02 -2.0958E+02
0000522   1.2222E+02 -2.8634E+01  2.0906E+02
0000523   1.8481E+02 -7.4419E+00 -4.0188E+01
0000524   3.4758E+02 -3.6543E+01 -2.6208E+02
0000525   5.0119E+02  2.4615E+01 -2.7717E+02
0000527   3.2448E+02  5.9870E+01  7.0994E+00
0000528   2.3928E+02  1.4701E+02 -1.1021E+02
0000529   4.0257E+02  7.1875E+01  8.9978E+01
0000530   1.4753E+02  3.5699E+01 -6.1386E+01
0000531   6.1144E+02 -2.6400E+02 -5.7254E+01
0000532   5.6183E+02 -1.8263E+02 -1.3388E+02
0000533   2.1703E+02  1.2376E+02 -2.1286E+02
0000534   2.9960E+02  1.6280E+02 -4.9323E+02
0000535   3.6079E+02 -3.4488E+02  3.0351E+02
0000536   4.5728E+02  8.2983E+01  2.8695E+02
0000537   4.4715E+02  1.3870E+02  1.2898E+00
0000538   2.4338E+02  9.8687E+01 -9.4811E+01
0000539   1.9459E+02  4.1012E+01  2.6575E+01
0000540   2.2856E+02  5.2386E+01  9.4930E+01
0000541   3.1451E+02  3.7791E+01  1.4184E+02
0000542   3.2827E+02  1.7694E+01  2.4589E+02
0000543   6.1317E+02  8.8028E+01 -2.5470E+01
0000544   4.0128E+02  2.4440E+01 -3.5010E+02
0000545   5.6200E+02 -6.9332E+01 -2.2585E+02
0000546   4.0724E+02  8.7954E+01  2.1973E+02
0000547   1.0817E+02  9.5321E+01 -6.2890E+01
0000548   4.7950E+02 -5.1499E+01 -6.4941E+00
0000549   3.4430E+02  4.1184E+01  1.2419E+02
0000550   6.6256E+01 -2.8633E+02  5.5277E+01
0000551   3.1218E+02 -1.5242E+01 -1.3347E+02
0000552   1.6024E+02 -9.2777E+01 -2.0199E+02
0000553   3.5234E+02 -8.6647E+01 -2.1970E+01
0000554   6.2867E+02 -3.9857E+02 -5.9192E+00
0000555   5.0260E+02 -2.5929E+02 -1.1103E+02
0000556   6.5998E+02 -6.5365E+01  1.7940E+01
0000557   2.5645E+02 -2.5403E+01 -2.8573E+02
0000558   3.6268E+02 -1.7601E+02 -2.5500E+02
0000559   1.0544E+02  2.7539E+00  1.5040E+02
0000560   5.5961E+02 -4.1124E+01  1.6174E+01
0000561   5.3042E+02  8.8234E+01 -1.4339E+02
0000563   1.9916E+02  3.7298E+02 -2.8832E+01
0000564   2.0578E+02  2.9125E+02 -2.8160E+01
0000565   2.3881E+02 -1.2703E+02 -1.9519E+02
0000566   1.6214E+02 -2.9622E+02  6.6834E+01
0000567   4.6976E+02 -7.7044E+01 -9.6825E+01
0000568   5.7468E+02  1.7030E+02  4.5592E+01
0000569   2.3044E+02 -1.0313E+02  8.9352E+01
0000570   8.2011E+01  1.0237E+01  3.9028E+01
0000571   5.9085E+01 -4.5730E+01  1.1793E+02
0000572   1.7107E+02 -5.5005E+01  1.7612E+02
0000573   5.2875E+02  3.0833E+02  1.1667E+02
0000574   2.0308E+02 -1.2521E+02  2.6200E+02
0000575   3.3078E+02  4.4021E+01  1.7438E+02
0000576   4.8484E+02  1.0603E+02  4.6691E+01
0000577   3.7483E+02 -7.6067E+01 -2.3193E+02
0000578   5.8301E+02 -7.0529E+01 -4.4816E+01
0000579   3.3603E+01  1.1927E+02 -8.8414E+01
0000580   1.0378E+02 -8.3935E+01  1.2162E+02
0000581   4.2892E+02 -9.2691E+00  2.3803E+02
0000582   4.4912E+01  6.2249E+01  1.3829E+02
0000583   1.5821E+02  1.5142E+02 -3.6067E+02
0000584   4.9330E+02 -9.4328E+01 -6.1095E+01
0000585   3.5051E+02  2.0330E+02  1.0914E+02
0000586   5.7493E+02 -4.1933E-01 -2.8925E+02
0000587   2.9413E+02  1.9728E+02 -7.6924E+01
0000588   2.4385E+02 -1.7135E+02 -2.9154E+02
0000589   4.1470E+02  3.7297E+01 -6.3925E+01
0000590   7.0021E+02 -1.0789E+02  1.3481E+02
0000591   3.6819E+02 -7.2389E+01  9.1256E+01
0000592   4.2744E+02  9.3880E+01  4.6633E+01
0000593   1.7834E+02 -1.4038E+02  1.3431E+02
0000594   1.9591E+02  2.2763E+01  6.4738E+01
0000595   1.6497E+01  1.1592E+02 -6.9321E+00
0000596   2.3092E+02  1.4051E+02  1.3048E+02
0000597   1.5984E+02  1.9781E+01  1.0652E+02
0000598   2.4798E+02 -2.0630E+02 -6.5646E+01
0000599   3.5888E+02 -1.1916E+02  2.1296E+01
0000600   9.0858E+01 -1.6825E+02 -4.7783E+00
0000601   4.9510E+02  2.1944E+01  7.1774E+01
0000602   2.0976E+02  9.3113E+01  1.1673E+02
0000603   3.3081E+02 -1.2486E+02  9.7903E+01
0000604   3.1234E+02 -2.1130E+02 -3.1184E+02
0000605   2.0013E+02 -2.0225E+02 -1.4065E+02
0000607   4.2836E+02 -1.2585E+02  7.5504E-01
0000608   3.2847E+02 -2.0234E+02 -5.7382E+01
0000609   4.2203E+02  1.2934E+01 -9.6656E+01
0000610   2.1542E+02  4.4912E+01 -2.9612E+02
0000611   4.4431E+01 -1.2387E+02  8.4427E+00
0000612   9.5123E+01 -3.0628E+02  4.8580E+01
0000613   4.2726E+02  5.2864E+01  2.1009E+02
0000616   6.0842E+02  7.0533E+01 -4.0327E+01
0000617   9.0517E+01 -3.8075E+02 -2.7251E+02
0000618   2.6454E+02  1.7268E+02  1.0500E+02
0000619   3.1097E+02 -4.3460E+01 -4.1714E+01
0000620   2.2232E+02 -5.3552E+00  6.9431E+01
0000621   3.4647E+02 -4.8819E+02 -1.1166E+02
0000622   1.9644E+02  2.8292E+02 -1.1718E+02
0000623   4.4572E+02 -4.2193E-01 -5.0439E+01
0000624   4.4914E+02 -1.0900E+02 -1.5032E+02
0000625   4.6955E+02  1.2221E+02  1.3451E+01
0000626   3.1263E+02  2.0353E+02  2.0851E+01
0000627   5.2499E+02 -6.8417E+01 -1.2000E+02
0000628   2.4853E+02  3.3870E+01  2.0072E+01
0000629   2.3415E+02 -4.0729E+01 -2.7027E+02
0000630   3.3316E+02 -4.0529E+01  2.4734E+02
0000631   1.5072E+02 -6.5467E+01 -2.7320E+02
0000632   2.0203E+02 -1.6287E+02 -1.1736E+02
0000634   1.7067E+02 -3.0815E+01  5.9320E+01
0000635   2.3294E+02 -1.2612E+02 -3.3898E+02
0000636   3.0860E+02 -8.6474E+00 -5.2023E+01
0000637   5.1012E+01 -2.1937E+01 -1.0153E+02
0000638   5.9088E+02  1.6200E+02 -5.9784E+01
0000639   3.1297E+01  2.5459E+02  1.3349E+02
0000640   3.2190E+02 -3.0875E+02 -3.7311E+02
0000641   4.3926E+02 -1.1901E+02  1.4582E+02
0000642   5.2371E+02 -3.5124E+02  3.2133E+02
0000643   2.6831E+02 -2.3867E+02 -1.1265E+01
0000644   3.5331E+02 -1.5558E+02 -4.5088E+02
0000645   3.3482E+02  5.9704E+01 -1.4987E+02
0000646   1.4849E+02 -1.7544E+02 -4.5847E+00
0000648   2.6786E+02 -1.0644E+02 -4.0475E+02
0000649   1.9365E+02  3.4473E+01 -1.0932E+02
0000650   4.9102E+02  7.3996E+01  4.2965E+01
0000651   2.4796E+02 -8.5964E+00  2.0285E+02
0000652   1.3794E+02 -1.6938E+02  4.4132E+01
0000654   2.7631E+02 -2.8103E+00  1.4059E+02
0000655   4.3651E+02  1.6347E+02  2.5865E+02
0000656   4.1170E+02 -2.0920E+02 -2.5145E+02
0000658   1.3216E+02 -7.2171E+01  3.6098E+01
0000659   3.7873E+02  3.5948E+01 -1.9063E+02
0000660   2.9569E+02  1.6061E+02  1.8519E+00
0000661   2.2216E+02  9.7851E+01 -1.7038E+01
0000662   1.9288E+02 -8.6204E+01  1.0820E+02
0000663   2.7711E+02  4.5069E+02 -5.8424E+00
0000664   3.6486E+02  2.6308E+02  3.7794E+01
0000665   4.2315E+02 -3.9320E+01 -1.2701E+02
0000666   4.7120E+02  1.3734E+01 -2.8762E+01
0000667   3.7978E+02  9.2977E+01  1.9051E+02
0000668   4.8613E+02 -5.8019E+01  1.5907E+02
0000669   6.1421E+01  3.7560E+00 -1.7610E+01
0000670   4.7400E+02  1.7234E+02 -7.8984E+01
0000671   3.9289E+02 -1.8982E+02  3.8967E+02
0000672   1.6810E+02 -2.1508E+02 -2.9364E+01
0000673   1.2301E+02  5.8628E+01 -3.4222E+02
0000674   3.3647E+02  8.1005E+01 -5.6626E+01
0000675   7.5736E+01 -1.7825E+01  6.2653E+01
0000677   3.6268E+02 -1.5406E+02 -2.0977E+02
0000678   2.4536E+02 -3.3913E+02 -2.2573E+02
0000679   2.4585E+02  1.2161E+01  5.4836E+01
0000680   3.2895E+02  1.1811E+02 -1.2635E+02
0000682   2.2218E+02  1.9564E+02 -1.5623E+02
0000683   6.9424E+01  2.6816E+02 -3.1327E+01
0000684   5.2437E+02 -2.5177E+02 -1.3744E+02
0000685   7.5373E+02 -2.1946E+01  9.8649E+00
0000686   3.0352E+02  7.2778E+01 -1.2945E+02
0000687   1.3540E+02  2.3887E+01 -1.0141E+02
0000688   5.7234E+02 -8.4745E+01 -3.2989E+02
0000689   4.2562E+02  2.6463E+02  1.3594E+02
0000690   2.7237E+02  1.3913E+02 -1.1848E-02
0000691   1.6756E+02  2.2068E+02 -2.5366E+01
0000692   3.6111E+02 -2.3264E+01 -2.1725E+01
0000693   4.7237E+02  3.2304E+01  6.5395E+01
0000694   1.7326E+02 -2.7812E+02 -2.5971E+02
0000695   1.6352E+02 -1.1795E+02  1.1157E+02
0000696   4.0478E+02  4.1736E+00  2.3302E+01
0000697   2.8127E+02  3.5634E+01 -2.3341E+02
0000698   3.9616E+02  4.7776E+01 -2.1550E+02
0000699   1.9784E+02 -8.5161E+01 -5.5128E+01
0000700   3.5554E+02  4.0363E+01  3.8797E+02
0000701   2.7748E+02 -1.8292E+02  6.7305E+01
0000702   3.0441E+02  7.4369E+01 -2.7744E+02
0000703   5.4645E+02 -9.1729E+01  8.5811E+01
0000704   1.0255E+02  4.0358E+00 -3.7135E+02
0000705   4.7647E+02 -2.5655E+02 -1.3096E+02
0000706   4.6719E+02  1.2610E+02  1.7883E+02
0000707   6.5828E+02  1.0426E+02 -9.6190E+01
0000708   3.5251E+02  4.1543E+01  2.5138E+02
0000709   4.3649E+02  1.2214E+02  2.5957E+02
0000710   2.5092E+02  7.0033E+01  1.7574E+02
0000711   2.1179E+02  2.7154E+02 -2.4467E+02
0000712   1.1202E+02 -6.2982E+01 -1.8768E+02
0000713   1.1929E+02  3.0120E+01  1.3685E+02
0000714   3.3913E+02 -2.6347E+01  3.5280E+02
0000715   8.0641E+01  1.8090E+02  3.0940E+01
0000716   1.3270E+02 -2.7694E+01 -2.0489E+02
0000717   8.5280E+01  3.3462E+02 -8.1815E+01
0000718   2.7788E+02  1.1302E+02 -8.4580E+01
0000719   2.7710E+02  1.2758E+01 -3.0356E+02
0000720   2.9377E+02  1.0662E+02 -1.1098E+02
0000721   1.8290E+02 -1.0998E+02  3.2576E+01
0000722   7.1456E+01 -1.5249E+02  1.9268E+01
0000723   1.2331E+02 -3.7567E+01 -2.4761E+02
0000724   2.8527E+02  1.4857E+02  1.5804E+02
0000725   5.7900E+01 -6.5772E+01  4.3671E+01
0000726   2.9570E+02  1.7014E+02  4.1303E+02
0000727   1.7867E+02 -1.2176E+02 -1.2715E+02
0000728   2.3274E+02 -2.9854E+02 -1.5666E+02
0000730   3.0095E+02  7.1660E+01  8.2179E+01
0000731   4.7991E+02  1.8862E+01 -1.6201E+02
0000732   2.3468E+02 -4.4177E+01  2.2612E+02
0000733   3.4124E+02 -1.1756E+01 -1.5234E+02
0000734   4.7634E+02 -1.1158E+02 -1.2995E+02
0000735   1.7226E+02  9.5395E+01 -4.7140E+01
0000736   2.9805E+02  3.4544E+02  1.3620E+02
0000737   3.5562E+02  1.7708E+02  1.6486E+02
0000739   6.5709E+02  7.1264E+01 -4.5411E+01
0000740   1.2872E+02  2.9808E+02  3.0122E+02
0000741   1.8598E+01 -1.8895E+02  3.1644E+02
0000742   1.9553E+02  9.1790E+01 -1.8794E+02
0000743   3.0424E+02 -2.0743E+01  1.7944E+02
0000744   2.2340E+02 -1.7174E+02 -3.5475E+01
0000745   3.0163E+02 -7.7705E+01 -1.7347E+02
0000746   1.0555E+02 -7.5548E+01 -6.3106E+01
0000747   2.8102E+02  3.0288E+01  1.2209E+01
0000748   3.2392E+02  6.1045E+01 -8.1899E+01
0000749   3.9263E+02 -1.0438E+02  4.2363E+02
0000750   2.1965E+02 -4.8224E+01  2.4736E+02
0000751   1.9084E+02 -3.7589E+02  1.9690E+01
0000752   1.0645E+02  2.1337E+02  2.1383E+02
0000753   2.3926E+02 -2.1771E+01 -1.2512E+02
0000754   5.3472E+02  1.9379E+02  3.6968E+02
0000755   6.2419E+02  2.8846E+01  5.8723E+01
0000756   4.1219E+02 -1.6276E+02  2.1595E+02
0000757   2.2670E+02 -5.9204E+01  1.9809E+02
0000758   2.5046E+02  3.5076E+01 -1.3844E+01
0000759   2.6234E+02 -8.0403E+01 -2.1950E+02
0000760   3.6124E+02 -2.2640E+02 -3.3724E+01
0000761   2.8719E+02  9.3662E+01  1.5876E+02
0000762   3.1438E+02 -3.5892E+01  3.2495E+00
0000763   4.9417E+02  3.9097E+02 -1.1392E+01
0000764   1.0677E+02  1.5609E+01 -4.1028E+02
0000765   4.3984E+02  5.1271E+02  3.0826E+02
0000766   9.1231E+01 -2.4746E+02  8.8063E+01
0000767   5.3305E+02  9.1907E+01  7.9679E+01
0000768   2.0473E+02  1.4989E+02  2.7565E+02
0000769   3.2628E+02  2.1513E+02 -2.3343E+01
0000770   5.9589E+02  2.5020E+02 -7.3597E+01
0000771   1.0227E+02 -8.9756E+01  6.6061E+01
0000772   1.1904E+02 -3.3757E+02 -1.4091E+02
0000773   2.2288E+02  3.5669E+02  2.8399E+02
0000774   1.1681E+02 -1.1366E+02 -1.7335E+02
0000775   4.3331E+02  1.2617E+02 -7.0768E+01
0000776   1.7053E+02 -8.6596E+01 -7.0023E+01
0000777   2.1881E+02  2.8230E+02  1.3469E+02
0000778   4.5903E+02  1.7654E+01 -1.3559E+02
0000780   2.8064E+02 -6.6755E+01 -7.1593E+01
0000781   2.7391E+02  3.7034E+01  3.5088E+01
0000782   2.7612E+02 -1.5591E+02  2.7007E+01
0000783   5.8954E+02  3.2791E+02  6.2273E+01
0000785   6.0048E+02  1.4704E+02 -5.9679E+01
0000787   2.2463E+02  5.3881E+01 -1.9866E+01
0000788   2.5680E+02 -5.4273E+01 -1.6099E+02
0000789   4.2056E+02  3.2998E+01 -1.8187E+02
0000790   5.3738E+02 -1.5420E+02 -5.3541E+01
0000791   2.4933E+02 -4.6549E+01 -7.6373E+01
0000792   5.9296E+01 -2.6062E+02  1.0904E+01
0000793   4.0331E+02  1.3423E+02 -1.3070E+02
0000794   8.2328E+02 -3.6567E+02 -6.2281E+00
0000796   4.4459E+02 -2.6037E+02  2.5148E+02
0000797   3.7186E+02  1.6623E+02  1.4913E+02
0000798   3.9274E+02 -3.9643E+01  7.8816E+01
0000799   4.0437E+02  1.8012E+02  1.2281E+02
0000800   2.1595E+02 -6.0069E+01 -2.3771E+01
0000801   5.2591E+02 -5.4866E+01 -8.8652E+01
0000802   2.6184E+02 -8.3518E+01  1.1034E+02
0000803   2.9495E+02 -4.5634E+01  5.0665E+01
0000804   5.4807E+02 -1.4738E+02  1.6443E+01
0000805   2.3888E+02  6.4275E+01  4.1977E+01
0000806   2.5256E+02  3.2272E+02  8.6025E+01
0000807   2.1115E+02  2.2090E+01  8.9935E+00
0000809   3.4482E+02  1.2671E+02  1.5559E+02
0000810   2.6457E+02  6.3943E+01 -1.3245E+02
0000811   3.1887E+02 -1.0549E+02 -1.6528E+02
0000812   2.0406E+02  1.6424E+02  1.6543E+01
0000813   2.0120E+02 -4.7138E+01  9.9124E+00
0000814   4.1340E+02 -1.1358E+02 -1.4519E+02
0000815   4.4652E+02  3.4165E+01  2.9610E+01
0000817   5.9706E+01 -7.1249E+01  2.3367E+01
0000819   3.5753E+01 -3.4427E+01 -7.8954E+01
0000820   5.5995E+02 -3.3096E+01 -1.5303E+02
0000821   2.9107E+02  8.6307E+01  2.4526E+02
0000822   4.2144E+02 -1.1190E+02 -2.3885E+02
0000823   5.0272E+02  2.5784E+02 -3.5300E+02
0000824   5.2140E+02  9.8644E+01 -2.0463E+02
0000825   9.6702E+01 -1.3796E+02  3.7077E+01
0000826   5.2374E+01 -2.6134E+01  1.9187E+02
0000827   1.1030E+02 -8.6665E+01  7.3093E+01
0000828   2.3490E+02  2.5794E+02 -8.8064E+01
0000829   8.8411E+01  2.2063E+02  6.8173E+01
0000830   1.2873E+02 -2.6370E+02  2.2036E+02
0000831   1.6264E+02  1.1333E+02  1.9248E+02
0000832   1.7150E+02  1.3687E+02  1.2256E+02
0000833   1.1277E+02  1.7875E+01 -6.7909E+01
0000834   2.6792E+02 -3.1347E+01 -2.1514E+02
0000835   4.2746E+02 -4.2385E+01  2.7752E+02
0000836   1.3041E+02 -1.2803E+02  1.1915E+02
0000837   1.7137E+02  3.8430E+01 -1.7339E+02
0000838   3.7849E+02  2.5111E+02 -1.5170E+02
0000839   6.7611E+02 -7.1356E+01  1.9292E+02
0000841   2.4132E+02 -1.0983E+02  3.1829E+02
0000842   4.4861E+02 -1.8285E+02 -2.7617E+02
0000843   6.2345E+02 -1.1701E+02 -1.3120E+02
0000844   1.9193E+02  9.7943E+01 -1.0940E+01
0000845   4.8398E+02 -1.0313E+02 -2.2769E+02
0000846   1.8258E+02  7.2007E+01 -1.0448E+02
0000847   2.7480E+02  9.1346E+01 -3.7562E+01
0000849   5.7249E+02  1.2583E+02  9.8860E+01
0000850   3.6296E+02  1.4085E+02  1.4508E+02
0000851   2.7483E+02 -2.3043E+01 -4.3475E+01
0000852   6.1724E+01 -1.5610E+02  1.6536E+02
0000853   3.2114E+02  2.7934E+02 -5.4176E+01
0000854   4.7415E+02  2.6045E+02 -1.0225E+02
0000855   2.4139E+02  1.2973E+02  1.0642E+02
0000856   1.0052E+02  1.7825E+01  1.0119E+02
0000857   2.9504E+02  2.4334E+01 -2.9679E+02
0000858   3.5622E+02 -8.3318E+01 -7.9258E+01
0000859   5.8750E+02  8.6625E+01  7.6206E+00
0000860   2.0977E+02 -3.7997E+01  3.4346E+02
0000861   1.2278E+02 -3.7315E+02 -2.3174E+02
0000862   3.8667E+02  9.0952E+01 -1.1772E+02
0000863   4.8788E+02  3.3888E+02  3.2483E+01
0000864   3.0069E+02  3.0037E+02  3.1094E+02
0000865   4.8114E+02  2.6081E+02  3.9065E+01
0000866   2.1125E+02  2.2869E+02 -1.9044E+02
0000867   1.1467E+02 -1.1478E+02  2.0555E+02
0000868   4.9928E+02 -9.3644E+01  4.9750E+02
0000869   9.8805E+01 -1.2915E+02  4.2577E+01
0000870   5.7431E+02  2.4838E+01 -1.8641E+02
0000871   4.2051E+01  3.4157E+02 -2.8841E+01
0000872   4.4858E+02  2.0671E+01 -1.3642E+02
0000873   3.4044E+02 -9.7219E+01 -8.9294E+01
0000874   1.8361E+02 -1.2139E+02  1.3662E+02
0000875   5.5305E+02  3.7454E+02  2.4253E+02
0000876   2.0366E+02 -6.8567E+01  1.3354E+02
0000877   4.3719E+02 -5.4663E+01  9.5725E+01
0000878   3.2456E+02  1.3666E+02 -7.5628E+00
0000879   3.6021E+02  1.5443E+02  2.4170E+01
0000880   1.4796E+02  1.7897E+02  9.7056E+01
0000881   4.9465E+02  9.5670E+01 -3.7867E+01
0000882   3.7577E+02  9.6196E+01  9.4466E+01
0000883   4.0290E+02 -1.6457E+02 -1.5697E+02
0000884   2.3242E+02  1.8318E+02  4.5202E+02
0000885   3.7984E+02  4.0968E+01  1.8451E+02
0000886   1.0009E+02 -6.0739E+01 -1.3043E+02
0000887   2.6765E+02  2.6246E+01  7.2664E+01
0000888   6.8846E+01 -1.8599E+02 -3.1248E+02
0000889   7.6469E+02  1.4076E+02  5.2612E+01
0000890   5.8400E+02  7.4189E+01 -1.3293E+02
0000891   3.7017E+02  2.5666E+02 -5.4035E+01
0000893   1.7967E+02  9.0982E+01  9.5416E+01
0000894   7.3587E+02 -1.1412E+02  1.8597E+01
0000895   2.3713E+02  6.5869E+01 -9.0307E+01
0000896   3.8498E+02  8.0359E-01  2.7610E+02
0000897   2.2582E+02  1.6076E+02  1.0284E+02
0000898   6.1923E+01 -2.2832E+02  3.6994E+02
0000899   2.6031E+02 -7.6482E+00 -1.8878E+01
0000900   3.0323E+02  1.6617E+02 -1.3929E+02
0000901   1.3106E+02 -1.0973E+02  1.5499E+02
0000902   9.8063E+01 -1.1093E+02  1.7579E+02
0000903   3.1717E+02  1.6605E+02  6.3529E+01
0000904   3.1046E+02  2.3432E+02 -2.0533E+01
0000905   4.5170E+02  9.6420E-01 -1.9066E+02
0000906   3.5796E+02 -1.9151E+02  6.6232E-01
0000907   4.3197E+02 -1.3874E+02 -8.1215E+01
0000908   4.8593E+02  2.7736E+02  5.8889E+01
0000909   3.0600E+02 -1.3264E+02 -3.4812E+02
0000910   8.3379E+01 -2.2249E+02 -4.8914E+01
0000911   3.0577E+02 -2.4817E+02  1.1565E+02
0000912   3.3185E+02 -1.5755E+02 -1.1909E+02
0000913   1.3025E+02 -2.7486E+02  1.2829E+02
0000914   2.2732E+02 -3.1829E+02  1.2464E+02
0000915   2.4532E+02  4.0032E+02 -9.6500E+01
0000916   2.0242E+02 -2.5832E+01  3.7121E+02
0000917   1.2377E+02  4.9944E+02  1.8272E+02
0000918   2.3117E+02 -7.1588E+01  4.0131E+01
0000919   2.9481E+01 -6.4194E+01  2.5252E+02
0000920   1.9988E+02  2.5244E+02 -8.6907E+01
0000921   3.0421E+02 -1.2963E+02  1.7956E+02
0000922   2.9961E+02  8.9668E+01  1.2974E+02
0000923   8.2413E+00 -4.7968E+01  1.6260E+02
0000924   6.7262E+02 -4.8961E+01 -1.6047E+02
0000925   1.3604E+02  8.4065E+01  2.4214E+01
0000926   4.8247E+02  2.0397E+02 -2.6078E+01
0000927   4.0016E+02  2.4746E+02  7.3774E+01
0000928   2.6904E+02 -1.3775E+02 -6.7344E+01
0000929   8.3126E+01 -1.2144E+02 -2.1459E+02
0000930   2.4536E+02 -4.5610E+01 -8.5659E+01
0000931   5.6271E+02 -4.1605E+01  1.5212E+01
0000932   1.2878E+02 -4.5525E+01 -9.4618E+01
0000933   4.1701E+02  1.8448E+02 -1.2782E+02
0000934   3.9466E+02 -2.1425E+02  1.9430E+02
0000935   1.5791E+02 -1.5161E+02 -2.0551E+01
0000936   1.3928E+02  1.2853E+02 -1.0519E+02
0000937   4.5254E+02  1.6144E+02 -3.6240E+01
0000938   2.1156E+02 -1.6009E+01 -8.0053E+01
0000940   1.1718E+02 -1.6502E+02 -2.6499E+02
0000941   3.4381E+02 -1.9645E+02 -1.9424E+02
0000942   1.3683E+02 -2.0941E+02 -5.0454E+01
0000943   3.0081E+01 -6.8570E+00  1.3790E+02
0000944   3.6888E+01  4.0960E+01 -6.5665E+01
0000945   3.9609E+02  1.8304E+02 -8.0253E+00
0000946   6.5690E+02 -8.5588E+01  9.0684E+00
0000947   1.8667E+01 -4.2142E+00 -6.8865E+01
0000948   3.6976E+02 -4.7988E+01  6.3787E+01
0000949   2.6047E+02  2.3804E+01  1.1855E+02
0000950   5.2295E+02  6.3362E+00 -2.6104E+02
0000951   8.0109E+02 -2.4305E+02 -1.0944E+02
0000952   3.7365E+02 -2.0921E+02  8.5910E+01
0000953   2.4703E+02  1.8633E+02 -1.2439E+02
0000954   6.1655E+01 -3.3844E+00 -3.0542E+02
0000955   2.1598E+02 -1.9586E+02  3.3796E+01
0000956   2.4324E+02 -1.1766E+02  1.8000E+02
0000957   3.9088E+02 -1.3190E+02  6.1196E+01
0000958   6.2393E+02 -6.4795E+01  3.0599E+02
0000959   5.3845E+02  2.5847E+02 -7.2630E+01
0000960   1.6905E+01 -3.8986E+02 -3.7838E+02
0000962   2.9841E+02  2.4121E+02  1.6583E+02
0000963   2.2348E+02  2.8153E+02 -1.2539E+02
0000964   1.1294E+02 -9.2807E+01 -1.5804E+02
0000965   2.2287E+02 -3.5051E+00  1.6070E+02
0000966   1.4368E+02 -9.2999E+01 -3.8062E+01
0000967   3.0487E+02  1.6822E+02 -1.7024E+02
0000968   1.8755E+02 -2.1616E+02 -3.9632E+01
0000969   2.8852E+02  4.4594E+01  9.2085E+01
0000970   1.7744E+02  2.5331E+02 -1.1733E+01
0000971   4.4274E+02 -7.1881E+01  2.5154E+02
0000972   3.6222E+02  1.5446E+02 -1.1609E+02
0000973   1.9478E+02 -1.1667E+02 -9.3839E+01
0000974   2.3554E+02  2.6740E+02 -3.0179E+02
0000975   5.4619E+02 -9.6455E+01  1.7004E+02
0000976   1.5635E+02 -1.5400E+02 -5.5385E+01
0000977   3.0723E+01 -1.7696E+02  1.4037E+01
0000978   2.4646E+02  3.4517E+01 -2.7365E+02
0000979   6.0407E+02  5.9940E+01 -1.5980E+02
0000980   9.4690E+01 -6.9879E+01 -1.8911E+02
0000981   4.0670E+02  1.9951E+02  3.1944E+02
0000982   4.3171E+02  4.5781E+02  8.1132E+01
0000983   1.3684E+02  3.6982E+02 -2.2815E+02
0000984   1.8479E+01  2.5136E+02  1.4134E+02
0000985   3.7267E+02  7.6509E+01  3.7064E+01
0000986   3.9679E+02  2.6062E+00  9.0268E+01
0000987   2.5241E+02  8.5260E+01  1.2967E+02
0000988   2.6990E+02  3.1274E+02 -8.0223E+01
0000991   4.7495E+02  8.6314E+01  1.8340E+02
0000992   1.2700E+02  1.4410E+02 -5.0157E+00
0000993   3.8594E+02  1.3783E+02 -2.4983E+02
0000994   3.3724E+02  1.3386E+02  5.6976E+01
0000995   4.5000E+02  9.8665E+01 -6.0367E+01
0000996   5.7461E+02 -1.6672E+02  1.3378E+02
0000997   3.5608E+02 -1.9326E+02 -3.3016E+02
0000998   4.1204E+02 -4.4714E+02  1.1789E+02
0000999   2.0771E+02  2.0536E+02  1.8005E+01
0001000   1.1574E+02 -9.1777E+01 -3.8087E+02
