============================== SRIM-2013.00 ==============================
==============================================================================
====== SRIM Outputs\RANGE_3D.txt : File of Final Ion Positions =====

Ion =  F (09)   Ion Mass= 018.9984
Energy  = 3000000.E-05 keV
Ion Angle to Surface = 00.0 degrees
==================== TARGET =======================
  Layer # 1 - None
  Layer # 1 - Bottom Depth=500000.E-01 A
  Layer # 1 - Density =0007.8700 g/cm3
  Layer # 1 -  100 % of Fe
ÍÍÍÍÍÍÍÍÍÍÍÍÍÍÍÍÍÍÍÍÍÍÍÍÍÍÍÍÍÍÍÍÍÍÍÍÍÍÍÍÍÍÍÍÍÍÍÍÍÍÍÍ
                                            
Ion       Depth  X   Lateral Y   Lateral Z  
Number    (Angstrom) (Angstrom)  (Angstrom) 
-------  ----------- ----------- -----------
0000001   4.7869E+02 -4.1084E+01 -2.9839E+01
0000002   5.7174E+02 -9.7637E+01  6.6758E+00
0000003   3.6985E+02 -1.0486E+02 -7.0739E+01
0000005   4.8344E+02 -3.2343E+02  2.8121E+01
0000006   2.1459E+02 -5.8735E+01  1.3790E+02
0000007   1.3474E+02 -2.0975E+02  7.8006E+01
0000008   2.4802E+02  3.1470E+01  6.0898E+01
0000009   6.2186E+02 -2.4449E+02  2.3545E+01
0000010   1.3957E+02  1.9041E+02  2.7597E+02
0000011   3.1963E+02  2.0047E+02 -1.2642E+02
0000012   1.0750E+02  1.1741E+02  1.1420E+02
0000013   3.5693E+02  2.4903E+02  1.0027E+02
0000014   4.9245E+02 -8.8702E+01  2.2510E+02
0000015   7.0101E+02 -5.1236E+01 -1.0784E+01
0000016   5.8745E+02  5.9051E+01 -1.7795E+02
0000017   5.1303E+01 -2.1303E+02 -2.4479E+02
0000018   3.5437E+02  1.2413E+02 -1.1745E+02
0000019   1.5584E+02  8.2614E+01 -2.2501E+02
0000020   5.4090E+02  4.5855E+01 -1.9432E+02
0000021   3.0062E+02  1.8670E+02  3.2664E+02
0000022   4.0165E+02  5.3267E+01 -1.6193E+02
0000023   3.1702E+02  3.1185E+02 -5.3682E+01
0000024   1.9156E+02 -1.4161E+02 -2.2320E+02
0000025   2.3836E+02  2.0574E+02  2.8945E+01
0000026   3.4404E+02  2.5690E+02  1.2531E+02
0000027   3.4293E+01 -1.4584E+02 -4.1567E+01
0000028   2.6976E+02  1.8599E+02  3.4289E+01
0000029   4.6302E+01 -7.8176E+01 -3.1451E+01
0000030   2.5692E+02 -8.8216E+01 -6.8537E+01
0000031   2.3370E+02 -3.1737E+00  9.9559E+00
0000033   2.4413E+02 -2.8165E+02 -2.5359E+02
0000035   4.7009E+02  2.7403E+02 -1.4233E+02
0000037   4.5040E+02 -1.8969E+02 -1.2128E+02
0000038   2.6574E+02 -1.3822E+02  1.8362E+02
0000039   2.4067E+02  4.9239E+01  3.0866E+01
0000040   2.4286E+02 -2.7410E-02 -1.0928E+02
0000041   9.4340E+01  7.4929E+01  8.2518E+01
0000043   2.9827E+02 -8.1784E+01  7.7491E+01
0000044   3.1224E+02  2.1643E+02  1.2458E+02
0000045   1.8585E+02  1.2761E+02  1.3829E+01
0000046   6.3502E+02 -1.6095E+02 -1.7094E+02
0000047   1.1966E+02  1.2541E+02 -3.0904E+01
0000048   2.6487E+02 -1.4058E+02 -5.5784E+01
0000049   2.7132E+02  2.7175E+01  1.4792E+02
0000050   2.0425E+02 -4.3769E+01  2.4227E+02
0000051   2.6305E+02 -3.0053E+02  5.4072E+01
0000052   7.6714E+01  7.4849E+01  4.0773E+00
0000053   3.6541E+02  1.1388E+02  2.3036E+02
0000054   6.6670E+02 -2.5999E+02 -2.9400E+02
0000055   1.3617E+02  9.1185E+01  1.1983E+02
0000056   3.5301E+02 -2.2009E+01 -3.4216E+02
0000057   3.6687E+00  1.7109E+02  4.3617E+01
0000058   4.6404E+02  1.6305E+02  2.4356E+02
0000059   4.8846E+01 -6.7448E+01 -2.4996E+02
0000060   1.2749E+02  2.3406E+02  2.3336E+02
0000061   2.4411E+02  1.4744E+01 -9.4188E+01
0000063   7.4194E+02  1.2830E+02 -1.9199E+02
0000064   2.9044E+02  1.8977E+02 -1.9935E+01
0000065   3.1144E+02 -1.9750E+02  7.5434E+01
0000066   3.8449E+02 -2.5947E+02 -1.0164E+02
0000067   3.2661E+02 -3.9223E+01 -4.4040E+01
0000068   4.4533E+02 -4.0870E+01  3.3094E+01
0000069   2.3830E+02 -2.9699E+02 -5.3781E+01
0000070   3.8674E+02 -1.6671E+02 -2.6661E+02
0000071   3.1973E+02 -1.2263E+02  1.3559E+02
0000072   1.9801E+02 -3.5245E+01 -1.0833E+02
0000073   4.6533E+02  1.0846E+00  8.8489E+01
0000074   1.3750E+02  7.6379E+01  1.5244E+02
0000076   1.2770E+02 -1.5639E+02  4.0434E+00
0000077   3.4918E+02  1.9146E+02 -3.8411E+02
0000079   1.5045E+02  3.3100E+02 -9.7602E+01
0000080   3.4525E+02  1.5011E+02  6.0557E+01
0000081   3.6933E+02 -2.2770E+02 -2.2995E+02
0000082   7.1753E+01 -3.7251E+01  2.3303E+02
0000083   4.6126E+02 -2.6442E+02 -3.0141E+02
0000084   3.0510E+02 -9.3555E+00  1.8095E+02
0000085   2.6569E+02 -2.2258E+02  1.1804E+02
0000086   2.9768E+02  1.2377E+02  7.6583E+01
0000087   3.0586E+02  1.9730E+02  3.5923E+01
0000088   2.5145E+02 -8.2050E+01 -2.0283E+01
0000089   2.0745E+02 -2.5940E+02  7.5855E+01
0000090   4.6693E+02 -1.7305E+02 -5.6862E+01
0000091   5.5005E+02 -1.9753E+02 -3.6481E+01
0000092   3.7157E+02  2.8025E+00 -4.5459E+01
0000093   4.3819E+02 -1.5950E+02  3.7145E+01
0000094   7.1226E+01 -2.6184E+02  2.2745E+02
0000095   1.3493E+02 -6.4626E+01  2.7515E+02
0000096   2.5327E+02  3.2024E+02 -1.2610E+02
0000097   5.2832E+02 -9.9783E+01 -2.1106E+01
0000098   3.5694E+02 -7.2584E+01  1.8725E+01
0000099   4.1163E+02 -7.8762E+01  6.9098E+01
0000100   3.2668E+02  4.8144E+01  1.5295E+02
0000101   3.9986E+02 -9.1776E+01 -3.6878E+02
0000102   1.6515E+02  4.3354E+01 -4.6566E+01
0000103   1.0133E+02 -8.3904E+01  2.1089E+02
0000104   1.8990E+02  6.0133E+01  3.3953E+01
0000105   4.7720E+02  4.3593E+01  1.7919E+02
0000106   3.5441E+02  1.4387E+01  1.4984E+02
0000107   2.0143E+02  8.7495E+00  6.9494E+01
0000108   1.4597E+02 -1.6508E+02 -3.0274E+01
0000109   3.7166E+02  6.0858E+01  1.0357E+02
0000110   4.3462E+02 -2.8709E+02  3.9700E+01
0000111   2.6068E+02  8.8944E+01  1.0359E+02
0000112   2.4270E+02  1.5599E+02  1.9613E+02
0000113   2.9909E+02  1.6025E+02 -2.9075E+02
0000114   8.3346E+01 -8.7190E+01 -7.0831E+01
0000115   2.8472E+02 -2.0783E+02 -1.7188E+02
0000116   3.6125E+02  9.4042E+01 -2.5761E+02
0000117   4.9018E+02 -3.1960E+02 -1.4997E+01
0000118   7.3429E+02 -8.7565E+01 -2.0057E+01
0000119   5.5167E+02 -1.1391E+02  1.1327E+02
0000120   2.8476E+02  1.3648E+02 -8.2411E+00
0000121   5.3908E+02  3.0459E+01 -3.5292E+01
0000122   2.5144E+02 -4.6761E+02 -2.0560E+02
0000123   5.7908E+02 -1.8583E+02 -1.6091E+02
0000124   6.2911E+02  1.0328E+02 -2.0972E+02
0000125   3.6497E+02 -3.7593E+02  1.3964E+02
0000126   4.7960E+02 -9.1396E+01 -4.7889E+01
0000127   3.9697E+02 -6.9905E+01  1.4735E+02
0000128   3.4211E+02  1.1757E+02 -1.4846E+02
0000129   4.3549E+02  2.9371E+02  1.0154E+02
0000130   2.6976E+02 -7.8787E+00 -2.2222E+02
0000131   2.3944E+02 -1.0204E+02  2.7082E+02
0000132   4.0341E+02 -3.1723E+02 -2.1627E+01
0000133   2.0276E+02 -6.9178E+01 -2.8848E+01
0000134   2.4470E+02  5.0603E+01 -1.0364E+02
0000135   3.3335E+02  7.9735E+01 -3.8586E+02
0000136   3.8472E+02 -1.6128E+02 -1.0815E+02
0000137   3.6056E+02  5.1778E+00 -2.3506E+00
0000138   3.2211E+02 -4.4664E+02  3.8317E+02
0000139   4.0976E+02  2.6942E+02 -9.5991E+01
0000140   4.3668E+02 -1.2174E+02 -1.7171E+02
0000141   4.4501E+02  1.4617E+02  4.2134E+01
0000142   1.9320E+02  3.6994E+02  7.6658E+00
0000143   1.7315E+02 -1.7563E+01 -3.4286E+02
0000144   2.2374E+02  1.4897E+01 -9.7804E+01
0000145   1.5866E+02  2.5408E+01  2.3636E+02
0000146   4.6881E+02  3.7114E+02  2.8185E+02
0000147   6.6663E+01  1.7085E+02 -1.8546E+02
0000148   2.7089E+02 -2.6129E+02  2.1461E+02
0000149   6.7707E+02 -3.5660E+01 -1.6815E+01
0000150   2.2537E+02  1.2794E+02  1.5951E+02
0000151   3.4668E+02 -2.7020E+02 -1.8055E+02
0000152   1.0088E+02 -3.9040E+02  5.9396E+01
0000153   1.2482E+02  9.6628E+01  4.3946E+01
0000154   4.9126E+02  1.4525E+02  3.7049E+01
0000155   4.4116E+02 -1.2729E+02 -4.9392E+01
0000156   4.3353E+02  1.5578E+01 -6.5947E+01
0000157   3.5528E+02 -2.2217E+02  4.3713E+02
0000158   1.9508E+02 -2.2254E+02 -2.9518E+02
0000159   3.3647E+02 -1.3244E+02 -4.3043E+01
0000160   5.0232E+02 -2.6765E+02 -2.3307E-01
0000161   2.2245E+02 -4.3018E+01  3.2142E+02
0000162   5.4450E+01 -1.6755E+02 -7.9074E+01
0000163   1.4287E+02  2.1403E+02 -8.9689E+00
0000164   1.7476E+02  7.5229E+00  1.9216E+02
0000165   6.8734E+01  1.0625E+02  1.0919E+02
0000166   2.6855E+02  1.3748E+01  2.8900E+01
0000167   4.7502E+02 -2.0798E+02 -1.2282E+02
0000168   4.0015E+02  3.3337E+02 -4.6401E+01
0000169   1.0825E+02 -3.0372E+02  1.0297E+02
0000170   3.6293E+02 -2.1350E+02  3.0649E+02
0000171   1.7501E+02  1.5220E+02 -1.1012E+02
0000172   6.5423E+02  2.1707E+02  3.1395E+01
0000174   5.4903E+02  5.6571E+00 -2.3008E+01
0000175   2.6358E+02 -1.3399E+01 -8.5812E+01
0000176   7.6090E+01 -1.7118E+02 -1.2099E+02
0000177   4.0623E+02  3.8841E+01  1.8189E+02
0000178   4.9958E+02 -1.4264E+02  2.5605E+01
0000179   2.0295E+02 -9.5649E+01  7.3098E+01
0000180   4.8431E+02 -9.9918E+01 -7.4223E+01
0000181   4.7099E+02  1.2718E+02 -4.3160E+01
0000182   4.0768E+02  1.1487E+02  3.6598E+01
0000183   6.2900E+02 -1.3037E+02 -2.3519E+02
0000184   6.7655E+02  1.5757E+02 -1.5737E+02
0000185   3.1085E+02  1.5868E+02 -5.9246E+01
0000186   4.3037E+02 -8.0865E+01 -1.5389E+01
0000187   2.2069E+02  4.2435E+01  1.1910E+02
0000188   6.2904E+02  1.1228E+02  1.3640E+02
0000189   1.7685E+02  1.6678E+02 -3.8098E+01
0000191   3.7858E+02 -1.0549E+02 -2.0084E+02
0000192   8.2843E+01 -1.5356E+02 -7.0601E+01
0000193   4.3560E+02 -6.3260E+01  6.1988E+01
0000194   1.3924E+02 -1.6066E+02  1.2193E+02
0000195   5.3205E+02 -5.0211E+02 -3.2959E+01
0000196   2.4877E+02 -2.7438E+01 -2.0015E+02
0000197   2.9130E+02 -1.1517E+02 -8.9883E+01
0000198   2.9768E+02  4.0664E+01  5.1742E+01
0000199   1.2928E+02 -1.5471E+02  1.7729E+01
0000200   4.1587E+02  1.1777E+02  7.3329E+01
0000201   1.8019E+02 -3.2173E+01 -2.4579E+01
0000202   2.0159E+02 -1.6274E+01 -1.4362E+01
0000203   1.7952E+02  1.8624E+01  3.0409E+02
0000204   6.8499E+01  5.9867E+01 -1.1046E+02
0000205   8.7510E+01 -1.2286E+02  1.4467E+01
0000206   1.3809E+02  1.1675E+02 -2.5126E+02
0000207   4.1322E+02  3.0346E+02  1.4625E+02
0000208   6.3354E+02  3.2751E+02 -4.8644E+01
0000209   5.2055E+02  7.6107E+01  2.4600E+02
0000210   4.7620E+02 -1.0717E+02  1.2446E+02
0000211   4.0322E+02 -1.6053E+02  4.1528E+01
0000212   3.0163E+02  1.9626E+02 -6.9684E+01
0000213   3.2853E+02  8.8310E+01  1.2068E+02
0000214   1.7633E+02 -1.7188E+02 -1.3868E+02
0000215   3.5449E+02 -8.6219E+01  2.3695E+01
0000216   5.3813E+02 -1.4576E+02 -1.2891E+01
0000218   3.5707E+02 -4.2615E+01  4.8146E+01
0000219   3.3875E+02 -3.0785E+01 -1.0301E+02
0000220   2.5215E+02  4.0475E+01  1.1661E+02
0000221   3.7839E+02  1.4705E+02  6.6380E+01
0000222   4.1994E+02 -1.3329E+02 -3.8657E+01
0000223   2.3729E+02 -5.2798E+01  1.3669E+02
0000224   2.1642E+02 -1.2469E+01  2.1475E+02
0000225   3.8228E+02  1.7766E+01  9.8290E+01
0000226   3.4609E+02  1.1421E+01 -5.5955E+01
0000227   7.8449E+01 -4.9171E+01 -3.5659E+01
0000228   3.2145E+02  1.6078E+02 -3.4612E+02
0000229   5.9159E+01  1.4675E+02  8.2241E+01
0000230   3.2417E+02 -5.2905E+01 -7.7832E+01
0000231   1.4588E+02  2.1621E+02 -1.6785E+02
0000232   1.3399E+02  9.5890E+01 -3.9475E+01
0000233   1.9288E+02 -8.2930E+01 -3.8584E+02
0000234   2.2235E+02 -9.7408E+00  7.7608E+00
0000235   1.8988E+02  8.0326E+01  3.4252E+02
0000236   2.2794E+02 -1.9390E+02 -2.8604E+02
0000237   3.4304E+02  1.0388E+02 -1.5663E+01
0000238   3.3728E+02 -2.1292E+02 -8.2870E+01
0000239   1.5768E+02 -7.6283E+01  2.3752E+00
0000240   5.2431E+02 -4.9895E+02  1.1653E+02
0000241   3.7770E+02  6.3106E+01  9.1657E+01
0000242   1.9154E+02 -1.2631E+02  3.6262E+01
0000243   2.4149E+02 -3.2868E+02 -5.2160E+01
0000244   2.7730E+02  3.7611E+01  2.7691E+02
0000245   4.5090E+02 -1.4900E+02 -1.4157E+02
0000246   3.5573E+02  1.2745E+02 -9.8914E+01
0000247   2.9257E+02 -2.2355E+02  2.3736E+02
0000248   1.3544E+02  2.8997E+02 -9.5970E+01
0000249   3.8512E+02  1.9570E+02 -1.5735E+02
0000250   3.4947E+02  2.5313E+02  8.8292E+01
0000251   3.1110E+02 -1.9234E+01  3.0516E+02
0000252   3.0308E+02 -8.3055E+01 -1.0668E+02
0000253   6.4668E+02  1.4258E+02 -7.0177E+01
0000254   2.0591E+02  1.7535E+02 -2.3875E+02
0000255   2.3797E+02  1.9555E+02 -2.5026E+02
0000256   9.8080E+01 -3.9197E+02 -1.3752E+02
0000257   2.3565E+02  1.7007E+02 -3.7820E+01
0000258   3.7691E+02  3.2193E+02 -1.8332E+02
0000260   1.2162E+02  4.5031E+01  1.7303E+02
0000261   2.6849E+02 -1.7021E+02 -1.0842E+02
0000262   8.2625E+01  7.2347E+01 -2.9979E+02
0000263   4.6289E+02 -1.3964E+02  2.8057E+00
0000264   5.4935E+02 -7.9853E+01  3.3520E+02
0000266   3.8350E+02  1.7894E+02 -7.5016E+01
0000267   4.3828E+02 -7.2444E+00 -2.8483E+01
0000268   1.2859E+02 -8.5237E+01  1.9958E+02
0000269   2.0693E+02  6.3144E+01  1.7010E+02
0000270   1.4103E+02  4.1864E+01  1.0377E+02
0000271   6.0686E+02 -1.1881E+01  2.0568E+02
0000272   3.1845E+02  2.9371E+00  5.2156E+02
0000273   5.4618E+02  2.2669E+02 -1.0346E+02
0000274   2.3208E+02 -1.3101E+02 -1.8660E+02
0000275   2.7535E+02 -8.9225E+01  1.6961E+02
0000276   3.0135E+02 -7.3941E+00 -2.8084E+02
0000277   2.5948E+02  3.4933E+02  3.0297E+02
0000278   1.8721E+02 -3.4625E+02 -1.3773E+01
0000279   3.0871E+02  2.1603E+02  8.8913E+01
0000280   8.1513E+01 -4.6704E+01  3.7194E+02
0000281   6.3057E+02 -1.5120E+02  1.6476E+01
0000282   1.1574E+02 -4.8810E+01 -3.1153E+02
0000283   5.0121E+01  4.6587E+01  1.2587E+02
0000284   4.5267E+02  3.2886E+02  2.3355E+02
0000286   7.3389E+01 -1.5842E+02 -1.0586E-01
0000287   2.1350E+02  2.8820E+01  3.3750E+02
0000288   2.9157E+02  1.9911E+01  1.6651E+02
0000289   1.1086E+02 -4.2911E+02 -1.1802E+02
0000290   1.4942E+02  7.7880E+01 -1.5764E+01
0000292   2.9751E+02  1.9184E+02  4.3129E+01
0000293   4.0926E+02  1.2585E+02  2.6675E+02
0000294   2.3843E+01  1.9752E+02  8.0612E+01
0000295   2.0527E+02 -5.2179E+02 -2.3702E+02
0000296   1.2137E+02  7.7040E+01 -4.2074E+01
0000297   2.2234E+02 -1.8987E+01  3.1490E+02
0000298   4.3581E+02 -1.6474E+02  1.1559E+02
0000299   1.3668E+02  1.6798E+00 -1.0209E+02
0000300   2.1535E+02 -4.8323E+00 -8.3022E+01
0000301   4.7548E+02  2.8319E+02 -1.9270E+02
0000302   9.3125E+01  6.0906E+01 -6.6567E+01
0000303   4.0517E+02  1.5976E+02 -1.4260E+02
0000304   1.0509E+02 -7.7593E+01  2.6122E+01
0000306   2.7884E+02 -7.3766E+01  1.3739E+02
0000307   1.4159E+01  1.1521E+01  1.4425E+02
0000308   3.7452E+02 -5.0309E+01  8.9468E+01
0000309   2.6122E+02  5.5380E+01  9.8903E+01
0000310   4.6458E+02 -4.6831E+01 -2.5161E+02
0000311   1.7324E+02 -1.7946E+02  1.0109E+02
0000312   3.0014E+02 -1.7310E+02  2.2583E+02
0000313   1.3321E+02 -9.1790E+00 -5.9360E+01
0000314   1.1695E+02 -1.2868E+02 -7.2005E+01
0000315   2.2996E+02  2.1979E+01  7.5432E+01
0000316   5.2086E+02 -8.9430E+01 -1.6152E+02
0000317   1.2339E+02  5.3841E+01 -7.3552E+01
0000318   5.9326E+02  7.7155E+01  8.8919E+00
0000319   5.0299E+02 -3.7648E+01  3.3271E+01
0000320   2.4039E+02  8.5121E+01 -8.4178E+01
0000321   1.9391E+02 -1.8787E+01  1.3192E+02
0000322   2.8437E+02 -1.4173E+02  1.3525E+02
0000323   6.3744E+02  5.3657E+01 -9.9004E+01
0000324   4.9827E+02 -1.8823E+02  4.5736E+01
0000325   1.2109E+02  1.8278E+02  2.7883E+01
0000326   1.2837E+02  2.0633E+01 -2.0753E+02
0000327   2.8802E+02 -7.1009E+01  1.2668E+02
0000329   2.1406E+02 -2.5408E+02 -2.2598E+02
0000330   1.5312E+02  1.3152E+02 -4.8572E+01
0000331   2.2449E+02  6.6848E+00  2.2296E+02
0000332   4.7694E+02  2.0397E+02 -4.9602E+00
0000333   5.2050E+02  6.6412E+01 -1.8625E+02
0000334   3.9463E+02 -2.6864E+01 -1.5578E+02
0000335   6.4859E+02 -1.8579E+02  2.0136E+02
0000336   1.7157E+02  5.8938E+01  1.4710E+02
0000337   2.1480E+02  8.5850E+01  3.2332E+02
0000338   1.1497E+02  2.2713E+02  7.0593E+01
0000339   5.6356E+02  6.7899E+01 -1.4665E+02
0000340   1.1456E+02  1.7856E+00  1.5901E+02
0000341   3.6044E+02  8.5933E+00  2.2067E+01
0000342   6.4936E+02  1.8117E+02  1.2499E+02
0000343   4.6685E+02  2.2943E+02 -3.2730E+01
0000344   4.8882E+02 -8.9020E+01 -1.7539E+00
0000346   1.9104E+02  8.5326E+01  3.7134E+02
0000347   3.1137E+02  2.2831E+02 -4.8841E-01
0000348   2.2288E+02  1.5546E+02 -2.5445E+02
0000349   4.7602E+02  1.6027E+02  2.7862E+02
0000350   4.6079E+02  1.2540E+02 -7.5766E+01
0000351   1.7965E+02 -9.5927E+01 -2.5418E+01
0000352   2.0733E+02 -2.0390E+01 -1.1251E+01
0000353   2.7194E+02  4.5893E+02 -1.1627E+01
0000354   1.8415E+02  1.0110E+02  2.1347E+01
0000355   9.2219E+02 -8.0127E+01  1.0454E+02
0000356   4.5483E+02  1.9327E+02 -2.1375E+02
0000357   2.2663E+02 -6.1404E+01 -5.3704E+01
0000358   3.2124E+02  1.6916E+02  2.1079E+02
0000359   3.4812E+02  2.0079E+02  8.6348E+00
0000361   5.4396E+02 -1.6017E+01 -1.7014E+02
0000362   4.2437E+02  9.4892E+01  2.6265E+02
0000363   1.0148E+02  2.0688E+02  6.5492E+01
0000365   1.0443E+02 -2.0856E+02 -9.1590E+01
0000366   2.1396E+02  4.1690E+01  9.1306E+00
0000368   2.4325E+02 -5.9045E+01 -2.2674E+02
0000369   2.9994E+02 -1.7001E+02  1.6775E+02
0000370   7.5791E+01  2.5084E+02  1.5472E+01
0000371   1.5580E+02 -2.5987E+02 -1.8469E+02
0000372   2.1555E+02  2.4915E+02  1.1333E+02
0000375   6.3263E+02  4.2282E+01  6.0829E+01
0000376   2.0535E+02  7.3642E+01 -5.4183E+01
0000377   1.8382E+02  3.8077E+01 -1.4032E+02
0000378   3.8855E+02 -1.4485E+01 -3.2825E+02
0000379   4.2480E+02 -3.6816E+01 -9.1500E+01
0000380   3.9326E+02  1.5276E+02 -9.9922E+01
0000381   2.7595E+02  1.1758E+02 -1.3585E+02
0000382   8.5501E+01 -1.6443E+02  8.9921E+01
0000383   5.7459E+02 -2.1889E+02  1.7816E+02
0000384   2.5248E+02 -9.5226E+01  2.2829E+01
0000386   7.5297E+02  2.6793E+02  2.8697E+01
0000387   5.1767E+02 -3.0570E+01  7.7857E+01
0000388   2.1834E+02  4.3159E+01 -2.1181E+02
0000389   3.3787E+02  1.4875E+01 -1.0010E+02
0000390   4.9110E+02 -1.1317E+02 -2.9387E+01
0000391   2.7526E+02  1.2913E+02 -1.2027E+02
0000392   1.7824E+02 -1.6269E+02 -3.3297E+01
0000393   2.6820E+02  4.7997E+00  4.0971E+01
0000394   2.1514E+02  3.5667E+02 -1.2652E+02
0000395   8.1550E+01  5.0755E+00 -5.5120E+01
0000396   3.2305E+02 -1.0935E+02 -8.9482E+01
0000397   6.0863E+02 -4.9523E+01 -1.0958E+02
0000398   9.3362E+01  7.9363E+01  3.0561E+02
0000399   3.9569E+01  4.3607E+01  9.0952E+00
0000400   3.7631E+02  2.3743E+02  1.3546E+02
0000401   2.3404E+02 -8.1856E+01  2.7554E+02
0000402   4.5929E+02 -1.2614E+02  2.7059E+01
0000403   4.8267E+02 -1.4748E+02  1.1163E+02
0000404   5.2477E+02  2.4122E+02  1.2852E+01
0000405   5.4618E+02 -1.8613E+00 -1.2832E+02
0000406   4.8049E+02 -1.9149E+02  1.3528E+02
0000407   5.8779E+02  1.2661E+02 -2.1497E+01
0000408   2.7888E+02 -6.7048E+01 -2.0300E+02
0000409   3.6970E+02  2.2136E+02 -2.0780E+02
0000410   2.5482E+02 -2.4521E+02  5.5543E+01
0000411   5.0099E+02 -1.2689E+02  3.2843E+02
0000413   2.6452E+02 -6.8505E+01 -4.3525E+02
0000414   2.6510E+02  3.6491E+01  1.0895E+02
0000415   2.2583E+02  1.3359E+02 -1.7171E+02
0000416   5.2446E+02  2.6976E+02  3.5730E+02
0000417   3.1362E+02  1.5311E+02 -6.0274E+01
0000418   3.0988E+02  5.2705E+01 -4.7033E+02
0000419   3.9882E+02 -3.4457E+00  2.4977E+02
0000420   3.1617E+02 -1.2922E+02  2.8621E+01
0000421   6.1063E+02 -1.1052E+02  1.1748E+02
0000422   2.6491E+02  9.4745E+01  4.1359E+01
0000423   1.3343E+02  8.4759E+01  4.2650E+01
0000425   1.5185E+02  2.7298E+02 -2.0292E+02
0000426   1.1621E+02  1.2470E+02  7.0016E+01
0000427   6.2850E+02  1.3922E+02 -1.9300E+02
0000428   1.4905E+02 -1.4863E+02  6.8214E+01
0000429   5.3513E+02  9.5704E+01  1.1286E+02
0000430   4.6995E+02 -1.8938E+02 -1.2236E+02
0000431   5.3494E+01  1.5473E+02  2.5742E+02
0000432   3.8719E+02 -1.6497E+02  1.3276E+02
0000433   5.7501E+02  7.9529E-01 -5.9032E+01
0000436   1.8403E+02  1.2630E+01 -4.3246E+02
0000437   1.0627E+02 -2.2050E+02  7.7744E+01
0000438   2.0048E+02  9.7354E+00 -3.9641E+02
0000439   3.7667E+02 -7.0594E+01 -2.5779E+02
0000440   5.1876E+02  1.5595E+02  2.6116E+02
0000441   4.4245E+02  1.0804E+02  5.4737E+01
0000442   4.3811E+02  1.6912E+02  9.2139E+00
0000443   2.2519E+02 -1.2690E+02 -8.6981E+01
0000444   6.7025E+02  1.3014E+02 -5.4577E+01
0000445   1.2889E+02  1.3601E+02  1.0084E+02
0000446   1.5945E+02  3.9628E+01  4.6786E+01
0000447   2.7815E+02 -6.2758E+01 -2.1438E+02
0000448   3.4821E+02  2.6038E+02 -1.9742E+02
0000449   4.4525E+02 -7.2712E+01  2.3254E+02
0000450   4.3818E+02  2.8245E+02 -2.1141E+02
0000451   3.6671E+02  1.6086E+02 -3.3030E+02
0000452   4.6454E+02 -1.1538E+02 -1.9072E+02
0000453   4.3935E+02  2.0751E+01 -3.9052E+02
0000454   2.1993E+02 -2.4999E+01  1.1318E+02
0000455   2.7374E+02 -9.1638E+01 -1.2151E+02
0000456   3.8394E+02 -1.4699E+02 -4.3947E+02
0000457   4.5259E+02  1.0286E+02  1.9596E+02
0000458   3.6011E+02  1.4143E+01  9.8254E+01
0000459   2.5178E+02  2.6999E+02  2.4591E+01
0000460   2.6197E+02  2.4294E+02  4.2875E+01
0000461   5.0007E+02 -3.1837E+02 -5.6056E+01
0000462   4.4670E+02  6.6967E+01  3.6279E+01
0000463   2.7366E+02  2.3958E+02  1.1359E+02
0000464   4.5054E+02  1.3530E+02  2.2657E+02
0000466   7.5609E+01 -3.2263E+02 -2.2045E+02
0000467   2.2588E+02  8.6774E+01 -8.1380E+01
0000468   2.4351E+02 -8.9183E+00  4.2974E+01
0000469   1.5806E+02 -2.7770E+02 -1.4662E+01
0000470   6.1443E+02 -1.5752E+02  1.2163E+01
0000471   2.6364E+02  4.0244E+02 -4.6799E+02
0000472   4.3319E+02  2.1798E+02  1.1546E+02
0000473   4.2727E+02 -2.4142E+02  1.0363E+02
0000474   3.5389E+02  1.4901E+02  1.9641E+02
0000475   2.6804E+02  5.9954E+00 -1.1697E+02
0000476   1.5775E+02  1.0917E+02  1.6660E+02
0000477   1.7748E+02 -2.0341E+02 -7.1838E+01
0000478   4.2780E+02 -8.1596E+01 -6.1175E+01
0000479   3.8092E+02 -2.1881E+02  2.5073E+02
0000480   2.3936E+02 -2.8543E+02  2.6441E+01
0000481   3.3171E+02  1.4919E+02  2.1829E+02
0000482   6.5562E+02 -1.7232E+02  1.5854E+02
0000483   8.4288E+01  1.4731E+02  1.3595E+02
0000484   4.7320E+02 -9.5528E+01 -1.5412E+02
0000485   5.0804E+02 -8.6817E+01 -3.2341E+02
0000486   6.9057E+02  5.6691E+01 -4.5168E+01
0000487   4.7241E+02  8.8694E+01  3.5946E+02
0000488   2.4385E+02 -6.3759E+01 -2.8844E+02
0000490   3.0077E+02 -2.0909E+02  1.3062E+02
0000491   1.1319E+02  7.3611E+01  8.0275E+01
0000492   2.6155E+02 -3.3482E+02 -4.5859E+02
0000494   2.1789E+02 -5.8786E+01  2.6211E+02
0000495   1.9996E+02  1.4946E+02 -2.2789E+02
0000496   5.5084E+02 -1.0523E+02 -8.0887E+01
0000497   4.8821E+02 -1.6079E+02  5.5419E+01
0000498   2.5889E+02 -9.5711E+01  1.4944E+02
0000499   3.9327E+02 -5.6791E+01  1.2616E+02
0000500   1.3067E+02  9.9374E+01  3.1066E+02
0000501   3.6982E+02  1.7713E+02 -8.7755E+01
0000502   2.4025E+02 -3.1977E+01 -1.0957E+01
0000503   2.3336E+02 -4.5036E+02 -4.5323E+01
0000504   5.1096E+02  1.1156E+02  1.4725E+02
0000506   4.4250E+02  2.5101E+01 -5.3162E+00
0000507   2.6058E+02 -2.8072E+02  8.5618E+01
0000508   4.5011E+02 -6.9420E+01  2.1268E+00
0000509   4.2274E+02  5.4411E+01 -2.1491E+01
0000510   3.6267E+02  2.9059E+02 -1.9442E+02
0000511   3.4215E+02 -1.1472E+02 -1.0185E+02
0000512   3.6836E+02 -1.4627E+02 -3.5452E+02
0000513   5.9980E+02  7.1749E+01 -3.5897E+02
0000514   4.7256E+02  3.5490E+02  2.2573E+02
0000515   4.8250E+02 -1.7083E+02  1.1740E+02
0000516   3.3542E+02 -3.5695E+01  1.8452E+02
0000519   4.0151E+02 -2.3284E+02 -1.5425E+02
0000520   4.1144E+02  4.1349E+00  2.6349E+02
0000521   7.1302E+01 -2.6950E+02  1.1523E+02
0000522   1.1373E+02 -7.1164E+01  2.4822E+02
0000524   7.1346E+01 -2.5340E+02 -1.6650E+01
0000525   5.1157E+02 -4.3657E+02 -1.4106E+02
0000526   1.2297E+02 -2.5583E+01  6.2889E+01
0000527   5.3031E+02  3.9925E+02 -3.6866E+01
0000528   2.7108E+02  3.9501E+01  1.4006E+01
0000529   5.0921E+02 -6.5476E+01 -8.1573E+01
0000530   1.0289E+02 -3.4203E+02 -3.8747E+01
0000531   1.3842E+02  2.6196E+02 -1.7571E+02
0000532   3.0597E+02  1.8677E+02 -1.5655E+02
0000533   4.2573E+02  2.6315E+02 -1.5686E+02
0000534   2.9158E+02 -2.7371E+02 -4.8927E+01
0000535   2.4709E+02  2.0983E+02 -7.3503E+01
0000536   3.4167E+02  1.2035E+02 -6.1681E+01
0000537   3.4913E+02  2.2559E+02 -2.7254E+02
0000538   3.5419E+02  1.0442E+01 -1.3525E+02
0000540   1.8633E+02  2.1309E+01 -8.4616E+01
0000541   3.2701E+02 -1.2429E+02  2.8255E+02
0000542   4.2710E+02 -3.3362E+01  9.1170E+01
0000543   2.3201E+02  2.8868E+02  2.3224E+02
0000544   7.6109E+02 -7.8299E+01 -1.3032E+02
0000545   1.9391E+02 -8.7301E+00 -4.7041E+02
0000546   3.2841E+02 -1.0165E+02 -1.5027E+02
0000548   2.2864E+01  4.5684E+00 -6.0479E+01
0000549   4.8306E+02 -9.4283E+01  5.3387E+01
0000550   3.8970E+02 -1.4162E+02 -2.8992E+02
0000551   1.4266E+02 -1.5757E+02 -3.8710E+02
0000552   3.8297E+02  4.7997E+01  8.9359E+01
0000553   2.9653E+02 -2.2390E+02  1.0008E+02
0000554   3.7243E+00  1.3051E+02 -7.9319E+01
0000555   5.4818E+01  8.7558E+01 -1.7308E+02
0000557   6.5747E+02 -6.9231E+00  6.5680E+01
0000558   4.4812E+02 -3.1937E+02  1.6567E+02
0000559   4.5597E+02  1.1050E+01  7.2092E+01
0000560   2.3349E+02  1.1392E+02  2.5615E+02
0000561   2.3958E+02 -1.6761E+01 -1.9633E+01
0000562   4.7988E+02 -1.3758E+02  2.5744E+02
0000563   3.9877E+02 -3.5642E+01  1.2288E+02
0000564   2.4626E+02  2.4936E+02 -4.5697E+01
0000565   1.2242E+02 -8.3688E+01 -2.3254E+02
0000566   2.5703E+02 -1.5087E+02 -1.8586E+02
0000567   1.6138E+02  7.5247E+01 -5.8918E+01
0000568   1.5017E+02 -1.9883E+01 -1.6757E+02
0000569   4.7230E+02  3.7939E+01 -1.6705E+01
0000570   1.0551E+02 -3.8826E+01  4.0407E+02
0000571   4.1452E+02 -5.9419E+01  1.0406E+02
0000572   9.7574E+01 -4.0901E+02  1.9637E+02
0000573   2.0104E+02 -1.3059E+02  1.6375E+02
0000575   2.6796E+02  8.6576E+01 -1.4332E+02
0000576   4.6263E+02 -6.6591E+01 -4.5328E+01
0000577   4.3074E+02  1.7591E+02 -4.0449E+02
0000578   3.8593E+02 -1.5450E+02  5.2063E+01
0000579   3.9640E+02 -3.9023E+02 -3.8616E+02
0000580   2.4364E+02 -4.6079E+02  1.0302E+02
0000581   1.6226E+02  1.4709E+02  1.8758E+02
0000582   5.2431E+02  9.9649E+01 -6.8418E+01
0000583   3.3103E+02 -1.2753E+02  2.0663E+02
0000584   9.8409E+01 -2.6368E+02  1.0849E+02
0000585   1.3691E+02 -1.3460E+01 -3.5524E+01
0000586   2.7482E+01 -4.6563E+01  1.9590E+02
0000587   4.0865E+02 -2.0657E+02  2.4752E+02
0000588   1.4857E+02  1.0590E+02 -3.9421E+01
0000589   2.7164E+02  9.6823E+01  2.9333E+02
0000590   4.4636E+01 -3.0663E+02  1.1333E+02
0000591   4.4755E+02 -1.4797E+02  1.2202E+02
0000592   2.9401E+02 -3.4513E+00 -2.5997E+02
0000593   2.3859E+02  1.3408E+02 -1.3145E+02
0000594   1.3433E+02 -2.5124E+02  3.6191E+02
0000595   1.5224E+02  4.5727E+00 -7.3232E+01
0000596   2.5082E+02  2.6542E+02  2.3747E+02
0000598   5.2581E+02  1.2769E+02  3.7352E+02
0000599   5.7355E+02 -3.9851E+02  1.1263E+02
0000600   8.2615E+01 -1.8893E+02 -1.3794E+02
0000601   4.4400E+02  1.7119E+02  4.2733E+01
0000602   4.8124E+02  3.1571E+02 -1.3860E+01
0000603   3.6514E+02  8.5835E+01  1.3609E+02
0000604   4.2951E+02 -2.1066E+02 -2.2147E+02
0000605   9.5394E+01 -8.9667E+01  6.2463E+01
0000606   1.8417E+02  1.0361E+02  2.7962E+01
0000607   5.2416E+02 -2.7327E+02 -1.8041E+02
0000608   4.5150E+01  9.8570E+01 -9.8748E+01
0000609   1.8690E+02 -1.6562E+02 -1.5340E+02
0000610   2.2360E+02 -8.5755E+01  4.1322E+02
0000611   3.9089E+02 -7.9054E+01 -8.0628E+01
0000612   4.1007E+02  2.4623E+02  3.2550E+02
0000613   1.8203E+02  2.6259E+02  1.0689E+02
0000614   3.6525E+02  1.0069E+02 -4.7174E+01
0000615   2.2007E+02  5.3822E+01  1.9902E+02
0000616   3.7158E+02 -2.2397E+02  6.9123E+01
0000617   5.4117E+02  1.3492E+01 -2.6236E+01
0000618   5.8025E+02  4.7465E+01  1.5286E+02
0000619   4.4798E+02 -2.7832E+00  2.8848E+02
0000620   2.3060E+02 -2.6166E+01  1.2277E+02
0000621   3.8135E+02 -5.6539E+01  3.3112E+02
0000622   4.8157E+02 -2.3847E+02  1.3187E+02
0000623   4.0638E+02 -2.2465E+02  1.0433E+02
0000624   2.0515E+02 -2.0286E+02 -2.7795E+02
0000625   5.0347E+02 -9.9009E+01 -1.2274E+01
0000627   1.4373E+02  1.6246E+01 -5.0564E+01
0000628   4.7308E+02 -3.7386E+02 -8.3102E+01
0000629   3.6472E+02 -1.6685E+02 -1.7301E+01
0000630   5.6608E+02 -1.9757E+02 -4.5058E+01
0000631   5.7069E+02 -1.3300E+01  2.5064E+02
0000632   1.7865E+02  1.9801E+02  1.7034E+02
0000633   6.2100E+01  1.9524E+02 -5.6524E+01
0000634   5.4856E+01 -1.9895E+02  9.8668E+01
0000635   4.4578E+01 -1.7779E+02 -5.4931E+02
0000636   3.1471E+02  1.0931E+02 -2.0837E+02
0000637   3.4351E+02  6.9105E+01  3.5846E+02
0000638   5.4212E+02 -1.0725E+02  2.9913E+02
0000640   2.7578E+02  7.1985E+01  5.5714E+01
0000641   1.6424E+02 -1.3238E+02  8.4423E+01
0000642   2.9075E+02  1.5628E+02  2.7461E+02
0000643   3.4823E+02 -1.4754E+02  1.9301E+02
0000644   1.8938E+02 -1.4355E+02  6.7048E+01
0000645   2.8354E+02  1.1827E+00  1.2087E+02
0000646   2.8311E+02 -1.7345E+02 -2.5229E+02
0000647   4.2852E+02 -1.4752E+01 -2.3940E+01
0000648   3.8550E+01  2.3209E+01 -3.9152E+02
0000649   4.1041E+02 -1.8333E+02 -2.4936E+02
0000650   2.4588E+02 -1.0083E+02 -1.4357E+02
0000651   2.2079E+01  4.1494E+01  1.9654E+01
0000652   1.5701E+02 -1.7902E+02 -4.0724E+01
0000653   3.1831E+02 -6.8771E+01 -1.1306E+02
0000654   1.0735E+02  2.3865E+02  3.3984E+02
0000655   4.8747E+02 -1.0097E+02  1.3429E+02
0000656   9.1626E+01 -1.3432E+01  1.2603E+02
0000658   6.3444E+02 -5.2065E+01  1.6877E+02
0000659   1.6182E+02 -6.4779E+01 -1.0661E+01
0000660   1.9146E+02  1.3532E+02  2.6556E+02
0000661   1.8994E+02 -3.8614E+02  1.4307E+02
0000662   9.7924E+01  1.1385E+02 -1.1344E+02
0000663   8.4349E+01  1.0496E+02  1.6373E+01
0000664   6.5343E+02 -3.1490E+02  3.2674E+00
0000665   2.1114E+01  5.0650E+02 -1.5912E+02
0000666   4.2580E+02  2.3036E+02  3.8115E+00
0000667   8.9224E+01 -2.4812E+02  3.0506E+02
0000668   3.8820E+02  3.2453E+02  1.2262E+02
0000669   4.8198E+02 -2.5445E+01 -1.6918E+02
0000670   2.9602E+02  1.9155E+02  7.2732E+01
0000671   2.6683E+02  1.1337E+02  3.8543E+02
0000673   8.8663E+01 -5.1696E+02 -5.6290E+01
0000674   3.6862E+02  8.7276E+00 -2.7403E+02
0000675   1.0370E+01  1.8753E+02 -5.6389E+01
0000676   3.9740E+02 -5.3996E+01 -2.0317E+02
0000677   5.8810E+02 -9.4938E+01 -2.1375E+02
0000678   4.4750E+01  3.3989E+02 -2.2356E+02
0000679   3.9135E+02 -1.5278E+02  1.9898E+02
0000680   3.7405E+02  3.8394E+01  1.2414E+02
0000683   5.4379E+02  5.2214E+00 -3.6285E+02
0000684   3.8673E+02 -2.6200E+02  1.6969E+02
0000685   3.3131E+02  2.7452E+02  1.1843E+02
0000686   1.3522E+02  3.2977E+01  1.7743E+02
0000688   5.0500E+01  1.0066E+01 -2.6812E+02
0000689   2.2954E+02 -2.0314E+02 -1.1957E+02
0000690   3.0190E+02 -7.8677E+01 -2.9449E+02
0000691   1.0709E+02  1.8533E+02  1.4862E+02
0000692   7.0114E+02 -1.6205E+02 -2.5955E+02
0000693   2.5569E+02 -1.2531E+02  1.0243E+02
0000694   3.4370E+02  5.2744E+01  8.8151E+01
0000695   1.0382E+02 -7.7755E+01 -8.4272E+01
0000696   4.1919E+02  2.1513E+02 -7.6288E+01
0000697   1.9224E+02  3.0640E+02  2.0220E+02
0000698   3.6091E+02  3.8477E+01 -2.0374E+02
0000699   1.6602E+02 -1.6792E+02 -4.2041E+02
0000700   4.1889E+02  2.4051E+02 -9.9691E+01
0000701   2.5601E+02  2.0331E+02  2.6110E+01
0000702   5.1569E+02 -7.8658E+01  7.5035E+01
0000703   3.7919E+02  8.1696E+01 -7.6860E+01
0000704   4.4716E+02  1.0524E+02 -1.5658E+02
0000705   3.1547E+02 -6.6995E+01 -3.2467E+02
0000707   2.5081E+02  1.7922E+02  1.8261E+02
0000708   3.1197E+02  1.2714E+02 -4.3682E+01
0000709   1.9992E+02 -1.8297E+02  1.9007E+02
0000710   4.4548E+02  5.0169E+01  1.5696E+02
0000711   1.5665E+02  3.2471E+02  2.1107E+02
0000713   5.2623E+02  1.1713E+02  1.4934E+02
0000714   2.2116E+02 -2.2536E+02  3.2777E+02
0000715   2.0816E+02  1.9802E+02 -1.0869E+02
0000716   1.4724E+02 -4.5906E+02  2.1782E+02
0000717   3.6445E+01  3.7150E+01  1.8764E+02
0000718   2.5973E+02 -9.1980E+01  3.6616E+01
0000719   3.9458E+02 -1.3421E+02  2.5767E+01
0000720   2.6347E+02 -1.2278E+02 -3.4992E+01
0000721   4.2041E+02 -8.0696E+01  2.5601E+02
0000722   4.1355E+02 -2.2980E+02 -3.1266E+00
0000723   3.5379E+02 -1.3018E+02  3.9047E+01
0000724   2.5947E+02  7.2323E+01 -1.1908E+01
0000725   6.5475E+01 -5.1003E+01  1.1662E+02
0000726   3.8224E+02  4.3194E+01  6.4166E+01
0000727   3.3720E+02 -2.4217E+02  1.9109E+02
0000728   2.7698E+02  2.8111E+02  1.1663E+02
0000729   2.2435E+02  1.0393E+02  2.2263E+01
0000730   1.6089E+02  1.9122E+02 -7.8396E+01
0000731   1.1077E+02 -4.2275E+02  9.4224E+01
0000732   8.6811E+01  1.9534E+02  2.7213E+02
0000733   2.4042E+02  2.7184E+02 -8.1367E+01
0000734   2.9016E+02 -1.3503E+02 -1.3816E+02
0000735   3.5442E+02  1.3541E+02  1.0699E+02
0000736   3.6594E+02 -1.9551E+01  2.3394E+02
0000737   3.0943E+02 -1.8696E+02 -4.7103E+01
0000738   4.8079E+02  3.4957E+01  1.5182E+02
0000739   5.9014E+02 -8.8496E+01 -1.0367E+01
0000740   6.3237E+02  6.6642E+01  1.9692E+02
0000741   6.5055E+02 -2.0554E+02 -2.9941E+01
0000742   2.6212E+02 -4.3345E+01 -2.3915E+01
0000743   4.5068E+02 -1.4992E+02  5.8247E+01
0000744   5.4186E+02  1.7731E+02 -9.8724E+01
0000745   5.5107E+02 -1.9093E+02 -3.4479E+01
0000746   3.7320E+02  4.2901E+01  6.1532E+01
0000747   1.0865E+02 -1.4694E+02 -1.8809E+02
0000748   3.5977E+02  6.2012E+01 -3.5005E+01
0000749   2.3174E+02  1.4082E+02 -8.4784E+01
0000750   2.0334E+02  3.6780E+02  2.5867E+02
0000751   2.2927E+02  1.0807E+01 -5.6145E+01
0000752   1.6994E+02  7.1631E+01 -1.4301E+02
0000753   3.6689E+02 -1.4881E+01 -4.7955E+01
0000754   2.3072E+02  2.0169E+02  1.7964E+02
0000755   3.7518E+02 -2.2803E+02 -2.5372E+02
0000756   4.0897E+02  1.9011E+02 -4.3704E+01
0000757   4.5429E+02  1.4133E+02 -1.4786E+02
0000758   3.3827E+02  1.1393E+02 -8.1734E+01
0000759   4.0357E+02  2.1165E+02 -8.4697E+01
0000760   4.2998E+02  1.1034E+02  1.7392E+02
0000761   4.2079E+02 -9.2838E+01  5.2563E+01
0000762   6.4526E+01 -1.2116E+02 -2.4561E+02
0000763   3.1014E+02  1.2510E+02 -3.3291E+02
0000764   7.7071E+01 -1.0457E+02 -7.2513E+01
0000765   7.2998E+02  5.5537E+01 -1.2054E+02
0000766   2.2126E+02 -6.3830E+01  4.2178E+01
0000767   3.4160E+02 -9.1254E+01  2.6602E+01
0000768   3.9107E+02  1.3380E+01 -1.5448E+02
0000769   2.1912E+02  1.6372E+02 -2.2920E+02
0000770   3.3313E+02 -2.6476E+02  2.4940E+02
0000771   7.3765E+02 -2.9918E+01  1.4158E+02
0000772   5.2945E+02 -2.5429E+02  2.0324E+02
0000773   2.7904E+02 -1.2709E+01  3.8224E+01
0000774   5.7358E+02  1.1302E+02  9.7529E+01
0000775   4.1317E+02 -2.9574E+02  1.0525E+02
0000776   3.0656E+02  1.7003E+02 -1.1460E+02
0000777   2.0103E+02 -3.8621E+02 -9.2832E+01
0000778   2.0210E+02  1.4668E+02  1.1266E+02
0000779   1.7461E+02  2.2883E+00  2.7086E+02
0000780   5.8455E+02  2.5449E+02  2.7231E+02
0000781   3.5225E+02  3.2893E+02  8.4527E+01
0000782   4.1448E+02 -1.4326E+02 -4.4867E+02
0000783   1.5031E+02  3.5339E+01  3.5878E+02
0000784   8.8468E+01  3.4613E+01 -1.1131E+02
0000785   9.8986E+01 -3.5912E+02  2.8761E+02
0000786   3.5885E+02  1.0915E+02  6.7116E+01
0000787   4.1409E+02 -2.1192E+02  6.9667E+01
0000789   2.4291E+02 -7.9679E+01  5.5622E+01
0000790   3.5028E+01  1.0297E+02  5.0318E+01
0000791   2.2344E+02 -2.0542E+02  1.5457E+02
0000792   3.2181E+02 -2.1112E+02 -1.3477E+02
0000793   1.7913E+02 -1.6805E+02  1.5246E+02
0000794   3.0629E+02 -2.2134E+02  1.2078E+02
0000795   2.0368E+02  2.9224E+01 -1.7725E+02
0000796   5.3410E+02  2.6162E+02 -2.9640E+01
0000797   2.3314E+02 -7.9599E+01  4.7751E+01
0000798   3.5841E+02 -9.3480E+01 -1.2675E+02
0000799   3.5161E+02  2.5374E+02  2.9730E+00
0000800   9.2326E+01  2.9415E+00 -3.6378E+01
0000801   4.1268E+02  9.6244E+01  1.2803E+02
0000802   1.7645E+02 -8.1676E+01 -1.9898E+02
0000803   1.8812E+02 -7.5132E+01 -1.0355E+02
0000804   3.8189E+02 -3.0362E+02  6.8420E+01
0000805   3.0140E+02 -8.4580E+01 -3.8772E+01
0000806   4.6079E+01  2.0748E+02  1.0066E+01
0000807   3.3905E+02  1.0985E+02  5.8952E+01
0000809   1.4966E+02 -3.1461E+02  1.1206E+02
0000810   5.2872E+02  2.3116E+02 -1.2284E+02
0000811   2.9313E+02 -1.0611E+02  3.2161E+02
0000812   4.1815E+02  9.4618E+01  4.9795E+01
0000813   9.9230E+01  1.1108E+02 -6.0072E+01
0000814   3.0769E+02  2.6300E+02 -2.7957E+02
0000815   2.3755E+02 -3.5177E+01 -2.1165E+02
0000817   3.2666E+02  1.9437E+02  4.4537E+02
0000818   3.4347E+02  2.0161E+02  2.3100E+02
0000819   9.6088E+01  2.0897E+01  4.4927E+01
0000820   4.9195E+02  1.9313E+02  1.7281E+02
0000821   1.1899E+02  2.4354E+02  4.0195E+01
0000822   6.4429E+02 -2.8893E+01  4.3964E+01
0000823   3.1357E+02  4.5807E+02 -3.0560E+02
0000824   1.2583E+02  1.4293E+01  1.5955E+02
0000825   6.5640E+02  4.0248E+02  4.9319E+01
0000826   2.2239E+02  2.0750E+02 -1.1563E+02
0000827   3.7712E+02  2.0144E+02 -1.9514E+02
0000828   4.4333E+01 -1.2199E+02 -3.3391E+02
0000829   2.3643E+02  4.8433E+01  1.6791E+02
0000830   2.1997E+02 -2.3099E+02 -1.0618E+02
0000831   1.7995E+02  2.4485E+01 -1.2949E+02
0000832   3.0541E+02 -9.4888E+01  5.0658E+02
0000833   2.9903E+02  3.3645E+02  4.7203E+01
0000834   2.7073E+02  4.8122E+01  1.8367E+02
0000835   9.6055E+01 -2.3290E+01  1.6901E+02
0000836   2.6737E+02  8.3916E+01  6.9391E+01
0000837   4.9419E+02 -9.0619E+01 -1.4834E+02
0000838   2.1630E+02 -8.4571E+01  2.1882E+02
0000839   3.6666E+02 -5.9895E+01  3.3018E+02
0000840   3.2445E+02 -4.2428E+01  1.1926E+02
0000841   4.4158E+02  3.8106E+01 -2.3804E+00
0000842   5.6899E+02  3.5292E+02 -1.4986E+02
0000843   3.2265E+02 -1.9661E+02  2.7173E+02
0000844   4.8926E+02  1.8800E+02  8.0380E+01
0000845   2.8873E+02  2.1742E+02 -1.1475E+02
0000846   1.4580E+02  2.1408E+02 -1.9570E+02
0000847   1.8051E+02  1.1484E+01 -3.0856E+02
0000848   2.5445E+02 -1.4994E+02  1.8718E+02
0000849   2.7421E+02  1.3118E+02  5.0490E+01
0000850   2.0038E+02 -4.7082E+00  6.9173E+01
0000851   1.9598E+02  1.4865E+02  1.2578E+02
0000852   4.6104E+01  1.4453E+02 -2.9532E+02
0000853   1.2191E+02 -4.2128E+01 -1.4907E+02
0000854   4.4666E+02 -1.5256E+02  2.5668E+02
0000855   2.5390E+02 -2.2513E+02 -1.9753E+02
0000856   1.8780E+02 -5.7927E+01  1.0392E+02
0000858   4.0188E+02  2.0119E+02  1.2873E+02
0000859   1.2003E+02  2.3076E+01  2.7991E+02
0000860   3.7159E+02  2.0120E+02  1.2522E+02
0000861   4.0160E+02 -1.2257E+02  6.6537E+01
0000862   4.4100E+02  1.1177E+02 -1.0122E+02
0000863   1.3711E+02  2.1872E+02  2.9000E+01
0000864   3.2633E+02 -5.0684E+00 -2.3238E+02
0000865   4.9867E+02 -3.8863E+01 -4.7805E+02
0000866   5.4196E+02 -4.0554E+01  1.3803E+02
0000867   3.1817E+02 -2.3217E+02 -9.9863E+01
0000868   1.3337E+02 -2.1215E+02  1.0223E+02
0000869   2.0592E+02  1.0032E+02  1.8516E+02
0000870   5.1821E+02 -1.1045E+02 -3.5608E+01
0000871   4.0484E+02  8.0461E+01  1.3392E+02
0000872   4.4013E+02 -6.1379E+01  1.1175E+02
0000873   5.5825E+02 -5.4960E+01 -8.0079E+01
0000874   5.2022E+02  4.4589E+02  5.2104E+01
0000875   1.7003E+02 -3.3189E+01 -5.3770E+01
0000876   2.2299E+02 -6.8947E+01  1.4053E+02
0000877   4.2336E+02 -8.2184E+01  2.7420E+01
0000878   1.0678E+02 -4.6484E+02  9.1017E+01
0000879   3.9965E+02  4.5360E+01  1.5993E+02
0000880   2.1237E+02 -2.0547E+02 -7.6927E+00
0000881   5.0983E+02 -5.3834E+01 -3.4107E+02
0000882   2.7642E+02 -5.1240E+01 -1.7213E+02
0000883   9.8265E+01  1.1716E+02  1.6827E+02
0000884   1.9442E+02 -1.7227E+01 -1.4633E+02
0000885   3.2164E+02 -2.4837E+02 -1.7120E+01
0000886   5.6430E+02  1.5057E+01 -1.6672E+02
0000887   2.2516E+02 -6.8128E+01 -5.9192E+01
0000888   6.7802E+02  2.9553E+01  6.0399E+01
0000889   1.1821E+02 -3.9082E+01 -6.1859E+01
0000890   4.1045E+02 -2.7424E+02 -2.7571E+01
0000891   2.7275E+02 -5.7370E+01  1.1629E+02
0000892   2.8602E+02 -4.5633E+01 -2.6276E+02
0000893   2.5844E+01  6.4581E+01 -6.8273E+01
0000894   7.6767E+02  9.0774E+01  7.3833E+01
0000895   5.4029E+02  2.5051E+02 -8.4350E+01
0000896   4.0486E+02 -3.1780E+02  8.2464E+00
0000897   1.3989E+02  2.0472E+02  1.1214E+02
0000898   2.3302E+02  2.5004E+02 -1.4090E+02
0000899   1.9256E+02  1.9161E+01 -3.8152E+01
0000900   4.6271E+02 -5.5113E+01  7.2925E+01
0000902   1.6584E+02  3.9029E+02  1.3518E+02
0000903   6.3629E+01 -1.6348E+02  2.8615E+02
0000904   2.1956E+02  2.5975E+02 -4.8351E+01
0000905   8.2435E+01  2.8813E+01 -2.2245E+00
0000906   4.3117E+02 -2.0215E+02 -1.3448E+02
0000907   1.6723E+02  5.2038E+01  8.9564E+01
0000908   3.0607E+02  6.3322E+01 -1.0012E+02
0000909   4.2615E+02  2.7571E+01  1.6368E+02
0000910   4.4262E+02  5.7059E+01  1.4195E+01
0000911   3.7816E+02  1.8192E+02  1.6487E+02
0000912   6.2613E+02  2.0692E+02  2.5552E+02
0000913   1.9659E+02 -5.1589E+01 -1.1800E+02
0000914   6.8836E+01 -8.9095E+01 -9.4328E+01
0000915   3.2977E+02  1.6395E+02 -6.5570E+01
0000916   5.3794E+02  2.0629E+02 -2.4541E+02
0000917   2.6711E+02  7.3280E+01  8.1527E+01
0000918   3.7155E+02  1.6914E+02  2.0678E+02
0000919   4.5443E+02 -8.6204E+01  2.6801E+02
0000920   3.0916E+02 -2.6394E+02 -6.7266E+00
0000921   4.2122E+02 -8.6721E+01  5.0397E+01
0000922   5.6557E+02 -1.3612E+02  1.0375E+02
0000923   4.3585E+02 -2.8472E+02 -2.7787E+00
0000924   1.8602E+02  7.3683E+01  9.1837E+01
0000925   1.7138E+02  5.7195E+01 -3.3681E+01
0000926   4.3498E+02  1.4328E+02  2.0180E+02
0000927   3.9743E+02  1.5466E+02  1.0672E+01
0000928   9.3054E+01  1.4429E+02 -3.6725E+02
0000930   4.8042E+02 -9.1736E+01  4.0140E+01
0000931   4.6486E+02 -2.2625E+02  2.9322E+01
0000932   1.7727E+02  2.9783E+02  1.0148E+02
0000933   3.4802E+02 -1.2843E+02  1.9181E+02
0000934   5.4709E+02  3.8348E+02  4.1238E+01
0000935   5.7829E+02 -1.0315E+02 -2.3588E+02
0000936   3.5197E+02 -6.9119E+01 -2.0787E+02
0000937   5.8069E+02  5.9201E+01  2.2776E+02
0000938   3.3605E+02 -2.4359E+02  3.7317E+02
0000939   4.0957E+02 -1.2763E+02  2.2705E+02
0000940   5.7120E+02 -9.2821E+01 -2.9379E+02
0000941   3.6690E+01  8.7253E+01 -2.9105E+02
0000942   2.9204E+02 -5.1631E+01  1.7338E+02
0000943   5.2910E+02 -4.2681E+01 -3.1094E+02
0000944   4.3211E+02  2.3320E+02  2.1296E+02
0000945   5.6963E+02  1.8608E+01 -3.2426E+02
0000946   2.7023E+02  2.4977E+02  1.1351E+02
0000948   5.9506E+02  3.5472E+02 -3.7294E+02
0000949   3.5722E+02 -2.0792E+01  8.7077E+01
0000950   4.1898E+02  1.2169E+02  8.1070E+01
0000951   2.5933E+02 -1.4235E+01 -2.8100E+02
0000952   7.3128E+01  2.6707E+02 -1.6822E+01
0000954   2.1762E+02 -1.6428E+02 -1.1555E+02
0000955   3.6225E+02  3.3690E+02  1.9314E+02
0000956   3.6992E+02 -4.2590E+01 -4.5179E+01
0000957   2.4468E+02 -2.6035E+02  1.7505E+02
0000958   3.8247E+02 -3.3002E+02 -1.5136E+02
0000959   4.3716E+02 -1.1823E+01 -1.2147E+02
0000960   7.0281E+00  2.3284E+01 -8.7213E+01
0000961   3.4632E+02 -2.9411E+01 -3.5305E+02
0000962   4.0068E+02 -3.1986E+01  8.8148E+01
0000964   3.7734E+02  1.6863E+02  3.5823E+02
0000965   3.0867E+02 -1.4503E+02 -6.7171E+01
0000966   2.3139E+02  3.8132E+01 -4.2348E+01
0000967   1.2762E+02  1.5136E+02 -1.0181E+02
0000968   4.6583E+02 -3.9812E+01 -1.9292E+02
0000969   5.5856E+02 -2.8020E+01 -6.4107E+01
0000970   3.9816E+02 -3.9034E+01 -1.8328E+02
0000971   2.5380E+02 -8.0537E+01 -1.7090E+02
0000972   3.0062E+02 -2.5985E+02 -3.7336E+02
0000973   4.5620E+02  2.7700E+01 -3.8732E+01
0000974   4.5670E+02 -6.0017E+01 -3.0161E+02
0000975   5.3388E+02  9.1164E+01 -4.1528E+02
0000976   3.7109E+02  2.2963E+02 -4.8524E+02
0000977   2.1214E+02  1.4430E+02  1.2980E+02
0000978   7.4273E+02 -2.5823E+02 -1.0033E+02
0000980   7.5325E+02  1.1251E+01  3.1480E+02
0000982   2.2316E+02 -2.4556E+01  2.4766E+02
0000983   1.1675E+02  9.1378E+01 -1.8954E+02
0000984   3.1338E+02  2.2079E+02 -1.8926E+02
0000985   6.1468E+02  9.1485E+00  7.1650E+01
0000986   4.0238E+02 -1.4346E+01  2.2393E+01
0000987   2.1689E+02  1.5069E+02 -3.5353E+00
0000988   1.8176E+02 -7.0105E+01 -7.2141E+01
0000989   1.5022E+02  2.9058E+02  6.3847E+01
0000990   3.0085E+02  1.0119E+02 -3.0174E+01
0000991   4.5428E+02  2.2737E+02  2.9137E+02
0000992   3.0571E+02 -4.7978E+01 -1.3288E+02
0000993   4.3449E+02 -1.4311E+02  4.1449E+01
0000994   4.4852E+02 -3.0048E+02 -3.0422E+02
0000995   3.7193E+02 -2.6714E+02  2.4270E+02
0000996   1.7085E+02 -1.9044E+02  1.7701E+01
0000997   2.8865E+02 -6.6693E+01  4.4836E+02
0000999   2.6349E+02 -1.8290E+02 -2.1084E+02
0001000   5.7631E+02  2.5246E+01 -1.4744E+01
