============================== SRIM-2013.00 ==============================
==============================================================================
====== SRIM Outputs\RANGE_3D.txt : File of Final Ion Positions =====

Ion =  F (09)   Ion Mass= 018.9984
Energy  = 3000000.E-05 keV
Ion Angle to Surface = 00.0 degrees
==================== TARGET =======================
  Layer # 1 - None
  Layer # 1 - Bottom Depth=500000.E-01 A
  Layer # 1 - Density =0007.8700 g/cm3
  Layer # 1 -  100 % of Fe
ÍÍÍÍÍÍÍÍÍÍÍÍÍÍÍÍÍÍÍÍÍÍÍÍÍÍÍÍÍÍÍÍÍÍÍÍÍÍÍÍÍÍÍÍÍÍÍÍÍÍÍÍ
                                            
Ion       Depth  X   Lateral Y   Lateral Z  
Number    (Angstrom) (Angstrom)  (Angstrom) 
-------  ----------- ----------- -----------
0000001   2.3830E+02 -1.5956E+02  7.8964E+01
0000003   3.7053E+02 -2.2184E+02 -1.8244E+01
0000004   4.1441E+02 -1.0144E+02  3.5431E+01
0000005   2.4345E+02 -5.9012E+01 -1.8912E+02
0000006   6.0905E+02 -1.5738E+02  3.8409E+01
0000007   4.3993E+02  1.4597E+02  3.8424E+01
0000008   2.3198E+02 -8.0479E+00  3.1934E+02
0000009   3.0618E+02  1.0304E+01 -9.2583E+01
0000010   4.7319E+02 -7.4826E+00  2.9728E+02
0000011   5.1045E+02 -3.0822E+00 -2.5893E+02
0000012   4.0192E+01  1.1444E+02  4.0136E+00
0000013   4.1147E+02  2.7452E+02 -1.3790E+02
0000014   4.6265E+02 -1.0514E+02 -3.3557E+02
0000015   1.9054E+02  1.0999E+02  4.6031E+02
0000016   2.0381E+02  3.9640E+02  2.0076E+01
0000017   6.3278E+01 -2.6594E+02 -3.4578E+01
0000018   4.1458E+01  4.1691E+01 -8.5305E+01
0000019   5.6589E+02  1.6987E+02 -1.4655E+02
0000020   4.1699E+02 -9.6651E+01  1.2589E+02
0000021   2.1190E+02 -3.2869E+02 -9.7064E+01
0000022   6.5202E+02  2.6790E+02 -1.4256E+02
0000023   5.0950E+02 -4.7216E+01 -2.2831E+02
0000024   3.1739E+02  1.6628E+02  2.2486E+01
0000025   1.6276E+02 -1.7015E+02 -2.2068E+02
0000026   4.1921E+02  1.0495E+02 -4.8563E+01
0000027   5.5506E+02 -5.4603E+01  6.0047E+01
0000028   3.3142E+02 -2.3551E+02 -1.0279E+02
0000029   3.2682E+02  1.6119E+01 -2.9272E+02
0000031   1.8808E+02  4.9049E+01 -3.4916E+01
0000032   1.9302E+02  2.6225E+02  1.1027E+02
0000033   2.5533E+02 -8.6475E+01  2.8477E+02
0000034   3.7334E+02  4.2220E-02 -1.1793E+02
0000035   3.8722E+02  1.0594E+02 -5.6843E+01
0000036   2.6441E+02 -1.6453E+01 -1.5907E+02
0000037   6.1998E+01 -1.5964E+02  2.2224E+02
0000038   1.6745E+02  5.1189E+01 -1.2090E+02
0000039   6.3300E+02 -5.3605E+01  1.3427E+02
0000040   3.1439E+02 -4.1060E+01 -1.5378E+02
0000043   2.6646E+02  6.8899E+00  7.4522E+01
0000044   1.3851E+02 -2.8890E+02 -2.2994E+02
0000045   4.8219E+01 -1.4940E+02  6.6318E+01
0000046   3.5662E+01  3.4545E+01 -7.2455E+01
0000047   3.0469E+02  6.9231E+00 -5.7924E+01
0000048   3.1455E+02 -5.9276E+01  8.9587E+01
0000049   1.0477E+02  1.0341E+02  1.0763E+02
0000050   4.6875E+02 -1.2989E+02  8.7755E+01
0000051   2.6303E+02 -1.6148E+01 -1.3208E+01
0000052   3.2105E+02 -4.4107E+02  4.2320E+01
0000053   4.0486E+02 -1.5984E+01  1.0188E+02
0000054   3.7370E+02  1.6848E+02 -6.2900E+01
0000055   2.0636E+02 -1.7775E+02 -1.5126E+02
0000056   2.8675E+02 -2.9883E-01 -1.7650E+02
0000057   3.3145E+02 -2.6016E+01 -2.1238E+02
0000058   2.2676E+02  8.8213E+00  5.0077E+01
0000059   2.5479E+02 -2.8457E+02  1.8767E+02
0000060   3.4428E+02  3.6811E+02  2.7755E+02
0000061   8.1994E+01  3.6199E+01  3.0172E+01
0000062   3.7847E+02 -1.1876E+01  6.8120E+01
0000063   4.3034E+02  2.3435E+02  1.2077E+02
0000064   1.3033E+02  2.9750E+02 -4.0404E+02
0000065   4.7200E+02  6.2980E+01 -2.2115E+02
0000067   7.1700E+02 -1.8431E+02 -1.4992E+02
0000068   1.9927E+02  1.4154E+02 -6.4904E+00
0000069   2.9864E+02 -4.3411E+01 -2.1052E+01
0000070   4.4357E+02 -3.4752E+01  2.4157E+02
0000072   3.9806E+02  7.5274E+01 -1.9743E+02
0000073   3.4132E+01  1.6285E+02 -2.3651E+02
0000074   2.5223E+02  1.5320E+01 -6.4259E+01
0000075   3.3203E+02  1.3957E+02  1.5028E+02
0000076   6.6304E+02 -1.9581E+02  6.9368E+01
0000077   1.4052E+01  3.4088E+01  3.8632E+01
0000078   2.5216E+02 -1.7453E+02 -6.0349E+01
0000080   1.3878E+02 -9.6494E+01  1.1669E+02
0000081   2.0875E+02 -1.3013E+02  8.3323E+01
0000082   2.6987E+02  4.3088E+01 -1.5714E+02
0000084   2.9760E+02 -3.5948E+00 -3.1285E+01
0000085   3.9652E+02 -3.9849E+02  2.0739E+02
0000086   5.1640E+02 -4.8174E+01  1.6646E+02
0000087   3.2934E+02  1.6540E+02  7.8341E+01
0000088   4.2042E+02  6.7145E+01  2.7523E+02
0000089   5.4461E+02 -4.6585E+00  3.1971E+02
0000090   3.9745E+02 -3.4731E+01  7.1451E-01
0000091   3.9118E+02 -6.4577E+01 -2.6417E+02
0000092   4.8926E+02 -1.7075E+02  1.1851E+02
0000093   3.2900E+02  1.2165E+02 -3.9027E+01
0000094   9.6295E+01 -4.1943E+02  7.4167E+01
0000095   2.2774E+02 -4.2641E+01  1.3076E+02
0000096   2.5664E+02  3.0253E+01  2.3404E+02
0000097   6.5558E+02 -3.4946E+01  6.1868E+01
0000098   1.1647E+02  2.9255E+02 -2.3372E+01
0000099   4.6630E+02 -8.4995E+01 -2.0504E+02
0000101   3.4255E+02 -8.0113E+01  1.8941E+01
0000102   1.7371E+02  1.3656E+02 -1.3637E+02
0000103   3.0694E+02 -3.7177E+02 -2.4031E+01
0000104   3.3185E+02  9.9643E+01 -3.3906E+02
0000105   2.2149E+02 -7.8394E+01  2.0966E+02
0000107   5.8978E+02  1.1750E+02 -2.7192E+02
0000108   1.6256E+02  2.0053E+02 -2.4887E+02
0000109   4.5565E+02 -1.0464E+02  2.0623E+02
0000110   2.4754E+02  6.7020E+01 -2.6332E+02
0000111   3.2584E+02 -2.1562E+02 -3.8776E+02
0000112   4.6650E+02  1.0097E+02 -1.9592E+02
0000113   3.5238E+02 -2.9122E+02 -3.1366E+01
0000114   8.3885E+01  4.5558E+02 -2.4857E+02
0000115   3.2465E+02  1.0296E+02  2.0391E+02
0000116   1.1188E+02  6.8002E+01 -2.3507E+02
0000117   4.7520E+02 -3.1168E-01  7.5730E+00
0000118   2.1175E+02  3.6859E+02 -1.1844E+02
0000120   2.8093E+02 -4.0812E+02 -1.6508E+02
0000121   2.0709E+02  3.2371E+01 -2.1617E+02
0000122   3.4068E+02  9.4609E+01  2.5794E+02
0000123   7.2335E+02  3.2718E+01 -2.3383E+02
0000124   3.5373E+02  5.1396E+01 -1.5747E+02
0000125   1.3285E+02  4.1896E+01 -4.4560E+01
0000126   4.5114E+02  1.8635E+02  1.4084E+02
0000127   2.3906E+02 -2.2001E+02 -1.2756E+02
0000129   7.7386E+02 -9.1244E+01 -1.1167E+02
0000130   2.7214E+02 -8.3382E+01 -5.5543E+01
0000131   3.1410E+01  2.6434E+01  8.7662E+01
0000132   4.1440E+02  9.7116E+01  3.9186E+01
0000133   4.5048E+01  1.0091E+02  1.8536E+02
0000135   2.5529E+02  5.2141E+01  1.1081E+02
0000136   1.6479E+02 -1.5838E+02  2.2195E+02
0000138   1.5853E+02  1.3339E+02  7.4958E+01
0000139   2.7849E+02  7.2224E+01  1.5137E+02
0000140   1.9870E+02 -8.4636E+01 -5.8306E+01
0000141   1.5123E+02 -1.8777E+02  7.9875E+01
0000142   3.4510E+02  3.0381E+02  9.9495E+00
0000143   2.7863E+02 -7.3563E+01 -1.1121E+02
0000144   4.1167E+02 -2.1006E+02 -7.9201E+01
0000145   1.9726E+02  1.6370E+02 -5.6364E+01
0000146   2.9607E+02 -5.1177E+01 -1.3549E+02
0000147   1.7983E+02  1.1048E+01  2.1494E+02
0000148   3.3313E+02  2.4346E+02  1.3545E+02
0000149   1.2925E+02 -2.6439E+01  6.6991E+01
0000150   6.1271E+01 -2.4206E+02 -1.4926E+02
0000151   1.0234E+02 -9.1354E+00 -3.4828E+00
0000152   3.4598E+02 -2.6889E+02 -4.6943E+01
0000153   4.9245E+02  1.5696E+01  1.7112E+02
0000154   5.3618E+02 -4.2817E+00 -1.8882E+02
0000155   2.7821E+02  3.5962E+02 -3.4227E+02
0000156   1.9699E+02  3.2500E+00 -2.3446E+01
0000157   3.7184E+02  2.0364E+02  2.5936E+02
0000158   1.9449E+02  5.1614E+01  5.0478E+00
0000159   2.1859E+02 -1.4616E+02  2.4646E+02
0000160   2.0997E+02 -1.3619E+02  1.1177E+02
0000161   4.6537E+02  3.2176E+02  1.5751E+02
0000162   4.0650E+02 -4.0530E+01 -2.8451E+02
0000163   4.2261E+02  4.5835E+01  1.1385E+02
0000164   2.4647E+02 -1.2023E+02  1.4436E+02
0000165   8.9884E+01 -1.3191E+02 -3.3235E+02
0000166   2.1984E+02 -1.1494E+01  3.2413E+02
0000167   1.8142E+02  2.7988E+01  3.8474E+02
0000168   1.3548E+01 -9.2692E+00 -1.9326E+01
0000169   2.9695E+02  1.3383E+02 -5.4033E+01
0000170   5.2879E+02 -4.9603E+01 -1.5389E+02
0000171   3.6503E+02  3.0239E+02  7.3408E+01
0000172   4.9665E+02  8.8921E+01 -3.5196E+02
0000173   2.5069E+02  1.7988E+02  7.7608E+01
0000174   1.1427E+02  4.6971E+01 -1.0014E+02
0000175   2.7113E+02 -9.6804E+01 -1.8576E+02
0000176   6.1935E+02  1.1063E+02 -3.4376E+01
0000177   3.2123E+02  6.3866E+01  3.0922E+01
0000178   3.6755E+02  2.5184E+02 -4.9624E+01
0000179   3.7131E+02  3.1545E+02 -2.8144E+02
0000181   2.0142E+02 -1.4820E+02  2.0571E+02
0000183   2.1926E+02 -2.8510E+01 -4.4597E+01
0000184   2.5576E+02 -2.5498E+02 -1.3569E+02
0000185   4.7817E+02 -1.6149E+02 -2.1704E+02
0000186   1.4225E+02 -2.3590E+00  7.7825E+01
0000187   4.4310E+02 -4.0525E+01 -1.6096E+01
0000188   4.2232E+02  6.4536E+01  2.4212E+01
0000189   1.2165E+02 -2.6856E+02 -4.3844E+02
0000190   3.3564E+02  5.4055E+01 -1.4989E+02
0000191   3.7022E+02 -2.2677E+02  1.8207E+02
0000192   3.8071E+02 -9.6132E+01  9.9335E+01
0000193   3.5222E+02  1.3559E+02 -7.6931E+01
0000194   3.4909E+02 -9.5940E+01 -8.9426E+01
0000195   2.5733E+02  1.7038E+02  7.8798E+01
0000196   2.1486E+01 -1.2311E+02 -2.6308E+02
0000197   4.4522E+02  1.2547E+02 -9.5280E+01
0000198   3.6681E+02  2.6420E+01  2.2086E+02
0000199   4.8967E+02 -3.0974E+01 -1.0296E+02
0000200   2.1275E+02 -1.4656E+02 -1.5970E+02
0000201   2.3333E+01 -1.0652E+02 -1.7048E+02
0000202   4.5825E+02 -9.5528E+01 -2.4149E+02
0000203   2.3479E+02  4.0046E+02 -2.5775E+02
0000204   1.7573E+02  8.7297E+00 -2.3728E+02
0000205   3.1506E+02  8.1370E+01  6.1539E+01
0000206   6.5680E+02 -1.6072E+02 -1.7543E+02
0000208   5.0512E+02 -1.7228E+02 -3.8406E+00
0000209   3.0671E+02 -5.8452E+01  3.4162E+02
0000210   2.4949E+02  2.9673E+02  6.1864E+01
0000211   4.6545E+02  2.1539E+02 -1.2474E+02
0000212   3.6011E+02 -4.1244E+02 -2.5857E+01
0000213   2.0876E+01 -6.3164E+01 -8.0584E+01
0000214   1.1160E+02 -3.1091E+02 -3.5271E+02
0000215   6.1403E+02 -6.3239E+01  2.4621E+02
0000216   7.0803E+02 -5.7226E+01 -1.7817E+02
0000217   3.9359E+02 -6.1198E+01 -1.4049E+02
0000218   3.3146E+02 -1.3180E+02 -1.2564E+02
0000219   3.7909E+02 -5.6868E+01 -1.3347E+02
0000220   7.7293E+01 -2.4988E+02 -2.2429E+02
0000221   2.5835E+02 -6.8704E+01  3.5462E+01
0000222   5.7569E+02  1.1590E+02 -8.8779E+00
0000223   5.6584E+02  9.7064E+01 -1.9856E+01
0000224   4.6201E+02 -2.9075E+02  3.6354E+01
0000225   1.2323E+02 -3.6828E+01  3.4460E+00
0000226   2.6074E+02  4.1598E+01 -2.2602E+02
0000227   2.8181E+02 -8.1056E+01 -5.2576E+01
0000228   1.1718E+02 -2.8228E+02  1.7883E+01
0000229   1.5350E+02  1.0440E+02  3.8009E+01
0000230   2.3342E+02 -1.2518E+02  6.2865E+01
0000231   1.1926E+01  1.6416E+02 -1.2785E+02
0000232   3.9834E+02  2.2644E+02 -3.7061E+01
0000233   3.7224E+02  8.9100E+01 -3.3328E+01
0000234   5.8981E+02 -4.2243E+01  7.5295E+01
0000235   2.7506E+02  1.5615E+01 -2.0948E+02
0000236   5.6913E+02 -1.7226E+02 -2.0105E+02
0000237   5.1163E+02 -2.8482E+02 -3.1383E+02
0000238   2.0681E+02 -9.7575E+01  1.1921E+02
0000239   9.3884E+01 -8.6448E+00  8.6752E+01
0000240   3.9577E+02 -1.0785E+02  1.7280E+02
0000241   1.8502E+02 -1.5069E+02  2.8464E+02
0000242   1.6655E+02  6.5444E+01  3.0190E+01
0000243   3.5179E+02 -2.4758E+02  1.2003E+02
0000244   2.6535E+02 -6.8858E+01 -2.2276E+02
0000245   4.2510E+02  1.8317E+02 -8.6332E+01
0000246   3.8893E+02 -1.0374E+02 -3.8377E+02
0000248   4.2268E+02 -3.8726E+01  3.7517E+01
0000249   2.2666E+02 -1.6348E+02 -1.9045E+02
0000250   9.0255E+01 -1.0928E+02 -1.4380E+01
0000251   1.6265E+02 -1.8757E+02  3.2245E+01
0000252   3.9885E+02 -1.1811E+02  1.1741E+02
0000253   2.3154E+02 -1.2213E+02  1.6510E+02
0000254   6.6921E+02 -9.7476E+01  5.0773E+01
0000255   2.3318E+02 -3.7111E+00 -2.4339E+01
0000256   3.7449E+02 -1.9485E+02  5.0501E+01
0000257   6.3287E+02  2.5352E+02 -3.1665E+02
0000258   2.0537E+02 -2.0529E+02 -3.5583E+01
0000260   6.3829E+02 -3.1310E+02 -1.2274E+02
0000261   7.0580E+01 -1.8559E+02 -2.4584E+02
0000262   5.8913E+02  3.0865E+02  3.6499E+01
0000263   3.1218E+02 -1.3053E+02 -2.8559E+02
0000264   6.5176E+02 -5.5006E+01 -1.4744E+02
0000265   4.5018E+02 -1.4429E+02 -2.4289E+01
0000266   9.7234E+01  2.2288E+02 -3.1614E+01
0000267   3.9828E+02  1.7083E+02  2.5822E+02
0000268   5.7543E+01  3.7125E+02  1.6709E+01
0000269   4.9526E+02 -4.0513E+02  1.0389E+02
0000270   5.7759E+02  3.3045E+02  6.2389E+01
0000272   8.8369E+01 -3.4739E+02  2.0119E+02
0000273   1.5333E+02  1.5334E+02 -3.2180E+01
0000274   5.2193E+02 -6.3471E+00 -7.1171E+01
0000275   4.6447E+02  4.8328E+01 -2.4573E+02
0000276   8.0229E+00  2.2073E+01 -2.9500E+01
0000277   2.3613E+02  2.4696E+02  1.7585E+02
0000278   5.5846E+01  2.1802E+02 -1.5198E+02
0000279   2.4204E+02  6.5896E+01  2.3024E+02
0000280   1.3677E+02  6.2897E+01 -1.2576E+02
0000282   2.1366E+02  2.2169E+02 -1.5919E+02
0000283   1.3641E+02  2.3261E+02 -9.7089E+01
0000284   3.6952E+02  6.8570E+01  2.1862E+02
0000285   1.1437E+02  1.2940E+02 -2.8923E+01
0000286   1.5095E+02  3.7983E+01 -3.9833E+02
0000287   1.9436E+02  2.8803E+02  9.9615E+01
0000288   1.8465E+02  9.6416E-01 -8.3441E+01
0000289   3.5167E+02  8.9696E+01  3.8329E+01
0000291   3.1335E+02 -1.1640E+02  1.2179E+02
0000292   3.5839E+02  1.6112E+02  2.3647E+02
0000293   1.4602E+02  1.9429E+02 -1.1186E+02
0000294   2.3743E+02 -1.0272E+01 -1.6788E+02
0000295   3.8421E+02 -2.3132E+02 -1.9593E+02
0000296   2.8920E+02  1.7435E+02  1.4325E+02
0000297   1.4504E+02  5.3475E+01  3.6593E+02
0000298   3.3437E+02 -1.4452E+02 -1.1304E+02
0000299   4.2715E+02  1.9362E+02  7.9898E+01
0000301   1.8603E+02 -3.5896E+01 -2.5437E+02
0000302   2.5468E+02  5.7669E+01 -5.5542E+01
0000303   1.6301E+02  5.8529E+01 -1.4326E+01
0000304   3.1881E+02  7.8591E+01 -1.2981E+02
0000305   5.4713E+02 -1.6887E+01 -9.1885E+01
0000306   6.5446E+01 -7.7546E+01 -1.4163E+02
0000307   6.0284E+02  2.1341E+02 -1.0655E+02
0000308   1.4324E+02 -6.0112E+01 -1.3704E+02
0000309   2.0397E+02  6.2085E+01  1.0253E+02
0000310   1.4539E+02  1.8688E+02 -1.1542E+02
0000311   2.0495E+02  3.8821E+01  6.4276E+01
0000312   1.9505E+02 -1.7625E+01 -1.4431E+02
0000313   4.7866E+02 -3.1303E+01 -5.3162E+01
0000314   1.8973E+02  7.6217E+01  5.9659E+01
0000315   4.4463E+02 -1.8697E+02 -2.3607E+02
0000316   3.1440E+02 -1.3806E+02  1.6989E+02
0000317   3.3307E+02  3.1249E+02 -3.2928E+01
0000318   1.1071E+02 -1.1853E+02 -1.4852E+02
0000319   2.6575E+02  3.4119E+01  3.6119E+01
0000320   3.6009E+02  7.5100E+01 -1.2118E+02
0000321   2.9868E+02 -8.5980E+01 -3.3569E+01
0000322   4.6321E+01  1.6820E+02  2.0052E+02
0000323   3.2156E+02 -2.6788E+02 -1.4861E+02
0000324   5.7262E+01 -3.2796E+01  5.3454E+01
0000325   2.3183E+02  3.0768E+02 -1.1122E+01
0000326   4.1427E+02  5.8381E+01 -3.6928E+01
0000327   2.6564E+02 -1.7329E+02 -5.9236E+01
0000328   5.8346E+01 -7.2614E+01 -1.0269E+02
0000329   3.3924E+02 -3.0321E+02  5.2846E+00
0000330   2.5948E+02 -1.5706E+02 -5.8121E+01
0000331   3.2831E+02  4.0960E+02 -5.2364E+01
0000332   1.7280E+02 -3.5174E+01  2.0505E+01
0000333   1.0908E+02 -2.3230E+02  1.7937E+01
0000334   9.0192E+01  5.1957E+01 -3.8764E+01
0000335   5.3257E+02 -1.9195E+02 -8.5431E+01
0000336   6.0121E+02 -3.0999E+01  2.3195E+02
0000337   1.2644E+02  9.5640E+01 -5.0612E+01
0000338   1.4427E+02  6.8071E+01 -4.5293E+01
0000339   4.8833E+02 -1.3544E+01  1.8763E+01
0000340   3.1000E+02 -8.7346E+01  1.1949E+02
0000341   1.8921E+02 -2.0262E+02  4.3204E+01
0000342   3.7710E+02  9.6864E-01  6.7412E+01
0000343   4.6913E+02 -2.2316E+01 -3.7226E+01
0000344   6.2785E+02 -1.9563E+02 -2.9832E+02
0000346   5.7833E+02  1.7083E+02 -3.0860E+01
0000347   5.2282E+02 -7.3634E+01  9.6753E+01
0000348   4.1350E+02  1.3408E+02 -2.5374E+01
0000349   4.7333E+02 -1.5035E+02 -5.6238E+01
0000350   4.1191E+02 -4.1157E+02 -1.1446E+02
0000351   5.5256E+02  1.6142E+01 -3.4551E+02
0000352   2.2758E+02  9.0185E+01  8.8723E+01
0000353   2.2321E+02 -7.3376E+01 -8.8371E+01
0000354   2.5792E+02 -3.2218E+02 -1.1524E+02
0000355   6.6079E+01 -3.2213E+02 -1.5550E+02
0000356   9.7646E+01 -1.6293E+02  6.8126E+01
0000357   3.2666E+02  1.9066E+01 -1.6139E+02
0000358   2.5947E+02  2.8373E+01 -1.3357E+02
0000359   2.6089E+02 -2.9125E+02 -7.7924E+01
0000360   5.2709E+02  2.0614E+02 -1.5391E+02
0000361   5.2608E+02 -2.3032E+02  3.3159E+02
0000362   4.6708E+02  9.7734E+01  3.4470E+01
0000363   2.9566E+02  3.0465E+02  2.4998E+01
0000364   3.3651E+02  9.7256E+01  2.4555E+02
0000365   1.0597E+02  8.4032E+01 -7.4014E+01
0000366   5.5171E+01 -1.5467E+02  2.1462E+02
0000367   5.7472E+02  1.7310E+02 -1.8001E+01
0000368   4.2480E+02 -2.1722E+02  1.0254E+02
0000369   4.2673E+02 -7.4351E+01 -4.1720E+02
0000370   2.3829E+02 -6.7019E+01 -1.4647E+01
0000371   2.5573E+02  8.6978E+01  1.4736E+02
0000372   2.2256E+02  1.4057E+02  8.0522E+01
0000373   4.0969E+02 -1.7114E+02  1.3804E+01
0000374   3.9506E+02  2.7039E+01  2.1589E+02
0000375   2.5817E+01  1.2118E+02  1.4221E+02
0000376   3.2986E+02 -1.2376E+02 -1.4799E+02
0000377   1.1347E+02  8.7122E+00 -7.5158E+01
0000378   6.3615E+01  1.2379E+02 -2.6515E+02
0000379   2.5618E+02  1.5698E+02 -4.0953E+01
0000380   2.9971E+02 -1.9380E+02  3.4159E+01
0000381   1.9889E+02  2.0703E+01 -2.4725E+02
0000382   4.3605E+02 -7.0949E+01 -1.3883E+02
0000384   3.8982E+02 -7.1591E+01  6.3810E+01
0000385   4.4409E+02 -1.6551E+01  1.0904E+02
0000386   2.2605E+02 -1.8676E+02 -1.8828E+02
0000387   4.4310E+01 -1.5087E+02  2.7778E+02
0000388   4.6783E+02  1.4683E+02  1.2618E+02
0000390   2.9751E+02 -1.0346E+02 -1.9524E+02
0000391   1.2403E+02 -2.0826E+02 -6.6393E+01
0000392   2.0196E+02  9.3093E+01  6.5350E+01
0000394   2.5624E+02 -2.0237E+02  1.3611E+02
0000395   3.6363E+02 -1.6862E+02  7.0575E+01
0000396   1.3744E+02 -8.6928E+01 -1.1132E+02
0000397   3.0670E+02  3.5517E+01 -3.1583E+02
0000398   2.5656E+02  9.3446E+01  1.0304E+02
0000399   1.3242E+02 -5.4280E+01  1.0605E+02
0000400   4.1145E+02 -1.2268E+02  2.1774E+01
0000401   1.0714E+02 -2.5603E+02  7.9463E+01
0000402   4.5156E+01 -1.9749E+01 -1.5796E+02
0000403   2.0722E+02  5.9353E+01  1.2503E+02
0000404   3.5329E+02 -1.8175E+01 -1.1976E+02
0000405   2.2920E+01 -1.2420E+02 -8.3624E+01
0000407   4.8917E+02 -3.6038E+01  3.4214E+02
0000408   5.9614E+02 -1.7800E+01 -4.9025E+01
0000409   1.9299E+02  8.6817E+01 -1.3770E+02
0000410   1.3620E+02  1.2257E+02  6.1235E+01
0000411   6.4121E+01  1.0410E+02 -9.0093E+01
0000412   3.3827E+02  2.2005E+02  2.7251E+02
0000413   1.5229E+02  1.3135E+02 -5.3766E+01
0000414   2.4176E+02 -2.1963E+02 -8.1537E+01
0000415   1.6890E+02 -1.6080E+02 -5.6538E+00
0000416   4.3060E+02  5.0200E+01  5.3703E+01
0000417   2.5909E+02 -1.9300E+02  2.1159E+02
0000418   4.8295E+02  1.5602E+02 -3.6951E+02
0000419   4.3868E+01  4.0322E+00 -1.8676E+02
0000420   3.9298E+02 -3.3124E+02 -1.1198E+02
0000421   6.6751E+02 -2.5076E+02 -9.8028E+01
0000422   2.7204E+02  6.2090E+01  2.6551E-01
0000423   1.7917E+02  1.8693E+02  1.0074E+02
0000424   2.8668E+02 -1.1068E-01  2.2107E+02
0000425   2.6107E+02  1.0493E+02 -2.0574E+01
0000426   1.1494E+02  1.5217E+02  2.6024E+02
0000427   3.0283E+02 -1.0782E+01  2.0830E+02
0000428   2.5630E+02 -3.0671E+02 -3.0394E+01
0000430   2.1113E+02  1.4290E+02 -3.8360E+01
0000431   4.7664E+02 -2.5664E+02 -1.7818E+02
0000432   1.2939E+02 -1.8994E+01  1.1900E+02
0000433   1.0635E+02  1.2853E+02  8.2348E+01
0000434   1.3847E+02  2.2985E+02  1.0064E+01
0000435   1.2378E+01  1.8992E+01 -1.9875E+01
0000436   2.0565E+02 -5.0077E+01 -1.5033E+02
0000437   3.6949E+02 -3.5652E+02  7.4652E+01
0000438   3.6967E+02 -1.2878E+02  1.6635E+01
0000439   2.4926E+02  2.2344E+02 -3.3228E+01
0000440   1.2922E+02 -1.9891E+02 -2.0769E+02
0000441   1.2043E+01  2.8839E+02 -1.8895E+02
0000442   3.4207E+02 -2.9407E+01  1.1618E+02
0000443   4.3484E+02 -1.2227E+02  1.0148E+01
0000444   5.1615E+02 -1.2282E+02  1.8250E+01
0000445   3.4857E+02  2.5583E+02  1.2353E+02
0000446   2.4984E+01  1.0874E+02 -9.7354E+01
0000447   6.0350E+02  2.5928E+02  2.5857E+02
0000448   1.9902E+02 -1.9040E+02 -9.1613E+01
0000449   1.2876E+02  1.1977E+02 -6.1999E+01
0000450   4.7340E+02  3.9202E+01 -1.0817E+02
0000451   2.7780E+02  9.5087E+01 -2.4272E+02
0000452   2.4919E+02 -3.6471E+02 -1.1846E+01
0000453   3.2350E+02  5.2282E+01 -8.1780E+01
0000454   1.7594E+01  2.2747E+02 -1.7644E+01
0000455   3.9536E+02  1.8113E+02  5.2306E+01
0000456   1.7038E+02 -2.5830E+01 -2.4093E+02
0000457   2.5442E+02  1.9600E+02 -1.9038E+02
0000458   5.3362E+02 -8.0371E+01 -5.3250E+01
0000459   3.5847E+01  3.7092E+02  1.0423E+02
0000460   3.7248E+02 -3.4644E+01  2.2081E+02
0000461   3.6700E+02 -2.6946E+01  3.0233E+00
0000462   2.7752E+02  5.4391E+01  1.2497E+02
0000463   4.1377E+01 -1.2576E+02  1.6943E+02
0000464   6.4934E+02  2.0130E+02  3.3319E+02
0000465   5.6438E+02 -1.8474E+02  7.4159E+01
0000466   5.1418E+02 -4.2443E+02 -2.0938E+02
0000467   3.4376E+02 -3.7112E+02  8.1042E+01
0000468   1.8200E+02 -1.9999E+02  1.3986E+01
0000469   2.2860E+02 -1.7274E+02  6.9329E+01
0000470   5.4959E+02  3.1063E+00 -3.3263E+01
0000471   3.5614E+02 -9.7040E+01 -2.8189E+01
0000472   2.6746E+02 -5.8205E+01 -2.7182E+02
0000473   2.1709E+02 -1.3610E+02 -1.1433E+01
0000474   1.1189E+02 -3.3427E+02 -1.2736E+01
0000475   5.0051E+02 -1.1295E+02  1.7421E+02
0000476   3.4800E+02  1.9307E+02 -6.6063E+01
0000477   3.3044E+02 -2.6699E+02 -8.9923E+01
0000478   2.1881E+02 -5.0299E+01 -1.6745E+02
0000479   3.3900E+02 -9.2232E+00 -2.1461E+02
0000480   5.0443E+02  1.9912E+02  4.2885E+02
0000481   1.3370E+02  1.2557E+02 -3.7220E+01
0000482   2.1094E+02  8.2017E+01  1.2789E+02
0000483   1.8142E+02 -1.8254E+02 -7.3891E+01
0000485   4.4071E+02 -2.0531E+02  8.2117E+01
0000486   3.0110E+02  9.8003E+01 -5.5687E+01
0000487   2.7826E+02 -6.0385E+01  8.2675E+01
0000488   2.0698E+02 -9.1091E+01 -1.6327E+02
0000489   3.7178E+01  6.2180E+00  1.9775E+01
0000490   1.0320E+02 -4.5410E+01  1.0422E+01
0000491   4.5697E+02 -9.4403E+01 -2.8955E+02
0000492   1.6260E+02 -5.9308E+01  9.9790E+01
0000493   2.0123E+02  4.5369E+02 -1.3314E+02
0000494   1.8619E+02 -2.8970E+02 -1.0530E+02
0000495   4.6315E+02 -1.1997E+02 -4.0222E+01
0000496   1.7793E+02  5.1436E+01  2.3813E+02
0000497   1.6703E+02  3.3729E+01 -1.7023E+02
0000498   2.9730E+02 -7.4193E+01 -4.2255E+01
0000499   1.3610E+02 -2.1202E+02 -6.4487E+01
0000500   2.9291E+02  6.7361E+01 -4.0147E+01
0000501   4.9836E+02  2.3084E+01  2.1188E+02
0000502   4.5118E+02  1.0412E+02  1.8383E+02
0000503   6.4680E+02 -1.8799E+02  3.2039E+01
0000504   5.0125E+02  9.2411E+01  2.9402E+01
0000506   2.0066E+02  1.4632E+02 -2.8171E+02
0000507   4.5821E+02  1.2594E+02  4.0265E+01
0000508   2.3881E+02  1.1485E+02 -2.1847E+02
0000509   3.9681E+02  1.5352E+02 -2.7048E+02
0000510   3.2083E+02 -1.4906E+02  2.9315E+02
0000511   4.2930E+02 -1.2371E+02 -2.5123E+02
0000512   8.8736E+01  1.1589E+02  8.3057E+00
0000513   7.1215E+01 -8.2959E+01  6.7311E+01
0000514   8.6799E+01 -3.8799E+02 -2.1281E+02
0000515   1.7948E+02  1.0165E+02 -1.5622E+02
0000516   5.1415E+02 -2.5342E+02  2.8012E+02
0000517   1.6077E+02 -3.7682E+01  3.2213E+01
0000518   1.0376E+02  1.6641E+02 -1.1310E+02
0000519   4.5788E+02  1.1529E+01  1.1842E+02
0000520   2.8572E+02  5.7795E+01 -1.6274E+02
0000521   2.2326E+02 -8.4089E+01 -9.0027E+01
0000522   3.5237E+02  8.5118E+01  2.5509E+02
0000523   3.2517E+02  4.0377E+01 -6.8187E+01
0000524   2.6749E+02  2.4044E+01  2.5175E+01
0000525   1.4768E+02  2.0420E+02 -2.7138E+02
0000526   5.8324E+02 -3.5601E+02  1.8302E+02
0000527   3.8061E+02 -2.7220E+02  3.0643E+02
0000528   3.7975E+02 -2.9084E+01 -1.4957E+01
0000529   3.7511E+02  3.2561E+02  4.5479E+01
0000530   2.2911E+02  1.2700E+02 -3.3253E+01
0000531   4.6276E+02  3.4778E+02  1.6783E+02
0000532   2.3589E+02  2.4783E+01  1.0053E+02
0000533   4.5711E+02  4.6916E+01  9.7815E+00
0000534   9.1378E+01 -1.6884E+02  2.3487E+02
0000535   4.8772E+02 -1.0151E+02  1.5103E+01
0000536   4.0938E+02  1.6396E+02 -1.8698E+02
0000537   1.9714E+02 -3.4271E+01  2.4979E+01
0000538   5.3264E+02  6.2134E+01 -1.6840E+02
0000539   3.1683E+02  8.0061E+01  4.3423E+02
0000540   2.6818E+02 -2.2979E+02  2.0318E+02
0000541   5.3773E+02  2.0882E+02 -2.0305E+02
0000542   4.3472E+02 -2.4625E+02 -1.0600E+02
0000543   2.7938E+02  1.8661E+02  1.3968E+01
0000544   8.2834E+01  5.4943E+01 -1.9395E+02
0000545   2.0390E+02 -3.1212E+01 -5.5708E+01
0000546   2.7206E+02 -1.0131E+01 -3.2122E+02
0000547   3.8254E+02 -3.1120E+01  1.9333E+02
0000548   1.1155E+02 -3.3406E+01  1.2403E+02
0000549   3.5823E+02  4.2512E+00  1.5486E+02
0000550   4.4635E+02  7.7488E+01 -5.1766E+01
0000551   4.0080E+02 -8.8003E+01 -1.6653E+02
0000552   1.6568E+02  3.5472E+00  1.8483E+01
0000553   3.4373E+02 -2.7804E+02 -4.6502E+01
0000554   5.0932E+01 -1.3679E+02  4.2317E+01
0000555   1.6450E+02  4.0518E+01  1.8922E+01
0000556   2.9364E+02  2.2309E+02 -1.1914E+02
0000557   3.4138E+02 -1.8287E+02  4.6164E+01
0000558   3.6822E+02  8.7242E+01 -1.6496E+02
0000559   1.0557E+02  1.3106E+02 -2.5761E+02
0000560   1.4767E+02  1.4405E+02  1.6214E+01
0000561   1.9341E+02  1.1962E+02 -8.6874E+01
0000562   2.2821E+02  5.2359E+01  2.0946E+02
0000563   1.1600E+02 -9.9993E+01 -4.8095E+01
0000564   4.5482E+02  3.1217E+02 -1.4843E+02
0000565   6.3901E+00  1.1352E+02  3.7132E+02
0000566   1.1365E+02 -5.6200E+01 -4.6564E+01
0000567   3.0766E+02  4.6098E+01  5.1710E+01
0000568   2.5349E+02  2.1760E+02 -2.3340E+02
0000569   3.9999E+02  1.0874E+02 -3.6194E+02
0000570   4.4794E+02 -2.7447E+02 -1.5895E+02
0000571   3.9662E+02  1.7782E+02  2.7700E+01
0000572   3.1863E+02  8.4146E-01  6.7107E+01
0000573   9.9318E+01  1.0239E+02  5.7101E+01
0000574   4.5723E+02  4.6214E+01  1.4065E+02
0000575   2.9426E+02 -6.6579E+01 -1.2106E+02
0000576   3.5267E+02 -7.6091E+00 -3.2228E+02
0000577   5.6535E+02 -2.6506E+02 -1.9733E+01
0000578   2.9036E+02  1.3252E+02 -1.0868E+02
0000579   3.1714E+02 -9.8380E+00 -1.7710E+02
0000580   1.7541E+02  1.1273E+02 -7.3616E+01
0000581   3.4318E+02  2.0779E+02 -9.5750E+01
0000582   5.2272E+02 -5.9149E+01 -1.1234E+02
0000583   1.7104E+02  1.8151E+02 -1.5452E+02
0000584   2.2676E+02  9.8443E+01 -4.7910E+02
0000585   2.2220E+02 -5.1687E+01 -3.2926E+02
0000587   1.8639E+02  3.8249E+02 -4.8553E+01
0000588   8.7454E+01  1.0791E+02 -8.8501E+00
0000589   2.4409E+02  1.5313E+01 -1.2708E+02
0000590   1.6825E+02 -1.1162E+02  1.0314E+02
0000591   5.1271E+02 -1.1055E+02 -1.8739E+02
0000592   2.3130E+02 -7.5027E+01  1.5178E+02
0000593   1.0750E+02  8.9597E+01  5.0012E+01
0000595   1.2994E+02  9.4577E+01 -1.4556E+02
0000596   8.4076E+01  2.2507E+02  2.4220E+02
0000597   2.9138E+02 -9.7066E+01 -1.8041E+01
0000598   4.5472E+02 -8.4244E+01 -2.4411E+02
0000599   5.1113E+02 -8.5143E+01  2.7528E+01
0000600   4.9460E+02 -1.9171E+02 -4.8055E+01
0000601   8.4599E+01  1.0660E+02  7.9482E+00
0000602   2.5168E+02  6.2918E+01  1.2502E+02
0000604   5.0760E+02 -3.2728E+02 -5.8384E+00
0000605   2.2487E+02  1.9044E+01 -1.9922E+02
0000606   4.2599E+02 -2.7425E+02  9.1613E+01
0000607   5.6808E+02  1.6403E+02 -1.2379E+02
0000608   1.3755E+02 -1.5365E+02  9.2196E+01
0000609   2.8802E+02 -2.1821E+02  2.4770E+01
0000610   4.4303E+02  1.3933E+02 -2.2524E+02
0000611   2.8447E+02  3.7822E+02  6.7397E+00
0000612   6.4606E+02  5.2759E+01  5.9577E+01
0000613   2.5015E+02  1.0461E+01  5.0988E+01
0000614   3.2670E+01 -1.6954E+02  2.7036E+01
0000615   2.3824E+02 -4.7917E+00  1.7049E+01
0000616   3.1787E+02 -1.7832E+02  5.6095E+01
0000617   3.4092E+02  8.0353E+01  2.5376E+01
0000618   4.0073E+02 -1.3238E+02  2.4709E+02
0000619   2.8485E+01 -8.4044E+01  2.5034E+02
0000620   4.6593E+02  3.2908E+01 -5.7692E+01
0000621   1.8801E+01  1.3995E+02 -2.7930E+02
0000622   3.8243E+02 -7.8394E+01 -5.5192E+01
0000623   8.6305E+01  1.5798E+02 -1.2529E+02
0000624   4.7721E+02 -5.4609E+01  7.7084E+01
0000625   1.4491E+02 -3.2854E+02  4.9232E+01
0000626   1.9361E+02 -3.2621E+02  1.7207E+02
0000627   1.7413E+01 -2.8692E+02 -9.3619E+01
0000628   4.2169E+02 -1.6677E+02  4.6362E+02
0000629   4.6640E+02  9.0050E+01  1.8330E+02
0000630   1.1008E+02 -4.5235E+01 -1.3629E+01
0000631   1.1127E+02 -2.2392E+02 -1.5036E+02
0000632   2.1702E+02  1.5970E+02  5.3953E+01
0000635   1.5622E+02  4.6357E+01 -3.6313E+02
0000636   3.7428E+02  3.6991E+02 -1.1464E+02
0000637   7.3241E+01  1.9507E+02 -1.0333E+02
0000638   3.1501E+02 -7.9170E+01 -8.5552E+00
0000639   2.0822E+02  2.1607E+01 -1.0074E+02
0000640   6.3821E+02 -1.3183E+02  1.4925E+00
0000641   4.9416E+02  8.2755E+01  6.3828E+01
0000642   3.0256E+02 -3.3123E+01 -2.5809E+02
0000643   1.2169E+02  1.2908E+02 -2.8073E+02
0000644   3.3022E+02 -5.6048E+01  2.6469E+02
0000645   4.5596E+02  1.2914E+02 -3.9316E+01
0000646   3.4475E+02 -2.1288E+02 -1.9263E+01
0000647   1.9059E+02  4.8178E+01  3.5188E+01
0000648   1.0357E+02 -2.1464E+02 -6.9553E+00
0000649   6.6446E+02  1.7478E+02 -8.6817E+01
0000650   3.8159E+02 -3.3185E+02 -1.4825E+02
0000651   5.4497E+02 -1.3947E+02 -2.5776E+02
0000652   1.1056E+02 -1.0602E+02  1.8736E+02
0000653   1.3641E+02 -1.5472E+02  1.8148E+01
0000654   3.7229E+02  2.4426E+02  1.0179E+02
0000655   5.8199E+02 -1.7835E+02 -1.9362E+02
0000656   9.1909E+01 -7.5501E+01 -1.9932E+01
0000657   1.4750E+02  6.0607E+01  1.0071E+02
0000658   6.8632E+01  2.7079E+00 -1.3027E+02
0000659   1.5569E+02  1.9326E+00 -1.6058E+02
0000661   2.8912E+02  6.7697E+01  1.9064E+02
0000662   1.4164E+02 -5.9576E+01 -1.2966E+02
0000663   4.0311E+02 -8.0975E+01 -2.7579E+01
0000664   5.5303E+02  9.4264E+01 -2.2704E+02
0000665   3.8445E+02 -4.7139E+01  2.3938E+02
0000666   2.9017E+02 -4.1692E+01  2.3300E+02
0000667   3.0139E+02 -9.2648E+01 -6.2841E+01
0000668   1.5286E+02 -4.8878E+02 -1.7263E+02
0000669   2.6020E+02 -5.2871E+02  6.6461E+01
0000671   4.4393E+02 -5.8227E+01 -7.5854E+01
0000672   1.9462E+02 -9.4001E+00  2.5461E+02
0000673   1.0109E+02  1.5615E+02  1.0274E+00
0000674   2.8861E+02 -2.0559E+01 -2.3458E+02
0000675   2.1487E+02 -2.3598E+02 -1.3557E+02
0000676   1.6238E+02 -3.9035E+01  6.6702E+01
0000677   1.4911E+02 -2.2488E+02  1.9760E+02
0000679   1.5963E+02  2.2686E+01  1.6976E+02
0000681   1.4457E+02 -1.5939E+02  2.6349E+02
0000682   2.1725E+01  3.6545E+01 -2.6541E+02
0000683   4.1267E+02 -7.1004E+01  1.4827E+01
0000684   2.7415E+02 -6.5853E+01  1.8722E+01
0000685   1.9078E+02 -1.1779E+02 -2.2986E+02
0000686   2.3698E+02  1.2701E+02  2.4087E+02
0000687   2.5553E+02 -6.5169E+01 -7.5126E+01
0000688   4.5900E+02 -1.4799E+02 -5.2992E+01
0000689   2.1759E+02  4.6130E+01  1.2317E+02
0000690   3.6058E+02  1.4692E+02  4.9109E+01
0000691   1.9653E+02  1.1507E+02  1.0262E+02
0000692   1.4125E+02 -1.5403E+02  4.6657E+01
0000693   3.1517E+01  2.4263E+02  8.0445E+01
0000694   6.5605E+01  6.6643E+01 -8.7849E+01
0000695   5.5432E+01 -2.7860E+02  1.0125E+02
0000696   3.9675E+02  3.2634E+01 -1.0390E+02
0000697   3.9134E+02 -6.6066E+01  1.0255E+02
0000698   2.9603E+02 -3.3335E+01 -1.3929E+02
0000699   4.2186E+02  1.1009E+02 -2.2694E+02
0000700   4.2286E+02 -1.4370E+01 -4.3069E+02
0000701   2.3350E+02 -6.6735E+01  2.8223E+02
0000702   3.9191E+02 -1.8325E+02  1.4667E+02
0000703   1.8492E+02  2.8111E+02  2.1918E+02
0000704   5.6493E+02 -3.0165E+02  3.2507E+02
0000705   1.7025E+02  1.4774E+02  6.5449E+01
0000706   4.7255E+02  2.6025E+01  2.6722E+02
0000707   1.9620E+02 -3.3060E+01  1.2832E+01
0000708   1.1685E+02  1.7528E+02  1.7637E+02
0000710   3.0135E+02 -2.2140E+02  3.2176E+01
0000711   1.3709E+02 -7.9074E+01 -1.0812E+01
0000712   1.6798E+02  5.2588E+01  9.1638E+01
0000713   4.5692E+01  3.7260E+01 -1.2500E+02
0000714   5.3111E+02  1.9737E+01  1.2840E+02
0000715   2.6923E+02 -5.7691E+01 -1.0717E+02
0000716   2.1445E+02 -1.0921E+02  1.9981E+00
0000717   4.9552E+02 -2.2074E+02  3.5111E+02
0000718   6.8632E+02  1.9410E+02  4.6882E+01
0000720   3.6715E+02  7.0522E+01 -1.8690E+01
0000721   2.4379E+02 -6.1940E+01  4.1661E+01
0000722   6.2495E+02 -1.6926E+02  2.4584E+02
0000723   2.0879E+02 -6.4461E+01 -2.7697E+02
0000724   3.7940E+02  2.9725E+02 -6.5240E+01
0000725   4.0535E+01  6.6948E+01 -1.5504E+01
0000726   3.4142E+02  2.4615E+02  3.9916E+02
0000727   3.8366E+02 -4.2951E+01  1.1558E+02
0000729   1.8302E+02  1.0799E+02 -1.8833E+02
0000730   4.3239E+02 -7.1508E+01  1.0177E+02
0000731   1.2388E+02 -1.6414E+02 -6.2195E+01
0000732   4.0856E+02 -1.6779E+02  1.0653E+02
0000733   2.4027E+02 -9.2867E+01  9.0991E+01
0000734   3.4310E+02 -4.8533E+00  1.9856E+02
0000735   2.1668E+02  2.4616E+02 -9.7101E+01
0000736   2.6370E+02 -1.6715E+02 -6.7474E+01
0000737   4.4150E+02  2.0425E+02  8.7015E+01
0000738   1.1788E+02 -3.5497E+02 -1.4518E+02
0000739   1.6302E+02 -2.5643E+02  6.7045E+01
0000740   3.2391E+02  2.5509E+02 -1.1889E+02
0000741   1.6041E+02 -2.0730E+02  8.1754E+01
0000742   2.0718E+02  4.0663E+01  6.9620E+00
0000743   3.8810E+02  1.4443E+02 -8.6205E+01
0000744   5.2777E+02  3.2233E+02  7.8242E+01
0000745   4.0515E+02  1.3385E+02 -3.9037E+01
0000746   3.8508E+02 -2.4466E+02  1.9401E+02
0000747   3.0848E+02 -2.4217E+02 -1.0396E+02
0000748   4.1168E+02  1.8281E+02 -6.8074E+00
0000749   3.4179E+02  1.1475E+02  2.2212E+02
0000750   2.2949E+02 -3.1570E+02  1.8870E+02
0000751   2.1120E+02  1.3018E+02  8.3633E+01
0000752   4.1553E+02 -1.0852E+02  7.0725E+01
0000753   4.7102E+02 -3.8850E+01  2.0843E+02
0000754   4.0812E+02  2.9426E+02  2.4323E+02
0000755   5.1910E+02  2.4705E+02 -1.3418E+02
0000757   2.7408E+02 -6.8535E+01  4.7530E+01
0000758   3.1816E+02 -6.5581E+01  1.3449E+00
0000760   1.4812E+02  1.8787E+02  2.5893E+00
0000761   3.8779E+02 -2.7145E+02 -1.6972E+02
0000762   4.0707E+02 -1.6292E+01  5.7892E-01
0000763   1.6083E+02  1.8883E+02 -9.6685E+00
0000764   2.4997E+02  7.1655E+01 -8.0330E+01
0000765   6.4122E+02 -2.4022E+02 -6.2885E+01
0000766   2.5026E+02 -1.1462E+02 -1.6836E+02
0000767   3.7530E+02  2.0805E+01  1.3113E+02
0000769   3.8997E+02 -6.2512E+01  3.6085E+02
0000770   4.0032E+02  2.4054E+02  1.1662E+02
0000771   5.7170E+02  2.4944E+02  4.9965E+01
0000772   4.4775E+02 -2.4474E+02  9.8741E+00
0000773   2.3842E+02 -7.3393E+01 -2.8536E+02
0000774   1.3721E+02  1.0128E+02 -2.8090E+02
0000775   4.9089E+02 -5.2040E+01  2.4717E+01
0000776   6.2795E+02  5.7912E+01 -1.0540E+02
0000777   1.8274E+02 -7.4436E+01 -8.0718E+01
0000779   2.5033E+02 -7.4927E+01  3.6799E+02
0000780   5.2310E+02  5.7106E+01 -2.1320E+02
0000781   1.5363E+02  7.2012E+01 -2.1435E+02
0000782   2.6273E+02  8.6313E+00  1.1215E+02
0000783   5.9786E+02  1.2994E+02  1.1853E+02
0000784   6.0098E+01 -1.2429E+02 -8.7853E+01
0000785   1.6283E+02  1.6872E+02 -1.2446E+02
0000786   3.1532E+02 -7.5056E+01 -1.1578E+02
0000787   4.4432E+02  1.2905E+02  3.2437E+02
0000788   3.8355E+02 -1.8284E+02 -9.0808E+01
0000789   3.2901E+02  1.9822E+02  1.2732E+02
0000790   6.5432E+01 -2.2404E+02  7.9730E+01
0000791   3.1066E+02 -2.1074E+01 -7.3589E+01
0000792   3.8449E+02  2.1668E+02  3.3323E+02
0000793   3.3424E+02  2.0718E+02  7.1959E+01
0000794   2.4356E+02  1.4936E+01  2.0240E+02
0000795   3.4560E+02  2.5594E+02  2.1010E+02
0000796   3.2155E+02 -7.8500E+01 -7.3753E+01
0000797   9.0425E+01  4.8515E+01  2.9325E+02
0000798   1.5835E+02 -1.6305E+02 -1.4565E+02
0000799   2.6140E+02  5.0031E+01 -1.8297E+02
0000800   4.6912E+02 -3.2720E+01 -1.2605E+02
0000801   4.3988E+02  2.2543E+02 -6.2425E+01
0000802   2.0309E+02 -3.7997E+01 -3.9032E+01
0000803   9.7972E+01  1.2448E+02 -1.0157E+02
0000804   5.2667E+02  5.5046E+01 -9.8131E+00
0000805   2.2429E+02 -2.3835E+02 -5.0840E+00
0000806   3.8376E+02 -2.2503E+02  1.6683E+02
0000807   1.9295E+02 -5.3781E+01  3.2665E+02
0000808   2.5555E+02  6.0746E+01 -3.2762E+01
0000809   5.1689E+02 -5.2077E+01 -4.3252E+02
0000810   5.0180E+02 -1.2905E+02  7.2887E+01
0000811   2.8960E+02 -1.9388E+02  1.1805E+02
0000812   1.9512E+02 -1.4291E+02  2.4684E+02
0000813   1.9238E+02 -8.2439E+01 -3.4918E+02
0000814   3.2341E+02 -1.2692E+02  3.3411E+01
0000815   4.4282E+02 -4.1689E+01 -1.8263E+02
0000816   3.1437E+02  3.8441E+01 -3.2960E+02
0000817   3.5290E+02  1.6621E+02 -6.5006E+01
0000818   2.1356E+02 -2.0288E+02 -3.2841E+02
0000819   4.4841E+02 -1.0986E+02  9.5782E+01
0000820   3.0810E+02  1.6516E+01 -6.5971E+01
0000821   4.7002E+02 -4.1132E+02  2.8363E+02
0000823   5.2263E+02 -7.4226E+01  4.5326E+00
0000824   2.9298E+02  1.1192E+01  8.1981E+01
0000825   2.8873E+02 -1.8546E+01  1.3820E+01
0000826   1.0643E+02  7.4610E+00  3.8218E+02
0000827   2.1296E+02 -2.6610E+02  2.0432E+02
0000828   3.0105E+02  1.4932E+01  8.8351E+01
0000829   4.8935E+02 -4.1450E+01  5.7083E+01
0000830   4.2150E+02  2.4265E+01  1.8726E+01
0000831   1.3608E+02  5.3237E+01 -1.0384E+02
0000832   2.2036E+02 -1.1565E+02  1.4788E+02
0000833   1.6774E+02 -1.1808E+02 -1.1762E+02
0000834   7.7825E+01 -2.4693E+02  4.0267E+00
0000835   1.7858E+02  2.3672E+01 -9.9182E+01
0000836   1.3520E+02 -8.5024E+01  3.2901E+02
0000837   2.3523E+02  2.4479E+02  1.5189E+02
0000838   2.8225E+02 -4.8284E+02  1.3385E+01
0000839   4.0147E+02  7.2229E+01  3.1928E+02
0000840   2.3657E+02  2.5232E+01  5.6304E+02
0000841   4.0145E+00  3.3458E+01 -2.7277E+01
0000842   5.9114E+02 -1.9282E+02 -1.6510E+02
0000843   3.3605E+02  2.8550E+01 -1.5215E+02
0000844   2.6536E+02 -3.9717E+02  2.2931E+02
0000845   3.8671E+02  5.9878E+01  2.6294E+02
0000847   3.4721E+02  2.8527E+02 -1.4491E+02
0000848   2.1778E+02  1.2989E+01  5.6682E+01
0000849   1.1103E+02  6.1934E+01 -1.7298E+02
0000850   2.3053E+02 -2.1136E+02 -5.0874E+00
0000851   2.4531E+02  2.2157E+02  1.5210E+02
0000852   1.7859E+02 -3.6392E+02  1.3823E+02
0000853   7.6221E+01 -5.3119E+01  9.8565E+00
0000854   9.5885E+01 -1.0060E+02 -6.0337E+01
0000855   4.2797E+02  1.5891E+01  2.3834E+02
0000856   4.8629E+02  1.2054E+02  2.8293E+01
0000857   5.2219E+02  1.9356E+02 -3.8229E+01
0000858   3.3033E+02 -2.1169E+01  5.6878E+01
0000860   1.6959E+02 -1.6576E+01  2.1993E+01
0000861   7.0006E+02  1.2058E+02  1.5324E+02
0000862   3.6886E+02 -1.5831E+02 -1.5661E+01
0000863   2.1258E+02 -6.6947E-02  2.4946E+02
0000864   1.9388E+02 -1.3870E+02  2.7982E+00
0000865   4.1413E+02  2.9813E+02  9.7110E+01
0000866   5.6061E+02  4.4408E+01  7.4198E+01
0000867   4.4790E+02 -6.0741E+00 -1.8859E+02
0000868   4.8675E+02  1.6360E+02  1.2766E+02
0000869   1.9460E+02  2.0647E+02  2.3305E+01
0000870   1.3806E+02  1.9742E+02  1.9113E+02
0000871   3.5599E+02  1.4124E+02 -1.5313E+02
0000872   1.9930E+02 -1.7826E+02 -7.7083E+01
0000873   2.1936E+02 -1.0692E+02 -1.8661E+01
0000874   5.1642E+02 -2.9791E+02  3.0345E+02
0000875   3.4762E+02 -1.1992E+02 -5.5454E+01
0000876   5.5739E+01 -1.5554E+02 -1.1221E+02
0000878   2.0309E+02  1.0414E+01 -2.3082E+02
0000879   6.3419E+02  1.0366E+02 -2.0338E+02
0000880   5.5802E+02  8.8006E+01 -3.6955E+01
0000881   5.0908E+02  1.9990E+02  1.1687E+02
0000883   6.8821E+02  1.7247E+02  1.1854E+02
0000884   3.1377E+02 -2.1884E+01 -6.2703E+00
0000885   1.9556E+02 -7.8788E+00 -2.6469E+01
0000886   2.3256E+02 -2.2843E+00 -9.7668E+01
0000887   4.3440E+02  3.0228E+01 -1.3104E+02
0000888   1.1309E+02 -1.3720E+02  1.1073E+02
0000889   2.2239E+02  2.8250E+02  2.1728E+02
0000890   6.6428E+02 -3.0574E+01  1.9963E+02
0000891   6.1637E+02 -5.9699E+01 -2.0463E+01
0000892   3.1268E+02 -2.5394E+02 -2.0843E+02
0000893   1.8501E+02  9.7307E+01 -1.9506E+02
0000894   5.6330E+02  1.3935E+02 -2.3703E+02
0000895   8.1792E+01 -1.2614E+02  1.6972E+02
0000896   4.5188E+02 -8.7094E+01  4.6272E+01
0000897   7.8401E+01 -1.1938E+02 -4.1117E+02
0000898   3.0578E+02  5.8286E+01 -1.7348E+02
0000899   7.3803E+01 -1.4176E+02 -4.1829E+01
0000900   3.4232E+02  2.6926E+02 -4.0878E+01
0000901   3.5463E+02 -2.9025E+02 -1.6550E+02
0000903   3.7204E+02  1.7033E+02 -1.7673E+02
0000904   1.0033E+02  1.4212E+02  3.3886E+02
0000905   4.4643E+02  2.5298E+02 -1.1784E+02
0000908   9.2735E+01  1.5427E+02  6.9653E+01
0000909   3.2584E+02  1.8870E+02  3.1613E+02
0000910   4.8806E+02 -1.9318E+02  1.5083E+02
0000912   4.5971E+02  1.1286E+02  1.2769E+02
0000913   1.1709E+02 -3.4638E+02  2.3141E+01
0000914   4.4804E+02 -1.4774E+01 -3.6088E+02
0000915   3.9076E+02  1.1015E+02 -1.4957E+02
0000916   4.9014E+02  1.1437E+02  5.6571E+01
0000917   3.7143E+02  1.9564E+02 -5.7604E+01
0000918   2.6025E+02  1.2310E+02 -6.8841E+01
0000919   8.0110E+01  9.9997E+01 -8.0620E+01
0000920   2.6699E+02 -2.7414E+02 -4.0638E+01
0000921   1.6349E+02 -8.4875E+01 -9.6684E+01
0000922   4.3896E+02  3.8046E+02 -2.6032E+02
0000923   3.9511E+02 -1.2803E+01  9.5841E+01
0000924   2.9440E+02 -1.5981E+01  3.7228E+01
0000925   3.0790E+02 -1.3144E+02 -1.2690E+02
0000926   1.4537E+02 -1.8269E+02  1.1031E+02
0000927   3.5038E+02  1.0694E+01 -1.1883E+02
0000928   4.2669E+02 -1.4516E+02  5.7810E+01
0000929   7.1547E+02 -2.5318E+01  3.2426E+01
0000930   2.9704E+02  1.6643E+02 -1.9218E+02
0000931   4.6801E+02 -1.1483E+01  9.5315E+00
0000932   2.7620E+02  3.5109E+02  7.1621E+01
0000933   3.0315E+02 -1.3646E+02  2.4911E+02
0000935   1.8960E+02  9.1701E+01 -1.6713E+02
0000936   2.8778E+02  1.1188E+02  2.3295E+02
0000937   2.5989E+02 -1.2115E+02 -1.2855E+02
0000938   7.4571E+01  1.0981E+02  1.9539E+02
0000939   4.9590E+02  1.2705E+02 -2.8099E+01
0000940   2.9523E+02  3.1291E+02  8.6720E+01
0000941   1.2614E+02  1.8589E+02  6.6275E+01
0000942   5.8881E+02 -1.2919E+02 -2.9589E+00
0000943   1.2560E+02 -1.8272E+02 -2.0280E+00
0000944   4.7898E+02 -8.9780E+01  3.4860E+01
0000945   3.5145E+02 -2.3779E+01  1.2485E+01
0000946   4.9389E+01 -3.1344E+01 -5.1523E+01
0000947   3.2628E+02 -1.9263E+02 -2.9194E+02
0000948   4.2279E+02 -1.3231E+02  8.7051E+01
0000949   2.0236E+02 -2.0677E+02  1.3652E+02
0000950   4.8765E+02 -2.5523E+02  8.2321E+01
0000951   3.6786E+02  1.7778E+02  1.6620E+02
0000952   2.6803E+02  1.9531E+02  2.1748E+02
0000953   2.6849E+02 -1.7748E+02 -8.5253E+01
0000954   4.4291E+02 -6.5566E+01 -5.7614E+01
0000956   1.9345E+02 -8.5115E+01  8.1094E+01
0000957   1.4967E+02  2.3000E+01  4.8225E+01
0000959   3.9281E+02  3.1340E+00 -1.8376E+02
0000960   1.1000E+02 -1.6970E+02 -2.1559E+02
0000961   2.6658E+02 -1.1431E+02 -7.4581E+01
0000962   5.0763E+02 -3.7078E+01  2.6511E+02
0000963   6.9279E+01 -1.7479E+01 -3.1863E+02
0000964   1.4533E+02  3.7017E+01  1.1475E+02
0000965   2.6341E+02 -2.8983E+01 -1.0719E+02
0000966   2.3874E+02 -1.8318E+02  1.8289E+02
0000967   2.6509E+02  5.2488E+01  1.5928E+02
0000968   1.5110E+02 -2.1233E+02  1.5308E+02
0000969   1.2718E+02  4.1277E+01 -1.9352E+01
0000970   1.0309E+02 -6.9758E+01 -6.2023E+01
0000971   3.1864E+02 -1.7934E+02 -8.7022E+01
0000972   1.9286E+02 -2.5870E+01  3.6480E+01
0000973   1.4113E+02  1.4770E+02 -7.5293E+00
0000974   3.8126E+02  6.6613E+01 -8.9686E+01
0000975   1.3536E+02  1.5487E+02  3.6712E+01
0000976   4.5274E+02 -2.6029E+02  5.1672E+01
0000977   4.3610E+02 -2.7495E+01  2.1021E+02
0000978   1.4425E+02  1.2403E+02  3.7401E+01
0000979   2.7737E+02 -7.7318E+01 -9.6379E+01
0000980   3.0417E+02  2.2737E+01  2.2394E+01
0000981   3.3181E+02 -1.2197E+02 -3.7648E+00
0000982   2.2730E+02  1.9563E+02 -1.4024E+02
0000983   1.2396E+02 -1.3807E+02 -1.9338E+02
0000984   1.8534E+02  1.6927E+01 -3.2378E+02
0000985   4.4016E+02  6.0471E+01  8.8315E+01
0000986   4.9900E+02  1.9801E+02 -4.6917E+01
0000987   7.2099E+01  2.7176E+02 -3.4135E+02
0000988   2.7223E+02  1.5748E+02 -1.1889E+02
0000989   3.2171E+02  7.3716E+01  1.2275E+02
0000990   5.1155E+01 -3.3763E+01 -2.2064E+02
0000991   6.2479E+02 -3.7680E+01  1.6338E+01
0000992   5.5200E+02  7.9005E+01 -5.6975E+01
0000993   3.8421E+02  1.7479E+02 -1.9228E+02
0000996   4.0231E+02 -6.5352E+00  1.5316E+02
0000997   2.4949E+02 -1.6591E+02  1.9604E+02
0000998   4.0034E+02 -1.3219E+02  1.8762E+02
0000999   1.4473E+02 -1.9457E+02  1.8373E+02
0001000   3.2494E+02 -1.6962E+02 -3.0458E+02
