============================== SRIM-2013.00 ==============================
==============================================================================
====== SRIM Outputs\RANGE_3D.txt : File of Final Ion Positions =====

Ion =  F (09)   Ion Mass= 018.9984
Energy  = 3000000.E-05 keV
Ion Angle to Surface = 00.0 degrees
==================== TARGET =======================
  Layer # 1 - None
  Layer # 1 - Bottom Depth=500000.E-01 A
  Layer # 1 - Density =0007.8700 g/cm3
  Layer # 1 -  100 % of Fe
ÍÍÍÍÍÍÍÍÍÍÍÍÍÍÍÍÍÍÍÍÍÍÍÍÍÍÍÍÍÍÍÍÍÍÍÍÍÍÍÍÍÍÍÍÍÍÍÍÍÍÍÍ
                                            
Ion       Depth  X   Lateral Y   Lateral Z  
Number    (Angstrom) (Angstrom)  (Angstrom) 
-------  ----------- ----------- -----------
0000002   5.9076E+02  1.2727E+02  4.9382E+01
0000003   8.2027E+01 -1.4298E+02 -7.5965E+01
0000004   2.7878E+01 -2.5802E+02  2.8227E+02
0000005   2.4307E+02  8.4771E+00  2.7698E+02
0000006   8.8891E+02  2.5262E+01 -1.7705E+01
0000007   1.9974E+02  1.8326E+01 -3.6906E+01
0000008   1.2135E+02  2.7001E+02  3.7236E+01
0000009   4.6339E+02 -2.4280E+02  2.3037E+02
0000010   2.8338E+02  6.8993E+01  1.6022E+02
0000011   1.8297E+02 -7.0433E+01  7.3051E+01
0000012   6.5147E+02  1.5540E+02 -9.6764E+01
0000013   4.1649E+02  8.3231E+01  3.5617E+02
0000014   4.5551E+02  9.8738E+01 -3.0901E+02
0000015   1.0541E+02 -1.0167E+02  1.3145E+02
0000017   3.1027E+02 -7.2103E+01  3.9508E+02
0000018   3.1709E+02  9.6234E+01 -2.1297E+02
0000019   7.2400E+02 -3.0124E+01  1.6425E+02
0000020   2.3756E+02 -1.4630E+01  2.1498E+01
0000021   3.7096E+02 -1.7789E+02  7.7851E+01
0000022   3.0607E+02  4.5765E+01  1.5618E+02
0000023   2.6805E+02  7.7372E+01 -7.3836E+01
0000024   4.3777E+02  3.7918E+01 -2.7131E+01
0000026   3.3699E+02 -2.3025E+02 -3.8672E+02
0000027   4.7486E+02  7.3545E+01  3.0727E+02
0000028   2.6843E+02  4.1581E+02 -1.5066E+02
0000029   4.2883E+02  2.2193E+02 -1.8318E+02
0000030   1.6718E+02  7.4793E+01  2.9689E+01
0000031   1.3078E+02 -1.5707E+02 -1.8922E+01
0000033   4.7751E+02 -2.2936E+02  1.0022E+02
0000034   2.4789E+02  1.1451E+02  6.8051E+01
0000035   2.5178E+02 -2.1580E+02  8.2836E+01
0000036   3.4125E+02  2.8830E+02 -5.2924E+00
0000037   1.1212E+02  2.6169E+02  1.1658E+01
0000038   2.0743E+02 -2.7735E+01  1.5998E+01
0000039   5.4748E+02  9.9592E+00  1.6007E+02
0000040   1.4924E+02  1.9680E+02  2.3640E+02
0000041   4.2985E+02  8.8390E+01 -8.2370E+01
0000042   3.0031E+02  1.7289E+02  1.4630E+02
0000043   6.3345E+01 -1.3643E+01 -4.8355E+01
0000044   3.4478E+02  1.2890E+02  1.1454E+02
0000045   5.6739E+01  6.7318E+01  4.0024E+02
0000046   2.9711E+02  1.5459E+02 -1.1927E+02
0000047   2.2114E+02 -3.2222E+01 -2.1206E+02
0000048   5.0088E+02  1.4891E+02  2.8437E+02
0000049   2.1001E+02  9.4594E+01 -1.1857E+02
0000050   1.9686E+02  9.0389E+00  1.2014E+02
0000051   3.4677E+02  7.7546E+01  3.1941E+02
0000052   3.8005E+02  1.5593E+01  1.0756E+02
0000053   2.5509E+02 -2.2233E+02 -2.0000E+02
0000054   4.8165E+02  1.0489E+02  1.6486E+02
0000055   5.7265E+02 -3.4279E+00 -3.6886E+01
0000056   4.0989E+02 -1.8631E+02  1.0259E+02
0000057   3.4884E+02 -1.6767E+02 -2.9528E+02
0000058   3.1779E+02  7.3455E+01 -2.9437E+01
0000059   1.7007E+02 -5.1674E+02  1.2117E+02
0000060   2.4479E+02 -2.3516E+02 -2.8144E+02
0000061   6.5330E+02  1.2912E+02 -3.8538E+01
0000062   3.8659E+02  1.1070E+00 -4.7138E+01
0000063   2.6038E+02  1.2223E+02 -5.2423E+01
0000064   7.2611E+02  1.2630E+02 -1.5314E+02
0000065   5.2915E+02 -1.5119E+02 -2.0519E+02
0000066   2.7378E+02  3.8846E+00  1.3019E+02
0000067   8.1226E+02  1.6685E+02 -1.3884E+02
0000068   2.1696E+02 -1.1386E+02  1.4064E+01
0000069   4.8810E+02  1.7478E+01 -3.7108E+02
0000070   1.9262E+02  1.5121E+02 -9.4335E+01
0000071   4.4114E+02 -1.5836E+02  2.5561E+02
0000072   3.7665E+02  5.5360E+01 -1.9319E+02
0000073   3.7350E+02 -1.2590E+02  1.6414E+00
0000074   8.9830E+01  3.4641E+02  9.3664E+01
0000075   2.1434E+01 -3.6798E+01  7.1159E+01
0000076   4.0770E+02  1.1645E+02  1.1811E+02
0000077   1.8682E+01  1.0528E+02  1.3101E+02
0000078   5.9956E+02  1.7345E+01  6.9186E+00
0000079   6.6431E+01  2.1161E+01 -1.0142E+01
0000080   4.2020E+02 -1.3574E+02  1.5140E+02
0000081   2.3289E+02 -2.6023E+02 -1.6452E+02
0000082   2.5633E+02 -8.8870E+01  1.2594E+02
0000083   1.0491E+02 -5.9794E+01  8.6457E+01
0000084   2.9008E+02 -1.6180E+02 -7.3131E+01
0000085   4.3488E+02 -2.2626E+02 -2.7916E+02
0000086   1.3301E+02 -7.9164E+01 -2.3857E+01
0000087   4.1821E+02  1.5782E+02 -5.4190E+01
0000088   5.2792E+02 -1.2806E+01 -2.3981E+02
0000089   2.6082E+02 -1.0724E+01 -3.0635E+01
0000090   6.3353E+01  4.1182E+01  1.4292E+02
0000091   3.5781E+02 -1.8341E+02  1.0705E+02
0000092   4.3182E+01 -5.5530E+01  2.7262E+00
0000093   2.5420E+02 -6.5046E+00  5.7383E+01
0000094   9.4048E+01  3.9119E+01 -1.6449E+02
0000095   6.3420E+02  2.4960E+02 -1.8877E+01
0000096   1.3908E+02  3.5441E+01 -1.0404E+02
0000097   2.6121E+02  3.5295E+01 -2.2138E+02
0000098   1.9739E+02 -1.3110E+02 -1.1473E+02
0000099   5.2733E+01 -7.5001E+01  1.3719E+02
0000101   7.9162E+02 -1.1329E+02 -1.2891E+02
0000102   3.3027E+02 -2.5085E+02 -3.6048E+01
0000103   1.6207E+02 -4.3192E+01 -2.0307E+02
0000104   1.9547E+02 -1.2533E+02 -2.1844E+02
0000105   1.5090E+02  2.3442E+02  4.8165E+01
0000106   4.2486E+02  1.0553E+02 -7.3245E+01
0000107   3.2604E+02 -2.0386E+00 -1.5879E+02
0000108   1.9115E+02  1.6828E+02  3.5806E+02
0000110   4.0136E+02 -1.1449E+02 -1.3875E+02
0000111   2.2321E+02 -1.5117E+02  2.7495E+01
0000112   1.7558E+02  1.1985E+02 -9.8949E+01
0000114   3.3213E+02 -4.7431E+01  7.7188E+01
0000115   3.4726E+02 -2.9287E+02  2.5262E+01
0000117   1.7828E+02  7.4393E+01 -2.3113E+02
0000118   2.1252E+02  1.3337E+02  1.5226E+02
0000119   8.3344E+02  3.2885E+02 -1.8394E+02
0000120   1.4354E+01  7.6700E+01 -1.8132E+02
0000121   2.1822E+02 -1.1876E+02 -3.1680E+01
0000122   3.2268E+02 -4.0084E+01  5.5696E+01
0000123   3.7407E+02 -6.4783E+01  1.7486E+02
0000124   6.0884E+02  2.7071E+02  2.8088E+02
0000125   3.9705E+02  1.9124E+02  2.0290E+02
0000126   2.1407E+02  1.7494E+02  1.3173E+02
0000127   3.0507E+02  8.4525E+01 -2.3106E+02
0000128   5.0672E+02 -6.3767E+01 -2.6430E+01
0000129   5.0116E+02  1.0050E+02 -3.7758E+01
0000130   4.6673E+02 -2.2768E+02  3.3696E+01
0000131   1.8159E+02  1.2962E+02  1.6582E+02
0000132   3.7256E+02  9.0711E+01 -7.1806E+01
0000133   2.0930E+02 -1.9834E+02 -1.3897E+02
0000134   3.9766E+02  2.5162E+02 -3.3879E+02
0000135   1.6530E+02  7.7478E+01 -1.0601E+02
0000136   2.3113E+02 -7.8957E+01  1.4509E+02
0000137   1.9455E+02  1.4568E+02  9.0410E+01
0000138   3.4469E+02 -4.5588E+02  2.5364E+01
0000139   4.0170E+02 -1.6209E+02 -1.7392E+02
0000140   3.6631E+02  3.3476E+01 -8.6696E+01
0000141   3.5697E+01 -2.6019E+02 -2.6796E+02
0000142   3.2063E+02  1.0041E+02  1.5543E+02
0000143   2.5297E+02 -9.1238E+00  2.4869E+02
0000144   2.3643E+02 -4.6319E+01 -1.2416E+02
0000145   4.6208E+02 -2.2778E+01  1.2306E+02
0000146   2.5695E+02  2.2171E+02  1.5529E+02
0000147   4.9215E+02 -1.1314E+02  7.1982E+01
0000148   2.6630E+02 -2.8587E+02 -1.3108E+02
0000150   3.3759E+02  2.1451E+02 -1.1996E+02
0000151   3.6433E+02 -2.2162E+02 -5.9519E+01
0000152   2.6180E+02  8.5354E-01  3.3280E+02
0000153   1.7309E+02 -7.9652E+01  5.6123E+01
0000154   1.8550E+02  2.0031E+00  9.3997E+00
0000155   4.8864E+02  2.4987E+02 -9.0894E-02
0000156   2.0015E+02 -2.9321E+01 -7.7400E+00
0000158   1.7369E+02  2.9069E+01  1.6040E+02
0000159   5.0301E+02 -2.1533E+02 -8.7554E+01
0000160   3.3659E+02  2.7276E+02 -2.6381E+01
0000161   8.3992E+01  3.0813E+02 -8.3413E+01
0000162   1.1777E+02  1.3229E+02  1.0939E+02
0000163   2.4604E+02  2.6927E+02 -2.9807E+02
0000164   1.0200E+02 -2.9777E+02  2.3618E+02
0000165   2.3294E+02 -6.1360E+01  2.1013E+01
0000166   2.2200E+02 -2.3147E+02 -3.8488E+01
0000167   2.1534E+02 -1.1872E+02  8.5626E+01
0000168   4.2674E+02 -7.4385E+01  9.1314E+01
0000169   5.1596E+02 -3.4987E+01 -1.0613E+02
0000170   3.7092E+02  7.1951E+01 -7.5989E+01
0000171   3.2035E+02 -1.6158E+02 -2.6619E+02
0000172   3.7428E+02  3.4204E+02  2.2380E+02
0000173   2.9356E+02 -8.7196E+01  7.5226E+01
0000174   1.4288E+02  7.6204E+01 -6.3899E+01
0000175   3.1468E+02  1.7271E+01  2.4926E+02
0000176   4.7539E+02 -3.9944E+01  1.1925E+02
0000177   2.7930E+02 -3.9447E+00  6.1583E+00
0000178   1.7912E+02  2.7850E+02 -1.8112E+02
0000179   6.2731E+02  1.6906E+00 -3.9075E+02
0000181   4.3969E+02  3.6898E+02 -1.2312E+02
0000182   1.9897E+02 -1.4817E+02  1.0337E+01
0000183   2.5418E+02  1.5593E+01 -3.5418E+02
0000184   1.9288E+02  2.7088E+01 -1.4075E+02
0000185   2.0165E+02  2.1338E+02  4.4042E+01
0000186   2.1482E+02 -1.1845E+02  3.7291E+01
0000187   4.6403E+02  4.9048E+01  7.6324E+00
0000188   2.5888E+01  1.1372E+02  9.6479E+01
0000189   4.1165E+02  3.6499E+02  3.5937E+01
0000190   1.5725E+02 -1.7082E+02  7.0463E+01
0000191   1.7031E+02  7.9695E+01  1.0877E+02
0000192   2.2027E+02 -5.1473E+01  1.6924E+02
0000193   2.7068E+02 -1.9554E+02 -3.8416E+01
0000194   2.1768E+02 -9.9600E+01  2.2302E+01
0000195   1.5596E+02  6.7997E+01 -2.8970E+01
0000196   1.2385E+02 -5.7856E+01 -9.2825E+01
0000197   3.8119E+02 -4.9059E+01 -1.6502E+02
0000198   2.0558E+02  2.0789E+02  1.4263E+02
0000199   2.2621E+02 -2.1249E+02 -3.4573E+02
0000200   2.9202E+02  2.7095E+01  1.0525E+02
0000201   4.4499E+02 -1.7976E+02  6.5273E+01
0000202   2.4967E+02  2.4246E+02  2.1548E+02
0000203   3.8934E+02 -8.9765E+01 -2.4560E+02
0000204   2.5265E+02  2.1862E+01 -2.1666E+01
0000205   2.1496E+02 -1.0583E+02 -2.0797E+02
0000206   3.1517E+02  8.9650E+01  1.6122E+01
0000207   3.9195E+02 -6.3431E+01  1.5635E+02
0000208   5.2389E+02 -6.5386E+01  1.6422E+02
0000209   4.7671E+02  4.3701E+01  5.0779E+01
0000210   6.5100E+02 -1.0116E+02  2.4657E+02
0000211   4.9024E+02 -4.9363E+01 -1.3499E+02
0000212   2.8497E+02 -2.7133E+01 -1.9688E+02
0000213   4.5624E+02  1.4710E+02 -1.4540E+02
0000214   4.2814E+01  6.2800E+01 -2.7973E+02
0000215   1.6371E+01  7.2089E+01 -7.0879E+01
0000216   4.2603E+02 -2.0376E+02  2.9986E+02
0000217   2.8331E+02 -9.4224E+01 -1.4557E+02
0000219   2.4228E+02  4.4389E+01 -3.2803E+02
0000220   5.6125E+01 -7.6581E+01 -4.8568E+01
0000221   1.4468E+02 -1.2577E+02 -1.4349E+02
0000222   3.5074E+01 -1.5347E+02  1.5325E+02
0000223   3.0582E+02 -1.4289E+02 -3.8526E+02
0000224   4.7870E+01 -1.0505E+02 -1.2327E+02
0000225   2.4013E+02 -1.2216E+02 -2.7234E+02
0000226   3.1104E+02 -1.0817E+01 -7.5576E+01
0000227   1.3551E+02 -3.1015E+02  4.0700E+02
0000228   4.5393E+02 -8.8385E+01 -4.7950E+01
0000229   1.1548E+02  2.6261E+02  2.3080E+02
0000230   4.6229E+02  6.8316E+01  4.5857E+01
0000231   1.3869E+02 -3.6030E+02  2.2363E+02
0000232   4.5569E+02 -4.1215E+00  3.9715E+02
0000234   1.5741E+02 -1.6606E+02 -2.2831E+02
0000235   4.5058E+02  1.1826E+02 -1.6323E+02
0000236   5.0488E+02  2.9536E+02  2.9375E+02
0000237   9.5374E+01 -2.4427E+01 -1.3339E+02
0000238   3.7804E+02  3.7779E+01  1.9051E+02
0000239   2.8926E+01 -1.4717E+02 -9.9894E+01
0000240   6.0861E+02  5.0608E+01  8.7988E+01
0000241   5.6983E+02 -1.8917E+02  4.3921E+01
0000242   3.0883E+02  3.0386E+02  1.8039E+02
0000243   4.9587E+02 -1.6196E+02 -3.9291E+01
0000244   1.8398E+02  2.0562E+01  1.6083E+02
0000245   2.6475E+02 -3.0994E+02  2.6722E+01
0000246   3.2979E+02  8.1732E+01  9.3731E+01
0000247   1.8647E+02  2.6643E+01  1.2168E+02
0000248   2.9385E+02 -7.1761E+01  2.8288E+02
0000249   1.4101E+02 -1.2594E+02 -1.8259E+02
0000250   1.8181E+02  4.3964E+01  1.9476E+02
0000251   5.4363E+02 -4.8949E+01  4.9831E+01
0000252   5.8168E+02 -2.9150E+01 -1.6466E+02
0000253   2.9765E+02  1.1881E+02  1.4576E+02
0000254   1.5514E+02 -2.1333E+02  7.0307E+01
0000255   6.4654E+01  4.6925E+01 -6.7644E+00
0000256   3.8040E+02  9.0207E+01  2.6358E+02
0000257   5.9771E+02 -6.7418E+01  3.1404E+02
0000258   4.1574E+02  4.5439E+01 -1.0395E+02
0000259   1.2092E+02  2.8959E+02  9.3786E+01
0000260   2.0861E+02  2.0379E+02  1.1550E+02
0000261   3.7604E+02  4.7316E+01  1.6314E+00
0000262   2.8528E+02  1.1996E+02  3.7060E+01
0000263   2.5940E+02 -2.4167E+01 -1.2551E+02
0000264   3.8579E+02 -1.0932E+02 -4.1450E+01
0000266   5.1331E+02 -2.1568E+02  1.9216E+02
0000267   2.7119E+02 -1.7680E+02  2.5033E+02
0000268   3.6583E+02 -9.3471E-01 -6.7794E+00
0000269   1.5867E+02  2.8314E+01  6.0979E+01
0000270   2.3744E+02  2.7680E+00  1.7238E+02
0000271   4.1028E+02  2.7013E+00 -1.4799E+02
0000272   2.7651E+02 -1.5079E+02  2.2658E+02
0000273   2.6745E+02 -1.4546E+02  1.1630E+02
0000274   3.0378E+02 -6.9170E+01  1.2008E+02
0000275   5.0783E+02  1.3645E+02  7.5545E+01
0000276   3.3231E+02  2.9230E+00 -9.4860E+01
0000277   5.1591E+02 -9.2658E+01 -2.7975E+02
0000278   9.2122E+01  3.0781E+02 -1.0553E+02
0000279   3.1803E+02  1.3911E+02  1.1293E+02
0000280   3.6792E+02 -5.2962E+00  1.8135E+02
0000281   9.7310E+01 -6.4457E+00  2.7330E+02
0000282   4.3473E+02 -7.5733E+01  2.2607E+00
0000283   1.6734E+02  2.2483E+02 -7.6856E+01
0000284   3.1779E+02  5.2815E+01  3.2410E+01
0000285   5.1275E+02 -7.1400E+01  4.2351E+01
0000286   4.0255E+02  8.9200E+01 -6.2766E+01
0000287   3.9970E+02 -5.2075E+01 -5.0923E+00
0000288   5.3446E+02 -8.1055E+01 -1.5551E+02
0000289   2.9902E+02 -1.7377E+02 -1.1261E+02
0000290   2.9910E+02  3.8680E+00  2.7848E+02
0000291   2.0579E+02 -6.4950E+01 -2.7428E+00
0000292   1.6837E+02  2.2566E+02  1.2611E+02
0000293   3.2221E+02  4.2424E+00 -3.2140E+02
0000294   5.7653E+02 -1.8895E+01 -4.1259E+01
0000295   2.9539E+02 -7.1965E+01  9.9441E+01
0000296   3.2476E+02  1.1425E+02  8.6632E+01
0000297   2.0076E+02  1.0949E+02  8.5915E+00
0000298   4.5411E+02 -1.2633E+02 -6.8605E+01
0000299   1.0776E+02  3.3705E+02  6.8163E+00
0000300   3.8241E+02  1.8932E+02 -3.6610E+01
0000301   4.1934E+02 -1.3619E+02  9.8816E+01
0000303   3.0805E+02 -5.4838E+01  1.0422E+02
0000304   4.6970E+02 -2.5608E+02 -2.3612E+02
0000305   3.0611E+02 -2.4241E+02 -6.5373E+01
0000306   1.9989E+02 -1.0062E+02 -2.4807E+02
0000307   4.2198E+02 -2.6877E+02 -1.9085E+02
0000309   3.1563E+02 -3.7189E+02  1.5225E+02
0000310   3.4781E+02 -2.6761E+01 -4.9359E+01
0000311   1.9271E+02 -6.8032E+01  1.9600E+02
0000312   4.3167E+02 -2.5423E+02  2.5215E+02
0000313   4.0735E+02 -3.9047E+01 -1.6683E+02
0000314   3.6287E+01  3.4561E+02  2.4345E+02
0000315   2.2578E+02 -1.3163E+02  3.6849E+02
0000316   3.2726E+02 -1.0388E+02  5.5539E+01
0000317   2.6630E+02 -3.0958E+01  4.5311E+01
0000318   4.2234E+02  1.2309E+02  7.7041E+01
0000319   2.1975E+02 -1.9044E+02 -8.6958E+00
0000320   1.4299E+02 -2.2666E+01 -1.3089E+01
0000321   1.4830E+02  8.7009E+01 -9.7992E+01
0000322   2.2436E+02  6.8372E+01 -6.8105E+01
0000323   8.9789E+01  5.6354E+01  1.6729E+02
0000324   4.6973E+02 -2.4893E+02 -1.7928E+02
0000325   6.3092E+02  3.5762E+01 -6.6862E+01
0000326   5.4429E+02 -5.0457E+01  1.8349E+02
0000327   2.6900E+02  4.7967E+01 -1.1561E+02
0000328   4.6737E+02  5.4795E+01  1.3367E+02
0000329   6.0588E+01 -1.3232E+02 -1.3183E+02
0000330   1.2050E+02 -5.4819E+01 -3.1121E+02
0000331   6.8741E+01  4.2043E+02  2.3604E+02
0000332   2.9340E+02 -2.1354E+02  4.7260E+02
0000333   3.5847E+02 -7.5234E+01  1.1106E+02
0000334   1.4111E+02 -6.3070E+01  1.1770E+02
0000335   5.2370E+02 -5.6197E+01  6.8847E+01
0000336   2.1116E+02 -1.0146E+01  1.1980E+02
0000337   1.9590E+02  9.6824E+01  6.9799E+01
0000338   3.4130E+02  4.9850E+01 -2.1631E+02
0000339   2.1476E+02  7.9583E+00  1.1696E+01
0000340   1.3297E+02  2.4087E+02  1.2712E+02
0000341   3.5719E+02  2.6903E+02  2.2095E+02
0000342   1.8720E+02 -1.3739E+02  2.9949E+01
0000343   2.6935E+02  1.9065E+02  1.0998E+02
0000344   3.2294E+02  2.2391E+02  2.0672E+02
0000345   4.0270E+02  3.8311E+02  1.7063E+02
0000346   1.9900E+02  1.3185E+02 -2.2318E+02
0000348   4.7653E+02 -6.6377E+01  6.6611E+01
0000349   2.4062E+02  7.5123E+01  4.9655E+01
0000350   3.0288E+02 -3.0757E+01  1.7790E+02
0000351   3.2340E+02  2.4701E+02 -2.0560E+02
0000352   1.6910E+02  2.1216E+02  6.4817E+01
0000354   9.8147E+01  1.3056E+02 -2.7756E+02
0000356   4.0161E+02  1.0921E+02 -2.3442E+02
0000357   3.7471E+01  1.5456E+02 -3.6726E+02
0000358   3.6001E+02  3.0688E+02  7.2436E+01
0000359   2.5671E+02 -1.3548E+02  2.5205E+01
0000360   6.1526E+02 -3.4965E+02 -7.9288E+01
0000361   4.8053E+02  7.8381E+01 -9.9174E+01
0000362   1.4765E+02 -2.6826E+02 -1.6872E+01
0000363   3.5871E+02 -2.0725E+02  1.2823E+02
0000364   3.5907E+02 -1.4550E+02 -2.6851E+01
0000365   3.9484E+02  1.0068E+02 -4.7910E+01
0000366   8.4707E+01 -6.6194E+01 -7.1311E+01
0000367   1.7026E+02  2.4994E+02 -8.0140E+00
0000368   4.2965E+02 -2.8239E+01 -1.7355E+01
0000369   1.1185E+02 -1.5639E+02 -2.7088E+02
0000370   2.2297E+02  1.8843E+02  5.7722E+01
0000371   2.4314E+02 -2.1910E+02 -3.3762E+01
0000372   2.7024E+02 -2.4562E+01  6.8349E+01
0000374   3.9030E+02 -8.8196E+01 -1.1825E+02
0000375   3.8821E+02  2.2072E+01  7.4953E+00
0000376   1.6028E+02 -3.3763E+02  1.7374E+02
0000377   4.7823E+02 -1.5823E+02  1.0179E+02
0000378   5.5497E+02  6.8858E+01  1.3662E+02
0000379   4.7141E+02 -1.1059E+02 -2.0410E+01
0000380   4.0391E+02  8.0314E+01 -1.0654E+02
0000381   3.2761E+02 -3.2559E+01 -1.5865E+02
0000382   4.1059E+02  2.5149E+01  4.6338E+01
0000383   5.0290E+02  1.3113E+02 -2.5995E+02
0000384   3.5766E+02  4.0179E+01 -3.6681E+02
0000385   2.9398E+02 -1.1731E+02 -6.2369E+01
0000386   4.9145E+02  3.9568E+01 -2.1386E+01
0000387   4.0033E+02 -2.4168E+02 -2.2305E+02
0000388   2.8894E+02  1.1599E+02 -5.8936E+01
0000389   2.4756E+02 -6.6687E+01 -2.6144E+02
0000390   4.9405E+02  1.8309E+02  1.5968E+02
0000391   2.9915E+02 -1.2141E+02 -9.0235E+01
0000392   5.6658E+02  4.1231E+01 -2.2420E+02
0000393   4.2880E+02  1.4694E+02  2.5767E+02
0000394   7.1200E+02  3.5512E+01  2.5913E+02
0000395   5.9736E+02 -1.6849E+02 -7.7825E+01
0000396   3.1524E+02  3.7721E+01 -1.4814E+01
0000397   4.4970E+02 -2.6028E+01 -4.1124E+01
0000398   3.4563E+02  1.6771E+02  1.8255E+02
0000399   2.1222E+02  1.1517E+02  8.9180E+01
0000400   2.1031E+02 -8.7939E+01 -3.4116E+02
0000401   2.7661E+02  5.8774E+01  2.4974E+02
0000402   1.1118E+02  7.9743E+01  9.9907E+01
0000403   2.9050E+02 -5.3210E+01  1.9349E+02
0000404   2.1964E+02 -3.8818E+02 -2.1565E+02
0000405   2.2149E+02  1.1147E+01  1.4895E+02
0000406   4.1030E+02 -8.3332E+01  1.2662E+02
0000407   3.9281E+02 -4.1632E+02  1.0589E+02
0000408   3.1108E+02 -5.6849E+01  3.7800E+02
0000409   3.6061E+02 -4.7194E+01  2.3319E+02
0000410   4.2683E+02 -1.6657E+02 -2.8944E+02
0000411   5.1453E+02 -8.5512E+01 -1.4113E+02
0000412   4.1132E+02 -1.3355E+02 -1.3773E+02
0000413   1.5936E+02 -3.4100E+02 -9.2000E+01
0000414   3.9836E+02 -2.1875E+01 -1.9456E+02
0000415   1.1734E+02  5.2908E+01 -2.5674E+02
0000416   2.0849E+02  2.3455E+01 -3.7600E+01
0000417   2.1179E+01 -3.9051E+02 -1.1396E+02
0000418   1.6860E+02  2.5566E+02  9.3836E+01
0000419   2.3349E+01 -3.2666E+01 -1.0023E+02
0000420   1.1183E+02  3.8302E+02  3.0578E+02
0000421   2.4971E+02  1.9188E+02  2.9295E+02
0000422   4.2865E+02  5.4925E+01 -1.5458E+01
0000423   3.5814E+02  1.8415E+01 -2.5249E+02
0000424   2.8311E+02 -3.1900E+02  1.8161E+02
0000425   4.6913E+02  3.2881E+01 -1.7207E+02
0000427   3.3743E+02 -2.0440E+02  1.4678E+02
0000428   4.6155E+02 -1.1570E+02 -4.4685E+01
0000429   7.4660E+01 -1.6625E+02  2.3490E+01
0000430   3.5762E+02  1.0694E+02  3.7064E+02
0000431   3.7124E+02 -1.8106E+01 -5.6502E+01
0000432   5.3410E+02  3.7070E+01 -1.9468E+02
0000433   1.0528E+02  6.2651E+00 -8.0007E+01
0000434   4.3468E+02 -3.3622E+01 -9.4086E+01
0000435   2.8407E+02  2.5212E+02 -1.5457E+02
0000436   1.9875E+02  3.1216E+02  1.5747E+01
0000437   6.4565E+02  3.2786E+02 -2.2796E+02
0000438   2.5435E+02  1.4863E+02 -3.7763E+02
0000439   1.9072E+02 -1.4081E+02  4.6646E+01
0000440   3.5972E+02  1.7922E+02 -4.8025E+00
0000441   4.2711E+02 -5.6008E+01 -1.8148E+02
0000442   2.4400E+02 -8.2084E+01 -2.1301E+02
0000445   5.4649E+02 -8.7579E+01 -1.0010E+02
0000446   1.1289E+01  5.5596E+00 -1.7520E+00
0000447   9.8366E+01  7.9923E+01  1.3169E+02
0000448   1.6133E+02  4.1368E+01 -1.6614E+02
0000449   2.6807E+02  3.6788E+02  1.6552E+02
0000450   6.8050E+01 -6.1228E+01  2.6824E+02
0000451   3.5550E+02 -3.0681E+00  9.5136E+01
0000452   6.5795E+02 -1.4849E+02 -7.0141E+01
0000453   5.7579E+02 -6.4809E+00 -4.6146E+01
0000454   1.7749E+02  2.3890E+02 -1.3915E+02
0000455   3.7729E+02  1.0611E+02  2.8210E+01
0000456   2.8933E+02  9.6421E+01  9.3857E+01
0000457   3.2152E+02 -1.3016E+02  1.6540E+02
0000459   9.0257E+01 -9.7457E+00  5.1309E+01
0000460   2.4242E+01  1.3735E+02  9.1794E+01
0000461   1.5367E+02 -1.3642E+01  1.8308E+02
0000463   3.9603E+02  5.2449E+01  1.6577E+02
0000465   3.2352E+01 -1.3275E+02  2.9375E+02
0000466   4.3988E+02 -1.4200E+02 -1.0878E+02
0000467   1.3382E+01  6.4876E+01  1.1015E+02
0000468   5.4186E+02  5.4823E+01  1.6911E+02
0000469   2.9041E+02  8.5489E+01 -7.3460E+01
0000470   3.4796E+02 -1.9757E+02  8.1713E+01
0000471   8.6037E-01 -9.7902E+00 -4.8824E+01
0000472   5.7618E+02  8.7785E+01 -3.0783E+01
0000473   3.2225E+02 -1.3948E+00 -4.1993E+01
0000474   6.9810E+02  3.3714E+02  2.8013E+02
0000475   1.7156E+02  1.9675E+01  1.6550E+02
0000476   2.3177E+02 -3.8493E+02 -1.4174E+02
0000477   3.2604E+02 -2.8778E+02 -5.8791E+01
0000479   3.2223E+02  3.7990E+02  3.6916E+02
0000480   6.1678E+02 -1.2278E+02 -1.2357E+02
0000481   3.0140E+02  3.2025E+01  2.1343E+01
0000482   5.4245E+02 -1.3595E+02  7.8154E+01
0000483   8.8122E+01  7.4746E+01  2.2465E+02
0000484   4.3235E+02 -3.4852E+01  1.0417E+02
0000485   5.6193E+02  7.5545E+01 -6.0235E+01
0000486   5.1889E+02  1.2916E+02 -3.0821E+02
0000487   2.1818E+02  4.4423E+01  1.6343E+02
0000488   6.8961E+02  1.6660E+02 -1.8924E+02
0000489   3.4655E+02  1.5993E+02  3.3018E+02
0000490   9.4376E+01  1.6622E+02  1.1361E+02
0000491   3.3779E+02  1.0655E+02 -9.2761E+01
0000492   6.0240E+02 -1.2877E+02  8.1985E+01
0000493   3.3907E+02 -1.6229E+02 -2.5021E+02
0000494   2.4058E+02  7.0132E+01 -1.6131E+02
0000495   2.2062E+02  1.6981E+02 -1.0564E+02
0000496   3.1945E+02  1.5043E+02  8.5733E+01
0000497   2.1708E+01 -3.8612E+01 -6.0733E+01
0000498   3.4184E+02 -1.3890E+02  1.3212E+02
0000499   7.0993E+02  2.3559E+02 -4.0669E+01
0000500   2.2990E+02 -4.4266E+01  5.1897E+01
0000501   1.7056E+02  5.3053E+01 -9.8271E+01
0000502   1.9160E+02  2.3248E+02  3.7864E+02
0000503   1.4234E+02 -1.6462E+02 -2.7135E+01
0000504   1.4254E+01  6.1387E+01  2.3137E+01
0000506   4.2359E+02  6.7687E+01 -1.9682E+02
0000507   3.3117E+02 -4.2801E+01  2.0479E+02
0000508   1.5609E+02  1.4641E+02 -2.4792E+02
0000509   5.1072E+02  6.8033E+01  1.8280E+02
0000510   3.6832E+02 -2.2711E+02 -1.1678E+02
0000511   1.7920E+02 -2.9078E+02 -2.8328E+02
0000512   4.2027E+02  1.6757E+02  1.7512E+02
0000513   2.6126E+02 -1.9312E+02 -3.1609E+01
0000514   3.8454E+02  1.5864E+02  1.3901E+02
0000515   2.4698E+02  2.2615E+02  6.8799E+00
0000516   2.2285E+02 -7.4655E+01  1.6213E+01
0000517   3.3918E+02 -1.1173E+01 -1.1643E+02
0000519   3.3244E+02  5.6158E+00  2.8790E+02
0000520   1.5638E+02 -5.5823E-02 -1.8282E+02
0000521   3.2471E+02  2.0628E+02  6.3278E+01
0000522   6.3217E+02 -6.5657E+01  1.6272E+02
0000523   3.1333E+02 -8.7343E+01  1.4624E+02
0000524   7.1609E+02  1.0988E+02 -1.8533E+01
0000525   4.9053E+02 -3.0111E+02  2.6772E+02
0000526   4.6629E+02  2.6197E+02  7.0812E+01
0000527   1.1692E+02  2.2523E+02 -8.9658E+01
0000528   2.4139E+02 -8.5270E+01 -2.2746E+01
0000529   3.9812E+02 -5.7164E+01  3.7439E+01
0000530   3.2880E+02  1.5019E+02  1.8464E+02
0000531   1.5553E+02 -1.2274E+02  4.6932E+01
0000532   2.3685E+01  1.4879E+02  1.4173E+02
0000533   3.3646E+02 -6.9068E+01  3.5426E+02
0000534   1.2675E+02  1.3710E+02 -6.0293E+01
0000535   1.9075E+02 -2.6344E+00 -1.0457E+02
0000536   6.1362E+02  1.6717E+02  1.0420E+02
0000537   3.3062E+02 -1.3243E+02  2.1656E+02
0000538   4.8612E+02  2.8523E+02 -1.4186E+02
0000539   2.7684E+02  1.5495E+02 -1.3795E+02
0000540   2.5003E+02 -1.2375E+02  4.9209E+01
0000541   5.9816E+01 -8.5353E+01 -9.3937E+01
0000542   4.0487E+02  4.3876E+02  1.0972E+02
0000543   6.4396E+02  8.4871E+01  8.3373E+01
0000544   1.7512E+02 -8.5417E+01 -7.2163E+01
0000545   2.7150E+02 -1.5801E+02  8.8623E+01
0000546   4.2775E+02 -2.5970E+02 -1.3383E+02
0000547   4.7053E+02  1.2823E-01 -5.5236E+01
0000548   2.0933E+02 -1.0759E+02 -2.5352E+02
0000549   2.2488E+02  2.1768E+02 -5.7510E+02
0000550   1.8297E+02 -5.0939E+01  1.8625E+02
0000551   1.7895E+02  4.5789E+01  1.2570E+02
0000552   1.5618E+02  2.6245E+02 -2.8069E+00
0000553   4.2766E+02 -1.4099E+02  1.4963E+02
0000554   2.8517E+02 -8.1432E+01  1.0070E+02
0000555   6.8001E+01 -2.5110E-01 -4.9947E+00
0000556   9.3956E+01  2.9347E+02  1.2308E+02
0000557   7.4585E+01  2.6509E+02 -3.4151E+02
0000558   1.5431E+02 -2.6268E+02 -4.1972E+01
0000559   5.3746E+02 -9.9943E+01  2.0307E+02
0000560   4.1733E+02 -6.3613E+01  1.8894E+02
0000562   4.0073E+02 -2.8415E+02  7.5489E+01
0000563   3.9820E+02  3.3727E+01  2.4360E+02
0000564   4.2309E+02  1.7720E+01  6.6069E+01
0000565   3.7638E+02  1.3887E+02 -1.7959E+02
0000566   3.0460E+02  1.2881E+01  9.4903E+00
0000567   4.9411E+02  1.9253E+02 -1.7709E+02
0000568   1.1733E+02 -4.0821E+02  7.9926E+01
0000569   1.9694E+02 -1.3439E+02  3.5794E+01
0000570   3.9474E+02  4.6711E+01  2.6372E+02
0000571   1.1451E+02 -6.5293E+01 -1.8856E+02
0000572   3.9601E+02 -2.1310E+02  2.6104E+02
0000573   3.4997E+02 -1.6299E+01  2.4113E+02
0000574   2.4081E+02  1.8117E+02 -1.1135E+02
0000575   2.7675E+02 -4.7601E+01  6.7102E+01
0000576   4.7693E+02  1.3468E+02 -3.0613E+02
0000577   4.2362E+02  2.3814E+02  1.3865E+02
0000578   5.0090E+02  8.1667E+01 -2.6115E+01
0000579   1.4295E+02  6.9783E+01 -2.1486E+01
0000580   2.5549E+02 -4.6946E+01  2.5295E+02
0000581   2.1475E+02  4.4638E+02  6.2141E+01
0000583   3.6555E+02 -2.1859E+02  1.4260E+02
0000584   6.3690E+01 -1.0228E+02 -2.8395E+02
0000585   2.5584E+02  3.4864E+01 -5.4851E+01
0000586   7.0530E+02  1.2959E+02  2.7941E+01
0000587   6.2965E+00 -3.9229E+02 -1.3426E+02
0000588   6.1175E+02 -3.1608E+01  1.4313E+02
0000589   3.2713E+02 -6.1414E+01  1.4408E-01
0000590   3.1382E+02 -1.2159E+01 -1.4489E+02
0000591   2.6163E+02 -1.0832E+02 -2.4287E+02
0000592   4.4724E+02  3.0840E+02  1.4392E+02
0000593   2.0566E+02 -7.1496E+01 -8.6409E+00
0000594   2.5883E+02  3.8302E+02 -7.3470E+01
0000596   2.0032E+02  2.2228E+02 -1.6604E+02
0000597   1.3254E+02  8.5771E+01 -1.3869E+02
0000598   4.0063E+02 -7.4532E+00  2.4122E+02
0000599   1.5680E+02  3.2810E+01 -3.4010E+01
0000600   5.7155E+02 -1.5036E+02  2.0537E+02
0000602   2.9787E+02 -1.0103E+02 -3.0661E+02
0000603   1.7212E+02  9.1631E+00  8.5090E+01
0000604   2.4671E+02  3.5543E+02  2.0943E+01
0000605   3.5978E+01 -7.6372E+01 -2.1793E+02
0000607   3.9171E+02  3.4961E+02 -2.2356E+02
0000608   1.1044E+02 -9.6369E+01 -9.4022E+01
0000609   5.4354E+02  2.1631E+02  4.1923E+02
0000610   3.9457E+02  1.1850E+02  8.4894E+01
0000611   1.9864E+02 -9.4700E+01  3.7623E+01
0000612   4.6107E+02 -1.4524E+02  1.8455E+01
0000613   1.1342E+02  5.1532E+02  6.4689E+01
0000614   5.8868E+02  1.7842E+02 -1.5435E+01
0000615   6.8381E+01 -4.5182E+01  1.3815E+02
0000616   4.2401E+02 -9.7748E+01  2.2231E+02
0000617   3.0311E+02 -1.0083E+02 -5.8650E+01
0000618   3.1531E+02 -3.1954E+02  1.4261E+01
0000619   4.5084E+02  2.8942E+02 -1.2193E+02
0000620   5.2390E+02 -1.1397E+02 -3.9158E+01
0000621   2.6631E+02 -9.7653E+00 -1.7656E+02
0000622   1.5446E+02  6.2443E+01  6.9277E+01
0000623   2.0028E+02  2.2382E+02 -6.8891E+01
0000624   7.2744E+02 -8.1318E+01  2.2971E+02
0000625   4.5983E+01  2.3477E+01  7.4495E+01
0000626   2.5058E+02  2.7955E+01  9.4619E+01
0000628   4.2982E+02 -1.1749E+02 -7.0245E+01
0000629   3.9515E+02  1.2330E+02  4.8734E+02
0000630   2.3909E+02  1.5933E+02 -2.9061E+02
0000631   3.3421E+02 -1.1413E+02  2.7912E+01
0000632   2.9816E+02 -2.1653E+00 -1.3670E+02
0000633   2.5166E+02 -1.8546E+02 -2.2572E+02
0000634   3.4545E+02 -1.1705E+02  1.5752E+02
0000635   3.2035E+02 -1.8565E+01  1.5256E+02
0000636   2.6804E+02 -1.3174E+02  1.6554E+02
0000637   8.6897E+01  9.3059E+01  1.9385E+01
0000639   4.2067E+02  1.7252E+02  1.5326E+02
0000640   5.2048E+02 -3.3446E+02 -7.4044E+01
0000641   4.6702E+02 -3.5630E+00  8.5786E+01
0000642   7.3180E+01  2.2800E+02 -3.2518E+01
0000643   5.6627E+01 -1.0860E+02 -7.3041E+01
0000645   3.9344E+02  1.0462E+02 -1.4541E+01
0000646   2.2066E+02 -1.0738E+02 -5.5196E+01
0000650   2.2300E+02 -1.2182E+01 -7.6543E+01
0000651   6.6581E+02 -1.1665E+02 -8.3603E+01
0000652   3.7350E+02  2.1904E+02 -2.2957E+02
0000653   5.2761E+02 -1.2564E+01 -2.7020E+02
0000654   3.8659E+02  5.3578E+01 -2.2830E+02
0000655   5.4134E+02 -2.5137E+02 -1.4067E+02
0000656   3.4615E+02 -3.5046E+02  1.4989E+02
0000657   3.8687E+02 -1.9431E+02 -1.1848E+02
0000658   3.1907E+02  9.3460E+01 -4.7648E+00
0000660   4.2438E+02  3.2422E+01  2.2326E+02
0000661   1.7607E+02 -2.1376E+02 -9.0334E+01
0000662   2.4656E+02 -4.3183E+02 -1.0176E+02
0000663   2.2616E+02  2.3547E+02 -1.1614E+02
0000665   1.8508E+02  2.8158E+02  1.7741E+02
0000667   5.0033E+02  2.4506E+02 -9.5008E+01
0000668   1.8639E+02 -1.2883E+02 -4.3403E+01
0000669   4.4289E+02 -1.0668E+02 -4.5913E+01
0000670   3.2006E+02  2.8669E+02  2.3806E+01
0000671   2.3929E+02  2.4628E+02  1.0300E+02
0000672   4.3406E+02  1.1223E+02  1.2665E+02
0000673   3.4342E+02 -1.0789E+02 -2.3145E+01
0000676   6.2041E+02  7.6141E+01  2.6247E+02
0000677   4.8016E+02  2.1625E+02  9.3161E+01
0000678   2.7662E+02  3.5926E+02  1.5172E+02
0000679   2.5424E+02 -1.8151E+02  1.2191E+02
0000680   9.6128E+01 -2.6377E+01  1.7746E+02
0000681   2.6283E+02  1.7690E+02 -7.8323E+01
0000682   5.2530E+02  1.5378E+02  3.4804E+02
0000683   4.7330E+02 -9.9924E+01  2.1413E+00
0000684   4.1353E+02  3.7335E+02  9.2634E+01
0000685   5.3722E+02  3.8007E+02 -6.0095E+01
0000686   1.1352E+02  5.9067E+01  2.5344E+02
0000687   3.2144E+02  1.4127E+02 -2.5320E+02
0000689   5.2228E+02 -8.5261E+01 -3.5924E+01
0000691   4.7804E+02 -5.9204E+01  1.6833E+02
0000692   2.5825E+02 -1.9735E+02  1.8279E+02
0000693   4.0309E+02  1.4808E+01  2.8260E+02
0000694   7.0136E+02 -1.2917E+02  2.1091E+02
0000695   1.1996E+02 -1.8213E+01  2.7305E+02
0000696   4.7931E+02  1.6102E+02  1.3958E+02
0000697   6.0000E+02 -1.3508E+02  8.8868E+01
0000698   2.9034E+02 -1.3844E+02 -1.9621E+02
0000699   3.9195E+02 -5.9057E+01 -5.8453E+01
0000700   1.3285E+02 -3.5087E+01 -6.0554E+01
0000702   5.6478E+02  6.7937E+01 -1.4159E+02
0000703   7.0517E+01 -1.1907E+01 -3.5000E+01
0000704   1.9697E+02  2.7415E+02  7.9026E+01
0000705   3.5134E+01  7.9460E+01 -9.4466E+01
0000706   2.6657E+02  1.1449E+02  7.4816E+01
0000707   1.6846E+02 -6.1785E+01  5.7732E+02
0000708   2.7837E+02  1.5801E+02 -4.1629E+02
0000709   2.6369E+02 -1.1702E+01  3.8917E+01
0000710   2.2024E+02  1.4907E+02  2.3605E+02
0000711   4.3008E+01  5.4036E+01 -1.6921E+02
0000712   5.2254E+02 -2.5818E+02  2.6175E+02
0000713   2.4713E+02 -2.3728E+01 -4.8824E+01
0000714   3.9233E+02 -4.7563E+01 -1.8565E+02
0000715   3.4532E+02  4.8024E+01 -1.2155E+01
0000716   2.9086E+02  5.5877E+01 -2.3419E+02
0000717   4.0264E+02  2.2273E+02 -9.8803E+01
0000718   2.4108E+02  3.0084E+02  7.0867E+01
0000720   1.6077E+02 -5.2958E+01 -7.3244E-01
0000721   2.8911E+01  4.2920E+01  4.1971E+01
0000722   1.5865E+02 -2.3243E+02  1.4717E+02
0000723   4.2740E+01  8.7708E+01  1.6546E+02
0000724   5.8813E+02  2.1238E+02 -1.4854E+02
0000725   2.7300E+02 -1.0822E+02 -1.0888E+02
0000726   3.7449E+02 -1.6909E+02 -1.6002E+02
0000727   3.3132E+02  3.2380E+02 -2.0993E+02
0000728   2.2590E+02 -2.3209E+02  9.0544E+01
0000729   4.6209E+02 -3.0898E+02 -3.0439E+01
0000730   2.2407E+02 -3.8560E+00 -8.6675E+01
0000731   4.7678E+02  3.7467E+01 -1.0823E+01
0000732   4.6761E+02 -1.9555E+02 -1.1274E+02
0000733   2.3281E+02  3.7795E+00  2.1840E+01
0000734   4.6103E+02 -9.9575E+01  2.0099E+02
0000735   6.0091E+02  9.9591E+01  2.0811E+02
0000736   2.6081E+02  3.9869E+02  1.8416E+01
0000737   1.4658E+02 -3.2068E+01  1.9932E+02
0000739   4.2893E+02  8.3271E+01  1.5075E+02
0000740   3.5645E+02  5.9183E+01  8.9719E+01
0000741   1.1119E+02  5.8815E+01  2.4591E+02
0000742   3.5150E+02  4.4253E+01  1.8114E+01
0000743   3.0294E+02 -2.4761E+01  9.1498E+01
0000744   6.8176E+02  1.9635E+02 -1.1486E+01
0000745   1.8121E+02 -2.4223E+02  6.5612E+01
0000746   3.4430E+02  6.2990E+00 -2.9929E+02
0000747   2.1555E+02 -6.1868E+01  5.5612E+01
0000748   4.9285E+02  2.1120E+02  2.7385E+02
0000749   4.2575E+02 -3.5236E+02 -2.5738E+02
0000750   2.5928E+02 -1.5766E+01 -1.1913E+02
0000751   8.4768E+01 -3.2241E+02  1.2456E+02
0000752   2.0497E+02  5.6066E+01  1.1875E+01
0000753   3.3817E+02  2.0078E+02 -6.5654E+01
0000754   5.5956E+01  2.2252E+01 -2.3281E+02
0000755   2.1108E+02 -3.6861E+00 -8.9165E+01
0000756   1.4457E+02 -8.9843E+01 -3.3256E+02
0000757   3.9263E+02 -1.3115E+02 -5.3383E+01
0000758   5.9812E+02  1.2201E+02  1.0922E+02
0000759   3.1555E+02 -9.4190E+01 -1.2468E+02
0000760   3.3808E+02  5.6686E+01  4.1636E+01
0000761   2.8657E+02  5.0687E+01 -2.0014E+01
0000762   2.7448E+02 -1.4816E+02  2.5307E+02
0000763   3.1175E+02 -8.6147E+01  1.4462E+01
0000764   3.1170E+02 -4.5465E+01 -3.3330E+02
0000765   4.3575E+02 -1.9320E+02  7.9066E+01
0000766   4.0571E+02  1.5454E+02 -8.0636E+01
0000767   2.8423E+02  5.7924E+01  3.6258E+01
0000768   1.0625E+02 -6.1150E+01  3.0586E+01
0000769   5.2219E+02  1.7160E+02 -7.7603E+01
0000770   5.2744E+02 -1.8664E+02 -1.2036E+01
0000771   5.3939E+02 -1.0154E+02 -1.2123E+02
0000772   3.2277E+02  5.6693E+00  1.8964E+02
0000773   5.4229E+01  1.7557E+02  2.6587E+01
0000774   3.8047E+02 -3.6897E+02  2.8972E+02
0000775   1.2951E+02 -1.8483E+01  4.8070E+01
0000776   1.2099E+02  6.8836E+01  2.8669E+02
0000777   1.8666E+02 -2.2196E+02  3.3555E+02
0000778   1.9031E+02  1.4397E+02 -2.7112E+02
0000779   6.1170E+02 -1.2340E+02  7.7459E+01
0000780   1.5966E+02  3.2831E+02  5.9855E+01
0000781   4.2530E+02  2.0025E+01  6.6115E+01
0000782   3.6627E+02  3.7384E+02  5.7372E+00
0000783   1.5373E+02 -2.1598E+02  4.7996E+01
0000784   2.8597E+01  1.7303E+01  3.1360E+02
0000785   1.2426E+02 -5.3149E+01 -4.2505E+01
0000786   3.0878E+02 -9.4329E+01 -2.4245E+02
0000787   2.7289E+02 -1.8421E+01 -5.1265E+01
0000788   5.8484E+02  1.8977E+02 -7.3255E+01
0000789   6.7761E+01 -5.4977E+01  1.5608E+02
0000790   3.5800E+02  1.7411E+02  2.3097E+01
0000791   2.1340E+02 -2.3871E+01  1.6099E+02
0000792   2.9641E+01  1.6895E+01 -7.6280E+01
0000793   1.7251E+02  8.8065E+01  4.6182E+01
0000794   1.6169E+02 -8.2056E+01 -3.5177E+01
0000795   4.6258E+02  9.3310E+01  1.8785E+02
0000796   5.6029E+02  2.1381E+02 -3.8354E+01
0000797   3.0931E+02  2.3423E+02 -1.2870E+02
0000798   1.1555E+02 -3.4294E+01  2.7923E+01
0000799   3.7284E+02  2.0979E+02  2.5523E+02
0000800   3.1488E+02 -9.6047E+01  5.6067E+01
0000801   2.0475E+02  1.1119E+02  2.4168E+01
0000802   2.4372E+02  5.9647E+01  2.4843E+02
0000803   6.0259E+02 -1.5654E+02 -1.7969E+02
0000804   2.7391E+01 -5.4549E+01 -2.7524E+02
0000805   4.4728E+02 -1.4017E+02  1.1551E+02
0000806   1.0443E+02 -1.3401E+00 -4.2601E+01
0000807   3.3652E+02  7.7955E+01 -1.7613E+02
0000808   3.6641E+02  1.2290E+02  1.8278E+01
0000809   1.9714E+01  1.7001E+02  2.0567E+02
0000810   4.0531E+02 -1.2072E+01  1.1243E+02
0000811   8.8755E+01  8.9098E+01  9.0244E+01
0000812   5.8280E+02 -1.6139E+02 -1.0715E+02
0000813   3.7838E+02 -1.8496E+01  2.1780E+02
0000814   5.4988E+02 -7.7877E+01  6.0575E+01
0000815   2.1688E+02 -1.6606E+02 -1.9303E+02
0000816   2.2086E+02  6.6069E+01  2.9516E+02
0000817   2.3039E+02 -3.4361E+02 -6.9997E+01
0000818   3.0558E+02  2.2569E+02  2.3729E+02
0000819   2.4904E+02  1.2928E+02  2.2630E+02
0000820   3.1093E+02  3.7466E+01  1.5002E+02
0000821   3.1645E+02 -2.6091E+02 -1.3270E+02
0000822   6.6326E+02 -3.8864E+02 -3.3674E+02
0000823   2.9908E+02  2.6433E+02  1.8918E+02
0000824   2.3157E+02 -1.9078E+02 -1.2496E+01
0000825   5.1959E+02 -2.5228E+02 -3.1553E+02
0000826   4.3965E+02 -3.6120E+02 -2.5823E+02
0000828   3.3076E+02 -2.2654E+02 -4.6176E+02
0000829   4.9726E+02 -4.9647E+01 -2.2180E+01
0000830   3.4707E+02 -2.2623E+02  1.1875E+02
0000831   3.6624E+02  4.9029E+01  1.6086E+02
0000832   4.3991E+02  2.2701E+02  1.5923E+02
0000833   4.4590E+02 -2.7534E+02  1.6370E+02
0000834   2.3966E+02 -9.0435E+01 -1.8260E+02
0000835   3.5913E+02 -1.3634E+02  1.6114E+01
0000836   1.8310E+02 -1.4813E+02  1.7165E+02
0000837   4.6932E+02  3.1106E+02  1.1697E+02
0000838   4.1375E+02  1.5509E+02  2.4478E+02
0000839   5.2920E+01  1.4437E+02  1.3465E+02
0000840   2.9095E+02 -5.4440E+01 -1.0298E+02
0000841   1.9267E+02  2.9231E+01 -1.3478E+02
0000842   3.7102E+02  4.2525E+01 -2.2687E+02
0000843   3.8283E+02  3.9250E+02  3.8458E+01
0000844   2.7696E+02 -8.0631E+01  8.6028E+01
0000845   3.8069E+01  2.1069E+02 -2.7015E+01
0000846   1.9907E+02 -3.2016E+02 -2.2960E+02
0000847   2.9832E+02  2.3089E+02  2.7850E+01
0000848   3.1050E+02 -2.9643E+02  4.2777E+01
0000849   4.1650E+02  2.2853E+02  9.2902E+01
0000850   2.6224E+02 -1.9672E+02 -2.1256E+02
0000851   1.4701E+02  3.0042E+00 -3.6888E+02
0000853   2.7123E+02 -7.7413E+01 -1.2226E+02
0000854   4.8307E+02 -3.1340E+02 -2.9830E+01
0000855   1.3796E+02  8.5629E+01 -2.0397E+02
0000856   3.2494E+02  2.9945E+02  8.0797E+01
0000857   1.5713E+02  1.3760E+01 -2.1282E+02
0000858   4.2777E+01 -1.3774E+02  2.2696E+01
0000859   5.3954E+02 -4.4080E+01  8.0549E+01
0000860   3.2580E+02  1.4163E+02 -3.2108E+02
0000861   3.0321E+02 -2.6711E+02 -2.2928E+02
0000862   5.8428E+01  8.8513E+00  5.7996E+01
0000863   2.1296E+02  2.7742E+02  7.8587E+01
0000864   3.0463E+02 -5.4621E+01  1.3043E+01
0000865   1.0307E+02 -1.2628E+02  3.2226E+01
0000866   1.0629E+02  1.8149E+02  9.2258E+01
0000867   5.1845E+01 -2.7588E+01  1.9470E+02
0000868   3.3846E+02  4.5402E+01 -1.2186E+01
0000869   2.8706E+02 -5.6820E+01  7.2997E+01
0000870   5.6710E+02  2.5602E+02 -1.6216E+02
0000871   4.3886E+02 -9.2938E+01 -1.7537E+01
0000872   5.5435E+02 -2.3203E+02  1.9997E+02
0000873   2.3405E+02  2.1374E+02 -2.6044E+02
0000874   3.8674E+02 -4.3545E+01  1.1590E+02
0000875   7.5095E+01 -1.0893E+01  2.3809E+02
0000876   3.8013E+02 -3.4263E+01  9.9687E+01
0000877   4.0077E+02 -5.3033E+01 -1.5373E+02
0000878   2.3149E+01  8.2931E+01  3.8879E+01
0000879   5.9512E+02 -4.0276E+01  9.2522E+01
0000880   2.2639E+02  2.3323E+02  2.9118E+02
0000881   5.3652E+01 -3.6231E+01  3.7063E+00
0000883   2.0521E+02  9.6427E+01  2.2427E+02
0000884   3.2705E+02 -9.1079E+01 -3.0725E+02
0000885   2.6143E+02 -2.6348E+02 -1.2734E+02
0000886   5.7015E+02  2.4652E+00 -2.8726E+02
0000887   3.3998E+02  1.2349E+02  2.1778E+02
0000888   5.9662E+02 -1.5259E+02 -2.1320E+01
0000889   5.2320E+02 -3.2526E+02 -8.0592E+01
0000890   4.7388E+02 -5.0301E+01  3.7005E+02
0000891   3.2210E+02  3.8626E+01  2.5080E+02
0000892   2.4766E+02  1.5455E+02 -1.3686E+02
0000893   1.1003E+02  1.0115E+01 -4.5099E+01
0000894   3.2089E+02 -9.6490E+01 -1.0754E+01
0000895   1.2471E+02  2.3059E+02 -5.2166E+01
0000896   3.5222E+02  9.0175E+01 -7.2235E+01
0000897   3.9675E+02  3.7532E+02  3.7493E+02
0000898   4.2052E+02  1.0020E+02 -6.3906E+01
0000899   3.8530E+02  6.7279E+01 -1.7589E+02
0000900   3.7078E+02 -3.6175E+01 -2.2375E+02
0000901   5.1219E+02  1.2225E+02  7.7754E+00
0000902   2.7492E+02 -3.6744E+02 -4.6688E+01
0000903   5.1242E+02  8.9105E+01  1.8012E+02
0000904   6.1073E+02  1.5171E+02  1.4063E+02
0000905   4.9939E+02 -1.4805E+02  3.6460E+02
0000906   6.1189E+02  1.6395E+02  3.0269E+01
0000907   7.0804E+01  1.4230E+02 -5.8865E+01
0000908   2.8699E+02 -2.5797E+02  3.7890E+02
0000909   1.3948E+02 -1.0219E+02 -1.5634E+02
0000910   1.4388E+02  1.6661E+02 -3.6207E+01
0000911   2.7808E+02  1.2404E+02 -1.3366E+02
0000912   6.2638E+02 -4.4925E+01  2.3531E+02
0000913   1.3628E+02  3.9298E+01 -4.4754E+01
0000915   4.2250E+02 -8.4774E+01  4.1161E-01
0000916   4.0904E+02 -1.0802E+02 -2.4982E+01
0000917   1.2709E+02 -1.2334E+01  1.5382E+02
0000918   2.7317E+02 -1.9359E+02 -2.0877E+00
0000919   3.0052E+02 -4.8159E+02 -6.8720E+01
0000920   4.8149E+02  1.9506E+01 -1.4686E+02
0000921   3.5205E+02  1.8604E+02 -2.6938E+02
0000922   2.1113E+02  4.5940E+02  1.0673E+02
0000923   3.4853E+02 -8.9935E+01  1.1443E+02
0000924   5.1417E+02 -3.9513E+01 -1.5590E+02
0000925   1.4977E+02  1.4791E+01  1.7096E+02
0000926   6.3107E+02  1.2763E+02 -7.7335E+01
0000927   2.7081E+02  1.9152E+01 -3.2476E+02
0000928   2.0046E+02 -7.4567E+01 -7.0733E+01
0000929   3.8083E+02 -4.8544E+01 -5.4175E+01
0000930   2.4186E+02  1.6802E+02 -8.5966E+01
0000931   3.2110E+02 -3.2947E+01 -4.3894E+02
0000932   3.1716E+02  9.1423E+01 -1.0670E+02
0000933   2.3069E+02 -4.5123E+01  4.0270E+01
0000934   4.1916E+02 -3.8899E+02 -2.2166E+02
0000935   2.4372E+02 -1.5422E+02 -6.2838E+01
0000936   2.6787E+02 -9.0698E+01 -1.2520E+02
0000937   1.8337E+02 -5.9927E+01 -7.5937E+00
0000938   3.4299E+02 -1.2474E+02  1.7412E+02
0000939   1.6668E+02  2.7132E+01 -3.6276E+01
0000940   3.9775E+02 -1.3047E+02  1.8701E+02
0000941   2.6438E+02  1.1780E+02  4.1681E+01
0000942   4.4964E+02  7.7197E+00  1.1720E+02
0000943   1.9937E+02 -3.6027E+02  4.7858E+01
0000944   5.8682E+02 -1.6582E+02 -1.0936E+02
0000945   1.6131E+02  5.7106E+01 -1.9264E+02
0000946   3.9223E+02  9.4633E+01 -5.1582E+01
0000947   3.6773E+02  7.0778E+01 -2.7309E+02
0000948   1.0649E+02  2.0105E+02  7.9305E+01
0000949   5.7056E+02 -6.8774E+01 -1.7046E+02
0000950   2.3039E+02 -8.3811E+01  2.6712E+02
0000951   4.4308E+02 -2.6522E+02  6.5066E+01
0000953   1.8817E+02  4.9818E+01  5.8832E+01
0000954   2.5451E+02  3.3663E+01 -2.0339E+02
0000955   4.0508E+02  2.1914E+02 -3.1425E+01
0000956   3.6604E+02  4.7320E+02  8.6482E+01
0000957   5.5376E+02 -5.2701E+01 -3.4649E+01
0000958   2.4823E+02 -8.2440E+01  2.2092E+02
0000959   1.0303E+02 -8.3068E+01 -1.0158E+02
0000960   2.8333E+02  1.6180E+02 -1.4543E+02
0000961   3.9808E+02 -2.1356E+02 -1.1196E+02
0000962   4.6557E+02  1.9956E+02  1.6611E+01
0000963   2.5700E+02  2.1931E+02 -1.6411E+02
0000964   3.1800E+02  3.9298E+01 -2.0204E+02
0000965   2.9352E+02  7.7916E+00  2.0796E+02
0000966   4.1794E+02  1.6765E+02 -2.2851E+02
0000967   3.8465E+02 -2.3569E+02  3.6394E+02
0000968   1.9209E+02  6.7916E+01  2.2089E+02
0000969   1.8823E+02  1.2043E+02  1.5900E+00
0000970   5.4659E+02  2.2821E+01 -1.0241E+02
0000971   3.9203E+02 -1.2898E+02 -1.8728E+02
0000972   3.8151E+02 -1.4061E+02 -5.0544E+01
0000973   3.5930E+02  3.8806E+02 -2.7984E+02
0000974   5.6461E+02 -2.1349E+01  6.9239E+01
0000975   2.6461E+02  1.5320E+02  9.6317E+01
0000976   3.0987E+02 -1.2754E+02 -3.7655E+02
0000977   5.1043E+02  2.1503E+02  4.0729E+01
0000978   1.6923E+02  1.2598E+02  1.0176E+02
0000979   3.0101E+02  9.5131E+01  2.9737E+02
0000980   4.1326E+02 -1.9707E+02 -3.3437E+02
0000982   1.9056E+02 -7.1698E+01 -9.4898E+01
0000983   4.1295E+02  1.4411E+02 -1.0419E+02
0000984   3.3270E+02  3.2651E+02 -5.5271E+01
0000985   2.1091E+02 -1.2357E+02 -9.3326E+01
0000986   4.0779E+01 -1.0438E+02  2.7054E+02
0000987   3.4941E+02 -2.1788E+01 -1.6642E+02
0000988   5.3819E+02  3.0026E+01 -2.4199E+02
0000989   3.4324E+02 -1.2698E+02 -5.8414E+01
0000990   4.0521E+02 -3.3792E+02 -4.4886E+01
0000991   4.8166E+02  8.9397E+01  2.1171E+02
0000992   4.5069E+02  1.1443E+00  1.9073E+01
0000993   1.3989E+02 -1.3391E+02  4.2797E+01
0000994   4.3607E+02  1.5525E+02  5.3003E+01
0000995   4.1940E+02  7.0193E+01  4.0697E+01
0000996   3.3005E+02  3.6335E+01 -1.9662E+01
0000997   1.6574E+02  4.2168E+02  1.8155E+02
0000998   3.9265E+02 -4.8924E+01  2.1091E+01
0000999   2.4070E+02  1.0927E+02 -3.8968E+02
0001000   2.4630E+02  1.9375E+01  1.0430E+02
