============================== SRIM-2013.00 ==============================
==============================================================================
====== SRIM Outputs\RANGE_3D.txt : File of Final Ion Positions =====

Ion =  F (09)   Ion Mass= 018.9984
Energy  = 3000000.E-05 keV
Ion Angle to Surface = 00.0 degrees
==================== TARGET =======================
  Layer # 1 - None
  Layer # 1 - Bottom Depth=500000.E-01 A
  Layer # 1 - Density =0007.8700 g/cm3
  Layer # 1 -  100 % of Fe
ÍÍÍÍÍÍÍÍÍÍÍÍÍÍÍÍÍÍÍÍÍÍÍÍÍÍÍÍÍÍÍÍÍÍÍÍÍÍÍÍÍÍÍÍÍÍÍÍÍÍÍÍ
                                            
Ion       Depth  X   Lateral Y   Lateral Z  
Number    (Angstrom) (Angstrom)  (Angstrom) 
-------  ----------- ----------- -----------
0000001   3.9601E+02 -4.6424E+01 -1.0019E+02
0000002   4.0418E+02 -1.5111E+02  1.1292E+02
0000003   1.3471E+02  3.6275E+02  1.0733E+01
0000004   3.9240E+02 -1.1907E+02 -1.6320E+02
0000005   5.3259E+02 -2.0293E+02  3.0761E+02
0000006   4.4036E+02  3.1232E+02 -1.8867E+02
0000007   2.1732E+02 -1.6556E+02 -7.8519E+01
0000008   4.0207E+02 -1.7812E+02 -9.4043E+01
0000009   3.6355E+01 -9.3118E+01 -1.6975E+02
0000010   3.4611E+02 -3.8289E+00  3.8941E+01
0000011   4.0714E+02 -2.9413E+02  2.2197E+02
0000013   2.3269E+01  8.8743E+01 -5.0552E+00
0000014   2.5690E+02  1.0406E+02  4.1150E+01
0000015   4.4646E+02 -1.0018E+02 -7.2505E+01
0000016   5.1390E+02 -2.7091E+02  1.7499E+02
0000017   2.6941E+02  4.3009E+02 -1.8405E+02
0000018   2.5515E+02  9.1567E+01  8.0481E+00
0000019   1.2811E+02  6.6740E+01  1.4824E+02
0000020   1.2711E+02  3.0684E+01  1.3139E+02
0000021   2.1661E+02 -2.2284E+02  1.0741E+02
0000022   1.6589E+02 -2.0791E+02 -1.2112E+02
0000024   2.6684E+02  1.4536E+02  3.4004E+01
0000025   1.0298E+02  1.9389E+01 -1.5113E+02
0000026   4.8515E+02 -2.2320E+02 -1.7769E+02
0000027   1.3553E+02  1.8064E+01  9.6205E+01
0000028   3.4707E+02  9.4928E+01  1.8619E+01
0000029   3.1022E+02 -1.9806E+02  6.0510E+01
0000030   3.3052E+02  1.1474E+02  9.0727E+01
0000031   2.5012E+02  8.5723E+01  6.4877E+01
0000032   1.9750E+02  9.8583E+01  3.6107E+01
0000033   3.3481E+02 -2.1935E+02 -1.4890E+02
0000034   9.7574E+01 -1.4823E+02 -4.2198E+01
0000035   2.0505E+02 -2.1927E+02 -1.1320E+02
0000036   3.6621E+02 -7.2994E+00 -8.0057E+01
0000037   4.9631E+02  8.4204E+01 -9.2683E+00
0000038   1.1832E+02 -3.4129E+02  4.8055E+01
0000039   4.2249E+02  9.1318E+01 -1.4135E+02
0000040   2.9780E+02 -8.9156E+01 -2.9357E+02
0000041   4.4079E+02 -8.1493E+01 -3.1920E+02
0000042   1.0506E+02  1.1385E+02 -1.5825E+01
0000043   3.0001E+02 -1.4360E+02 -1.4890E+02
0000044   2.2070E+02 -1.3683E+02  1.6979E+02
0000045   3.7617E+02  1.3029E+01  6.2921E+01
0000046   2.5407E+02  2.7850E+01  1.0705E+00
0000047   3.5274E+02  4.8326E+01 -7.9212E+01
0000048   3.0983E+02  2.8178E+02  1.2436E+02
0000049   3.7670E+02 -1.3212E+02 -2.5723E+02
0000050   4.1191E+02  1.7342E+01 -5.2250E+01
0000051   2.3176E+02  4.4508E+01  2.3645E+02
0000052   2.7890E+02 -3.2483E+02  1.3258E+02
0000053   2.3800E+02 -9.3494E-01  7.3427E+01
0000054   5.8318E+02  2.0710E+02 -1.1768E+01
0000055   4.2350E+02 -1.0156E+02  1.8426E+02
0000056   3.7438E+02  3.0881E+02  6.1079E+01
0000057   1.5691E+02  1.5348E+02  9.8412E+01
0000058   3.5369E+02 -2.5866E+01 -2.6499E+02
0000059   4.8984E+02 -1.7963E+02  3.1341E+01
0000060   2.0327E+02 -2.3661E+01 -2.8733E+02
0000061   2.7226E+02 -9.7800E+01 -2.2649E+02
0000062   4.7661E+02 -2.6179E+02 -1.0462E+02
0000063   2.5713E+02 -1.0379E+02  1.7819E+02
0000064   1.9401E+02 -3.2083E+02 -1.5946E+02
0000065   1.7468E+02 -1.3097E+01 -4.1039E+02
0000066   1.7232E+02  1.1498E+02  2.4880E+02
0000067   3.2046E+02  3.6923E+02  6.3983E+01
0000068   4.2174E+02  7.5059E+01  9.3838E+01
0000069   4.5301E+02  1.3868E+02 -4.3251E+01
0000070   2.4149E+02 -3.5531E+02  1.7453E+02
0000071   7.3246E+02  2.0857E+02 -1.7628E+01
0000072   9.6401E+01 -5.3753E+01  1.6624E+02
0000073   3.1642E+02  1.5072E+02  1.8937E+01
0000074   3.4103E+02 -8.7312E+01  1.5246E+02
0000075   2.9806E+02  1.8138E+02 -3.2547E+02
0000076   2.2324E+02  2.7250E+02  1.4934E+02
0000077   5.4018E+02 -1.1735E+02 -3.9137E+02
0000078   2.2696E+02  2.7436E+01  5.6258E+02
0000079   6.3340E+02  2.2818E+02 -6.2625E+01
0000080   7.0967E+02 -1.0511E+02 -2.6036E+02
0000082   3.9341E+02  2.7659E+02 -2.9267E+02
0000083   3.5049E+02 -2.1098E+01 -1.9995E+02
0000084   1.5212E+02  1.1316E+02  2.4014E+01
0000085   2.7883E+02 -1.4375E+01 -7.6781E+01
0000086   5.9412E+02  1.1261E+02  7.1186E+01
0000087   6.7731E+02  2.5301E+02 -3.1844E+02
0000088   1.8572E+02  1.8824E+02 -3.0881E+01
0000089   9.2263E+01  8.8077E+01  9.1933E+01
0000090   4.7344E+02 -7.3411E+01  3.5098E+02
0000091   5.8385E+02  5.8286E+01  9.5096E+01
0000092   3.4634E+02 -1.6646E+01 -2.2840E+02
0000093   7.7846E+01  2.9696E+01  4.0904E+01
0000094   1.0234E+02  1.4421E+02  3.7793E+02
0000095   4.5901E+02 -2.0837E+02 -6.7462E+01
0000096   3.2500E+02  2.3046E+01 -2.4978E+02
0000098   3.7526E+02  5.1127E+01  2.0118E+02
0000099   3.7868E+02  1.4366E+02  6.1858E+01
0000100   2.3047E+02 -1.1947E+02 -1.0187E+02
0000101   7.2093E+02 -1.3035E+00  1.8614E+02
0000102   4.8913E+02  6.8265E+01  1.7794E+02
0000103   3.6964E+02  1.6470E+02 -4.3448E+01
0000104   4.9101E+02 -2.6032E+02  5.9608E+01
0000105   3.9786E+02  6.5488E+01 -8.6258E+01
0000106   6.2419E+01 -3.1416E+00  3.4146E+02
0000107   1.1325E+02 -9.5591E+00 -2.6541E+02
0000108   5.1504E+02  2.6623E+02  8.1974E+01
0000109   5.3483E+02 -1.6781E+02 -9.8398E+01
0000110   2.1211E+02  1.5545E+02  1.4791E+02
0000111   1.5590E+02  1.9041E+01  1.7278E+02
0000112   3.1444E+02  3.4476E+01 -1.7808E+02
0000113   1.8922E+02  1.1234E+02  8.6898E+00
0000114   6.6624E+01 -1.2687E+02  1.2087E+02
0000115   7.7293E+01  3.1480E+01 -3.1052E+02
0000116   2.5180E+02 -4.4342E+01  1.4538E+02
0000117   4.8786E+01 -1.2509E+02 -1.7565E+02
0000118   4.7991E+01 -4.1155E+01  2.0340E+01
0000119   3.1417E+02 -5.3335E+01 -2.5562E+02
0000120   5.1532E+02 -1.6130E+02  1.9910E+02
0000121   1.4233E+02 -2.4682E+02  3.4513E+00
0000122   2.4645E+02 -2.9079E+01  4.5261E+02
0000123   2.5059E+02 -2.0389E+01  1.4704E+02
0000124   2.5281E+02  2.2391E+02  3.5005E+01
0000125   4.2337E+02  2.3920E+01  1.3847E+02
0000126   2.3934E+02 -2.9153E+02 -2.0559E+02
0000127   6.6161E+02  7.5716E+01  7.1766E+01
0000128   3.3567E+02 -2.1902E+02  1.9181E+02
0000129   5.3284E+02 -1.3431E+02  3.4448E+01
0000130   4.8041E+02  1.2385E+02  1.3997E+02
0000132   1.2077E+02 -2.5989E+02  2.1170E+02
0000133   4.3735E+02 -3.1486E+02 -3.8361E+01
0000134   1.4121E+02  1.1276E+01  2.9724E+02
0000135   2.3869E+02  1.8068E+02 -1.3102E+01
0000136   3.8390E+02 -3.3928E+01  2.9527E+01
0000137   3.2671E+02 -2.4976E+02  1.2933E+02
0000138   4.7170E+02  1.2782E+02 -4.0677E+02
0000139   2.3210E+02  3.5336E+02  1.7445E+02
0000140   8.3474E+01 -2.4175E+02  4.5659E+00
0000141   3.0883E+02 -4.3751E+01  1.5610E+02
0000142   1.8322E+02 -2.3027E+01 -1.1683E+02
0000143   2.2696E+02 -1.4035E+02  4.4218E+02
0000144   1.3566E+02  7.8407E+01  6.7334E+01
0000145   2.1508E+02  1.0346E+02  1.8749E+01
0000146   2.0727E+02  7.6776E+01  6.6298E+00
0000147   2.4092E+02  1.1205E+02 -1.7124E+02
0000148   3.0157E+02 -8.0342E+01  1.6179E+02
0000149   2.4976E+02 -3.5856E+01  3.9561E+01
0000150   7.9986E+01 -1.8834E+02  1.0070E+02
0000151   2.9598E+02  1.8565E+01  5.6847E+01
0000152   5.5539E+02  8.2550E+01  2.1123E+01
0000153   7.3916E+01  1.0211E+02 -4.2288E+02
0000154   2.8302E+02 -2.6106E+02  2.9192E+02
0000155   3.5500E+02 -2.7157E+01 -2.4200E+02
0000156   3.0419E+02  4.3405E+01 -1.4980E+02
0000157   2.3701E+02  2.2231E+01 -8.5805E+01
0000158   5.7849E+01  1.5700E+02 -8.5576E+01
0000159   3.5857E+02  2.3504E+02 -3.1256E+02
0000160   3.1491E+02  1.4183E+02  1.8398E+02
0000161   2.7865E+02 -4.3114E+01  1.2752E+02
0000162   1.9417E+02 -1.9306E+02  5.8065E+01
0000163   5.0920E+02 -2.8008E+02 -2.1175E+02
0000165   8.4946E+01 -7.2004E+01  7.4550E+01
0000166   4.3247E+02  1.2130E+02  1.0712E+02
0000167   4.5603E+02  5.4446E+01  3.3327E+02
0000169   3.0788E+02  9.1897E+01  1.8700E+02
0000170   3.9780E+02 -1.7415E+02 -2.3451E+02
0000171   2.1185E+02 -4.7011E+00  5.0396E+01
0000172   3.3880E+02 -6.6960E+00  1.3932E+01
0000173   3.9621E+02  7.6835E+01  4.9695E+02
0000174   3.7023E+02  1.5355E+02  2.4341E+02
0000175   1.5653E+02  8.9687E+01 -3.0595E+01
0000176   4.5344E+02  2.9183E+02  3.1404E+02
0000177   3.7193E+01 -1.3736E+02 -1.8376E+02
0000178   2.6897E+02 -1.2539E+02 -8.8706E+01
0000180   1.4650E+02 -1.0256E+02 -4.6002E+00
0000181   1.6727E+02  2.4581E+02  2.2846E+02
0000182   6.5541E+01  2.6884E+01 -6.1486E+01
0000183   1.3221E+02 -3.5345E+02  1.1480E+02
0000184   1.9159E+02 -1.6692E+01 -3.1364E+02
0000185   3.6693E+02 -2.9705E+02 -1.0738E+02
0000186   3.6845E+02 -2.0225E+02 -7.0259E+01
0000187   3.6808E+02  1.2925E+02 -4.3813E+01
0000188   2.8836E+02 -2.8020E+02 -2.2454E+02
0000190   3.2869E+01 -3.6300E+01  5.2024E+01
0000191   2.3472E+02  1.1097E+02 -1.7743E+02
0000193   3.8587E+02 -1.3268E+02 -3.7824E+01
0000194   2.0440E+02 -1.2798E+02 -1.1435E+02
0000195   1.2692E+02  2.3964E+02  3.0632E+02
0000196   2.4909E+02  6.8124E+01  1.0295E+02
0000197   6.1280E+02  3.3682E+02  1.6213E+02
0000198   1.2865E+02 -3.2243E+02 -1.8911E+02
0000199   9.7125E+01 -1.1944E+02  3.7123E+01
0000201   3.4057E+02 -1.2345E+01  1.4132E+01
0000202   5.1911E+02 -1.7833E+02 -7.9777E+01
0000203   4.7587E+02  1.2320E+02  1.5747E+02
0000204   9.6732E+01 -1.5095E+02 -2.5672E+02
0000205   1.2248E+02  9.9888E+01 -1.7494E+02
0000206   1.6850E+02  1.2373E+00  4.8590E+01
0000207   1.3144E+02 -3.2078E+02  9.3715E+01
0000208   2.4614E+02 -8.6335E+00  3.5003E+02
0000209   2.3767E+02 -2.4121E+02  2.4410E+01
0000210   7.2243E+01 -5.3894E+01  1.8592E+02
0000211   2.8690E+02  5.0231E+02  1.5603E+02
0000212   2.4673E+02  2.0364E+02 -1.0443E+02
0000213   3.4198E+02  3.8677E+02  9.0552E+01
0000214   4.8012E+02  2.0158E+02  7.0276E+01
0000215   3.0335E+02 -2.4187E+02  7.1482E+01
0000216   1.9621E+02 -1.8089E+02 -8.1899E+01
0000217   1.4130E+02  3.6962E+02 -3.1759E+01
0000218   1.8148E+02  3.0040E+02  1.2568E+02
0000219   3.9429E+02  1.3286E+02 -1.0809E+01
0000220   4.8126E+02  6.3247E+01 -1.1012E+02
0000221   3.2583E+02  1.1550E+02 -5.1917E+00
0000222   1.3623E+02 -2.1573E+02  2.3275E+01
0000223   1.9311E+02 -1.4388E+02  2.4684E+02
0000224   1.5114E+02 -1.1648E+02  2.2593E+02
0000225   4.6233E+02 -1.2455E+02  7.4639E+01
0000226   8.0642E+01 -3.1075E+02  1.5238E+02
0000227   6.3795E+02 -3.5560E+01 -1.1899E+02
0000228   1.1727E+02 -1.5324E+02 -1.7405E+02
0000229   1.4665E+02  8.0200E+01 -3.0939E+02
0000230   2.5089E+02  3.1995E+01 -2.9590E+01
0000231   4.0308E+02  1.6730E+02 -1.5419E+02
0000232   3.8669E+02 -2.1819E+01 -1.1504E+01
0000233   3.7968E+02 -1.1909E+02  7.1462E+01
0000234   7.7694E+01 -5.4877E+01  2.2203E+02
0000235   8.3094E+01  2.4898E+02  1.1188E+02
0000236   5.1528E+02  2.0838E+02 -1.4858E+01
0000237   1.9643E+02  3.1433E+01  2.6970E+02
0000238   5.5693E+02 -5.7025E+01 -2.0856E+02
0000239   2.1078E+02 -1.4032E+02  4.1228E-01
0000240   1.9385E+02  5.9330E+02 -7.7562E+00
0000241   2.4341E+02 -6.1157E+01  1.7582E+02
0000242   5.3530E+02 -2.0276E+02  2.8725E+01
0000243   1.6923E+02 -1.0215E+02  8.5815E+01
0000244   4.4113E+02  3.8077E+00 -3.6328E+01
0000245   3.6837E+02 -7.5517E+01 -1.8246E+02
0000246   3.5286E+02  3.5817E+02  1.5606E+02
0000247   3.8568E+02  2.0177E+02 -1.0470E+02
0000248   3.2265E+02  2.8825E+01  3.0613E+02
0000249   5.0553E+02  8.4384E+01  4.2836E+01
0000250   4.9675E+02 -1.5288E+02  7.6769E+01
0000251   6.2676E+02  7.7196E+01  3.1635E+02
0000252   4.7926E+02 -8.7928E+01 -1.8631E+02
0000253   1.4901E+02 -6.8013E+01 -4.7332E+01
0000254   3.3138E+02  1.8446E+02 -1.3088E+02
0000255   3.4180E+02 -2.4996E+02 -1.5242E+02
0000256   3.5904E+02  2.3477E+02  8.9163E+01
0000257   3.7836E+02 -6.2479E+01  6.7876E+01
0000259   1.6169E+02 -3.1321E+02  1.1537E+02
0000260   4.2907E+02  6.7499E+01  1.3258E+02
0000261   5.3310E+02  9.8874E+01 -1.3990E+02
0000262   1.4806E+02  1.0610E+02  6.4661E+01
0000263   4.6408E+02  2.4558E+01  9.7434E+01
0000264   2.4517E+02 -7.0795E+01  7.2394E+00
0000265   2.8060E+02 -2.1342E+02 -8.1544E+01
0000267   3.1884E+02 -5.9870E+01  3.6221E+02
0000268   2.1503E+02 -1.3239E+02 -2.3571E+01
0000269   1.3733E+02 -7.2291E+01 -2.8370E+01
0000270   2.5851E+02  2.0790E+02 -1.0412E+02
0000271   6.8415E+01  7.0982E+01 -3.7540E+01
0000272   5.5480E+02  1.2370E+01  1.7707E+02
0000273   2.9569E+02  7.4752E+01  6.3637E+01
0000274   6.3453E+02  1.1990E+02  1.4023E+01
0000275   3.1127E+02 -1.0975E+02  1.0925E+02
0000276   2.0035E+02  7.9025E+01 -2.8705E+01
0000277   3.0628E+01  4.1098E+02  3.6063E+02
0000278   1.8333E+02  4.3192E+02 -2.2236E+02
0000279   1.1909E+02  1.7600E+02 -2.0312E+02
0000280   5.4260E+02 -3.5354E+01 -2.5501E+02
0000281   1.0657E+02  1.2923E+02 -3.1909E+02
0000282   5.5176E+02  6.3494E+01 -8.7004E+01
0000283   5.0179E+01 -6.0849E+01  6.5058E+01
0000285   4.2113E+02  1.0660E+02 -1.2821E+02
0000286   6.4896E+01 -1.6938E+02 -1.1513E+02
0000287   3.0264E+02 -8.8378E+00  1.8971E+02
0000288   2.1195E+02 -5.0282E+01 -6.6949E+01
0000289   1.5138E+02 -4.0127E+01 -4.3099E+01
0000290   4.5965E+02  1.6868E+01  4.6122E+01
0000291   4.0564E+02 -7.3782E+01 -1.0775E+02
0000292   2.0006E+02  1.3570E+02  9.7709E+00
0000293   3.9361E+02 -1.3445E+02  2.2201E+02
0000294   2.3328E+02 -1.4506E+01  2.5914E+02
0000295   4.5685E+02 -1.3683E+00  3.4575E+01
0000296   3.2460E+02  1.9434E+02 -1.6881E+02
0000297   2.7363E+02  1.3541E+02  3.5363E+02
0000298   2.5967E+02  8.1893E+01 -2.8732E+02
0000299   4.8399E+02 -1.2031E+02 -2.6675E+02
0000300   4.6713E+02  3.6391E+01  1.9438E+02
0000301   4.7921E+02 -2.5105E+02  8.0386E+01
0000302   1.5432E+02  2.1073E+02  1.8353E+02
0000303   1.3722E+02  3.1999E+02  1.5899E+01
0000305   2.5212E+02 -2.7106E+01 -2.4379E+02
0000306   4.2045E+02 -2.5574E+02  2.2660E+02
0000307   2.7745E+02  7.7380E+01 -2.7020E+01
0000308   3.6698E+02  4.8864E+01  1.3803E+01
0000309   3.6180E+02 -8.4752E+01  4.6514E+01
0000310   1.9147E+02 -1.9015E+02  1.1130E+01
0000311   3.3886E+02 -1.2434E+02  3.1331E+02
0000312   5.3077E+02  1.6707E+02  1.3717E+02
0000313   3.1570E+01  1.2297E+02 -9.2287E+01
0000314   6.3765E+01  1.3170E+02  1.7129E+02
0000315   3.5130E+02  1.4062E+02  2.6585E+01
0000317   1.7416E+02 -3.8552E+01 -4.7413E+01
0000318   3.7260E+02 -1.8155E+01  2.2288E+02
0000319   4.6364E+02  2.1132E+02 -1.3291E+02
0000320   3.3556E+02  3.7655E+02  9.4802E+00
0000321   3.1448E+02  2.1122E+02 -1.8620E+02
0000322   2.4897E+02 -2.1395E+02  6.3181E+01
0000325   4.9288E+02 -1.2861E+01  7.8436E+01
0000326   6.7366E+01  7.9093E+00  9.2968E+01
0000327   4.7568E+02  1.7314E+02 -1.2061E+01
0000328   3.6677E+02 -6.0626E+01 -2.3179E+02
0000329   5.8010E+02 -8.3928E+01 -1.8976E+01
0000330   4.3489E+02 -3.2941E+02 -1.3237E+02
0000331   1.0647E+02 -8.5017E+00  1.5512E+02
0000332   4.0253E+02 -1.4111E+02 -3.0610E+02
0000333   4.4194E+02 -3.3777E+02 -6.6864E+01
0000334   1.8598E+02  1.8950E+02 -2.6391E+02
0000335   2.4128E+02 -3.2899E+01 -1.7904E+02
0000337   5.0256E+02  1.2098E+02  9.4027E+01
0000338   3.3695E+02 -4.9296E+00 -2.4292E+02
0000339   4.3466E+02  5.3010E+01  1.7566E+02
0000340   1.9438E+02  3.3375E+01  1.5859E+01
0000341   3.7920E+02  8.7858E+00 -5.6548E+01
0000342   2.4467E+02  4.4435E+01  1.4658E+02
0000343   2.8023E+02 -6.1875E+01 -1.2863E+02
0000344   3.3096E+02 -1.1459E+02 -2.4292E+02
0000345   5.3413E+02  5.8456E+01  1.2580E+02
0000346   4.0879E+02 -6.8600E+01  2.5554E+02
0000347   3.1767E+02 -1.2370E+02 -1.0533E+02
0000348   4.4608E+02  8.5990E+01  1.0940E+02
0000349   5.6942E+02 -5.6153E+01  9.6097E+01
0000350   3.7337E+02 -1.1997E+02  1.2368E+02
0000351   5.6125E+01 -5.6536E+01  1.0568E+02
0000352   2.8953E+02  2.9770E+01 -9.4388E+00
0000353   2.3603E+02 -1.2220E+01 -1.7400E+02
0000355   8.7165E+01  2.5675E+02  8.8156E+01
0000356   1.6372E+02  1.4746E+02  1.2970E+02
0000357   1.4325E+02  1.8746E+02 -3.3945E+02
0000358   4.8571E+02 -2.8423E+02  2.9130E+01
0000359   5.3340E+02  9.2594E+00 -2.1273E+02
0000360   4.1112E+02 -1.1260E+01  5.8758E+01
0000361   3.2092E+02 -1.0088E+02 -3.3972E+02
0000362   5.4245E+02  2.4671E+02  3.9792E+01
0000363   3.2007E+02 -1.6630E+02  7.5653E+01
0000364   8.4931E+01 -1.6587E+02 -2.4596E+02
0000365   2.3450E+02 -4.8027E+02  3.0487E+02
0000366   3.2180E+02 -4.1164E+00  9.0564E+00
0000367   2.4446E+02 -1.1057E+02  2.3708E+01
0000368   3.9008E+02  2.3398E+02 -2.7127E+02
0000369   2.3875E+02  1.1617E+02 -1.2442E+02
0000370   3.0196E+02 -7.8972E+00  5.1425E+01
0000371   2.9045E+02 -7.7887E+01  1.4844E+02
0000372   2.1857E+02 -1.2467E+02 -3.3059E+01
0000373   3.2814E+02 -5.6936E+01  1.0820E+02
0000374   3.5695E+02 -1.4257E+02 -2.4979E+02
0000375   2.6111E+02  7.2245E+00  7.2974E+01
0000376   4.9912E+02  1.7061E+02  2.1837E+01
0000377   4.5574E+02  5.0460E+01 -2.6320E+02
0000378   9.9196E+01 -1.0624E+02  7.2645E+01
0000379   3.4978E+02  2.1978E+02 -1.3860E+02
0000380   1.7895E+02 -3.3412E+02 -3.1663E+02
0000381   2.9295E+02  1.2256E+02 -2.0822E+02
0000382   4.5154E+02  1.9210E+02 -1.4805E+02
0000383   8.4478E+01  4.1384E+01  2.6056E+00
0000384   3.9705E+02  2.2053E+02 -1.4392E+02
0000385   4.9359E+02 -3.7046E+01  1.3212E+02
0000386   2.6728E+02 -7.8769E+00  3.0248E+01
0000387   3.6204E+01 -1.4870E+02 -1.2802E+01
0000388   6.0041E+02  1.0235E+02  7.2639E+01
0000389   5.7996E+02 -2.4336E+02 -2.7298E+02
0000390   1.2961E+02  1.5540E+02 -1.8619E+02
0000391   1.9517E+02 -7.1115E+01 -1.6218E+02
0000392   3.4484E+02  2.1513E+02  4.5013E+01
0000393   2.3307E+02  2.9970E+02 -2.4464E+02
0000394   3.8259E+02  3.2803E+02 -3.2897E+02
0000395   1.1618E+02  3.2889E+01  2.6796E+02
0000397   4.5874E+02 -3.4776E+01  6.9833E+01
0000398   4.3792E+02  5.4869E+01  2.5630E+02
0000399   4.7553E+02  1.3770E+01  2.4660E+02
0000400   2.8003E+02  1.3416E+02  2.5318E+02
0000401   4.4351E+02  8.8391E+01  2.8788E+01
0000402   4.1965E+02  1.9481E+02  2.0297E+02
0000403   1.2858E+02  5.3455E+01 -1.9383E+02
0000404   1.6188E+02  1.1979E+02 -3.1979E+02
0000405   3.1317E+01  2.0821E+02  1.3348E+02
0000406   4.2428E+02 -1.1744E+02 -6.3758E+01
0000407   3.2099E+02 -1.2598E+02  1.9275E+01
0000408   2.5545E+02 -3.1085E+02 -1.8047E+00
0000409   1.3265E+02  8.4959E+01  1.5379E+02
0000410   5.0037E+02 -4.6272E+01  1.7346E+02
0000411   1.8886E+02 -7.9273E+01  3.4749E+02
0000412   1.8546E+02  3.5979E+02 -5.1532E+00
0000413   2.3173E+02  4.4946E+01  1.3549E+02
0000414   4.6292E+02  2.7736E+02 -1.4795E+02
0000415   1.3350E+01 -1.3798E+02 -4.5254E+01
0000417   4.5552E+02 -1.5326E+02  2.5225E+01
0000418   4.5215E+02 -2.2606E+02 -1.2943E+02
0000419   2.4997E+02 -4.3256E+01  2.2925E+01
0000420   3.7480E+02 -1.1645E+02  9.4857E-01
0000422   2.7755E+02 -1.5511E+02 -2.8502E+02
0000423   2.0480E+01 -1.5677E+02 -3.2467E+01
0000424   3.9081E+02 -2.3302E+01  1.2625E+02
0000425   3.3268E+02  2.6599E+02 -4.0439E+01
0000426   4.4155E+02 -1.2552E+02 -1.0818E+02
0000427   8.2894E+01  3.1626E+02  2.8410E+02
0000428   1.0689E+02 -5.7711E+01  1.3932E+02
0000429   1.6185E+02 -3.9127E+01 -1.3662E+02
0000430   1.5167E+02 -9.4790E+01 -4.6657E+02
0000431   4.2663E+02  2.3782E+02  1.1004E+02
0000432   3.1163E+02  1.5830E+02 -2.8599E+01
0000433   2.5320E+02  2.8470E+02 -3.1525E+02
0000434   1.4221E+02  1.9290E+02  4.9207E+01
0000435   4.2079E+01 -1.8896E+02  1.6001E+02
0000436   5.1568E+02  9.7039E+01 -2.4861E+02
0000437   4.8066E+02  2.1476E+02  3.0739E+02
0000438   5.3328E+01 -1.5988E+02 -1.2118E+02
0000439   4.5773E+02 -5.8371E+01  1.4883E+02
0000440   3.2088E+02 -2.9808E+02 -2.6832E+02
0000441   1.9285E+02  2.8620E+01  1.9108E+02
0000442   4.5882E+02 -3.0287E+02  2.1876E+02
0000443   5.9539E+02  7.6065E+01 -7.1566E+01
0000444   2.6556E+02 -1.9633E+02 -3.1045E+02
0000445   3.0635E+02 -2.6480E+02 -1.9709E+02
0000446   1.3105E+02 -4.2820E+02  7.9626E+01
0000447   2.9683E+02 -2.6600E+01 -4.9739E+01
0000448   4.2251E+02  5.6875E+00 -2.1706E+02
0000449   3.7651E+02 -6.7276E+01  1.1022E+01
0000450   7.4180E+02  1.1532E+02 -9.1896E+01
0000451   6.7978E+02 -1.4672E+01 -9.5797E+01
0000452   1.6872E+02 -7.0114E+01 -1.5301E+02
0000453   6.7120E+02 -2.0972E+02 -2.5793E+02
0000454   5.3659E+02 -1.3346E+02  4.1742E+01
0000455   5.5182E+02 -7.3251E+00  1.8218E+02
0000456   2.1591E+02  7.3588E+01 -1.6483E+02
0000457   4.2712E+02 -1.0746E+02  1.8764E+02
0000458   3.9052E+02  1.2699E+02 -2.0320E+02
0000459   1.9374E+02  1.8136E+02  2.7469E+02
0000460   1.4563E+02 -1.7281E+02  8.1223E+01
0000462   3.8225E+02 -5.2459E+01 -4.4315E+02
0000463   2.9704E+02  1.6835E+02 -1.1919E+02
0000464   5.3804E+02  8.3877E+01 -1.9484E+02
0000465   2.8462E+02  3.8647E+02  7.0174E+01
0000466   2.8708E+02  9.5245E+00  1.3553E+02
0000467   2.0711E+02  9.8078E+01 -1.7812E+02
0000468   1.7361E+02 -1.1668E+02 -7.1999E+01
0000470   2.2151E+02 -1.0505E+02 -4.9992E+01
0000471   7.6347E+01 -2.4430E+01  2.2460E+01
0000472   3.5318E+02 -3.3657E+02  5.1824E+01
0000474   3.4634E+02  1.7134E+02  3.2013E+02
0000475   2.0917E+02  1.0516E+02 -1.2234E+02
0000476   2.7652E+02  1.3187E+02 -4.1950E+02
0000477   3.9641E+02 -2.5981E+02  5.7357E+01
0000478   3.5489E+01 -2.2710E+01 -3.3800E+01
0000479   2.8102E+02 -1.9041E+02 -2.9511E+02
0000480   2.4290E+02 -1.2919E+02  2.6070E+02
0000481   4.1910E+02  1.0516E+02 -7.2200E+01
0000482   3.8782E+02 -4.4822E+01  3.7061E+00
0000483   3.9961E+02  1.7372E+01  1.2301E+02
0000484   2.0936E+02  1.3041E+02 -9.5824E+01
0000485   3.0388E+02 -7.5721E+01  5.0250E+01
0000486   4.4937E+02 -2.1502E+01 -1.2260E+01
0000487   2.2384E+02 -5.4214E+01 -1.4452E+02
0000488   3.9434E+02  4.4644E+01  1.0879E+02
0000489   4.0478E+02  3.7512E+01  1.4360E+02
0000491   1.6528E+02  7.8619E+01  3.4240E+02
0000492   3.9484E+02 -2.2078E+01  9.2943E+01
0000493   2.3504E+02  2.7563E+01 -1.0330E+02
0000494   1.6836E+02  3.6976E+02 -5.8284E+01
0000495   1.6923E+02 -1.6586E+02 -6.9971E+00
0000496   3.1815E+02  1.2707E+02 -7.5481E+01
0000497   2.8262E+02 -2.2983E+02  1.0886E+02
0000498   3.4316E+02  1.8998E+02  1.4469E+02
0000499   2.0175E+02 -1.5565E+02 -1.0816E+02
0000500   1.5962E+02 -2.5437E+02 -1.1752E+02
0000501   2.6219E+02  2.4083E+02 -3.3208E+01
0000503   1.2049E+02 -1.5476E+02  6.4384E+01
0000504   2.6396E+02 -2.8250E+01  5.0489E+01
0000505   2.2968E+02 -6.5704E+01  2.7538E+02
0000506   3.4300E+02  2.4076E+02 -2.5017E+02
0000507   1.8003E+02  6.1233E+01 -2.7509E+02
0000508   4.1324E+02 -3.3757E+02  1.1012E+02
0000509   7.0512E+02  1.0798E+02  4.2023E+01
0000510   5.3349E+01 -9.7356E+01  1.3253E+02
0000511   5.1388E+02 -2.3719E+02 -7.1846E+01
0000512   5.8624E+02 -1.2331E+02  5.8679E+01
0000513   4.3590E+02  3.0917E+01  2.3438E+01
0000514   1.4654E+02  5.9042E+01  1.3243E+02
0000515   1.4202E+02 -1.6900E+02 -2.6040E+02
0000516   3.4201E+02 -2.1773E+02 -9.1592E+00
0000517   2.4876E+02 -4.5436E+01  2.2691E+01
0000518   5.4762E+02 -8.5575E+01  8.8905E+01
0000519   3.2517E+02  2.4224E+01 -1.5446E+02
0000520   6.9515E+02  4.3455E+01 -1.0315E+00
0000522   4.6749E+01 -1.3977E+02 -9.6037E+01
0000523   2.5643E+02 -9.1292E+01  3.7361E+01
0000524   8.0320E+01 -2.8667E+01 -3.1897E+02
0000525   3.3747E+02  1.5980E+02 -2.5225E+02
0000526   4.2744E+02  3.3467E+02 -2.6169E+01
0000527   4.2528E+02  2.4789E+02 -1.8152E+02
0000528   2.0168E+01 -3.0946E+01  1.6718E+02
0000529   2.1779E+02 -8.7793E+00  5.1551E+01
0000530   1.4930E+02  1.2385E+02 -3.1090E+02
0000531   4.3684E+02  7.2627E+01  1.9215E+02
0000532   3.0473E+02 -2.3530E+02  3.9738E+02
0000533   2.6422E+02  2.2573E+02  1.6923E+02
0000534   4.7893E+02 -5.7666E+00  1.1465E+02
0000535   1.8836E+02  1.4165E+01  6.2114E+01
0000536   2.7394E+02 -1.6305E+01  1.8338E+02
0000537   3.0383E+02  3.2460E+02  2.1188E+02
0000538   2.3501E+02 -1.4067E+01 -4.2833E+01
0000539   2.1858E+02  6.3438E+01 -3.6433E+00
0000540   2.3109E+02  9.5436E+01 -6.2166E+01
0000541   6.7824E+02  4.7908E+01  5.0943E+01
0000542   3.1508E+02 -3.8897E+01  1.4665E+01
0000543   4.9852E+02 -7.6055E+01 -6.0401E+01
0000544   1.5675E+02  4.2424E+01  1.0694E+01
0000545   5.6554E+02  1.9055E+02 -6.6424E+01
0000546   2.6249E+02  1.2591E+02 -1.9567E+02
0000547   1.1539E+02 -2.2863E-01 -3.2247E+01
0000548   6.2824E+02  2.0882E+01  9.1902E+01
0000549   1.3632E+01 -1.1977E+02  3.8491E+01
0000550   4.6242E+02  3.1718E+01 -2.5679E+02
0000551   3.0255E+02  1.3056E+02  1.2428E+02
0000552   3.8727E+02 -1.9098E+02  4.4973E+02
0000554   5.9945E+02  2.5938E+01 -2.4161E+02
0000556   5.4710E+02  1.9311E+02 -2.3103E+02
0000557   7.0491E+01  2.8059E+02  1.6431E+02
0000558   1.8668E+02  9.0279E+01  1.6595E+02
0000559   6.5090E+01  1.8794E+02  2.5922E+02
0000560   3.4615E+02 -8.3602E+01 -1.5588E+02
0000561   5.0364E+02  1.0888E+02  3.1558E+02
0000562   4.8581E+02  1.8939E+02 -3.7861E+01
0000563   1.9250E+02 -1.1582E+02  1.0245E+02
0000564   3.1654E+02 -2.1880E+02 -1.8963E+02
0000565   3.2972E+02  1.9579E+01 -1.4720E+02
0000566   2.7199E+02  3.1880E+02 -6.0617E+01
0000567   2.5793E+02 -2.7622E+02 -1.7141E+02
0000568   3.6377E+02 -2.3015E+02  1.4537E+02
0000569   3.9877E+02  3.9698E+01 -3.1091E+02
0000570   3.3978E+02 -1.1748E+02 -1.9185E+02
0000571   2.8549E+02  4.3551E+02  8.3643E+00
0000572   4.1768E+02  1.2156E+02  6.8323E+00
0000573   2.9000E+02  1.4437E+02  1.7872E+02
0000575   2.9867E+02 -1.2904E+02 -7.3895E+01
0000576   1.0669E+02  3.0734E+02  6.8045E+01
0000577   5.7712E+02  7.9679E+01  7.6757E+01
0000578   2.3574E+02 -9.2693E+01 -3.5780E+02
0000579   2.8319E+02 -3.1774E+02 -8.4656E+01
0000580   3.8556E+02  5.7480E+01  3.8334E+02
0000581   3.4630E+02  1.1904E+02  2.0153E+02
0000582   4.3032E+02  2.0692E+02 -2.3155E+02
0000583   1.8317E+02  9.6422E+01 -1.3541E+02
0000584   5.2062E+02 -1.4583E+02 -1.7455E+02
0000585   1.9222E+01  4.7959E+01  1.1576E+02
0000586   3.1170E+02  3.9654E+02  2.1153E+02
0000588   3.2679E+02 -6.3674E+01  8.3565E+01
0000589   6.5058E+01  1.6869E+01 -1.5953E+02
0000590   3.3680E+02 -2.1848E+02  4.3471E+01
0000591   1.2710E+02  3.3049E+01 -1.7811E+02
0000592   4.7610E+02  8.4183E+01  2.7571E+01
0000593   6.9074E+01 -8.1516E+01 -1.9883E+02
0000594   2.4413E+02 -6.9703E+01 -1.4034E+02
0000595   1.8028E+02  2.8497E+01  2.5248E+02
0000596   4.1795E+02  2.0970E+02  1.0505E+02
0000597   2.2335E+02  5.6549E+01 -4.7422E+01
0000598   3.2393E+02 -1.9610E+02  1.8505E+01
0000599   3.4100E+02  1.2844E+02 -2.1317E+02
0000600   3.6642E+02 -7.8829E+01 -9.8846E+01
0000601   2.0718E+02 -2.7608E+01 -3.3745E+02
0000602   1.1338E+02 -7.9846E+01 -6.8037E+01
0000603   2.9990E+02 -9.6447E+01  2.3742E+02
0000604   1.7186E+02 -9.8263E+01 -1.2036E+01
0000605   1.1434E+02  2.2320E+00 -4.9828E+01
0000606   5.9588E+01  1.4638E+02  6.1958E+01
0000607   2.8497E+02  2.5750E+02 -2.5455E+02
0000608   4.1216E+02  2.5198E+02  1.2744E+02
0000609   2.2175E+02  1.6804E+02 -1.7125E+02
0000611   3.1523E+01  4.5369E+01 -1.0411E+02
0000612   5.2947E+02  1.9136E+02  8.9266E+01
0000613   5.4101E+02 -3.0170E+02  4.6917E+01
0000614   5.1786E+02  1.7162E+01 -1.9855E+02
0000615   5.6099E+02  4.1348E+00  1.2154E+02
0000616   3.0790E+02 -1.3443E+02 -1.5070E+02
0000617   4.3804E+02  7.8578E+01  8.8842E+01
0000618   5.2025E+02  1.4601E+01 -1.7871E+02
0000619   7.3414E+02 -7.8543E+01  1.1002E+02
0000620   1.7853E+02  5.6412E+01 -7.7506E+01
0000621   2.0257E+01  2.4205E+02  1.8088E+02
0000622   9.7402E+01  3.2919E+01  1.5969E+01
0000623   1.1501E+02 -3.8303E+01  1.4504E+02
0000625   2.5495E+02  3.3874E+02  8.7672E+01
0000626   2.5124E+02  9.2384E+01 -1.7873E+02
0000627   2.3176E+02  1.2160E+01  5.8227E+01
0000628   1.2359E+02  2.2172E+01  3.2380E+02
0000629   4.6635E+02 -1.4307E+02  2.3058E+02
0000630   2.9148E+02 -2.9554E+02  4.9107E+01
0000631   2.2191E+02 -3.5731E+01 -4.1981E+01
0000632   1.9366E+02 -1.2567E+02 -5.0753E+02
0000633   1.8352E+02 -3.0457E+02 -3.1105E+00
0000634   3.0832E+02 -3.5435E+02 -8.6777E+01
0000635   4.1552E+02  3.8721E+01 -9.9091E+01
0000636   2.2652E+02 -1.0582E+02  2.0853E+01
0000637   3.7121E+02  1.8976E+02  3.4103E+02
0000638   5.8693E+02 -8.6437E+01 -1.3335E+02
0000639   3.6810E+02 -2.4117E+02 -1.6761E+02
0000640   2.8979E+02 -2.1792E+02  4.9866E+01
0000641   1.6288E+02 -2.5131E+02  1.7312E+02
0000642   4.1283E+02 -7.1677E+01 -1.1328E+02
0000643   2.0029E+02  7.8469E+01 -1.2850E+02
0000644   2.2490E+02 -1.4205E+02 -1.9310E+02
0000645   2.1572E+02 -2.7770E+02 -1.8382E+02
0000646   6.1779E+02  2.5793E+02 -1.2984E+02
0000647   5.4954E+02 -2.4560E+01  6.9119E+01
0000648   3.2645E+02 -1.0529E+02 -1.0334E+02
0000649   4.6784E+02  2.9755E+02  3.6832E+02
0000650   2.5740E+02  2.7889E+02  1.9592E+02
0000651   3.5771E+02 -6.9515E+01  2.2678E+02
0000652   5.1637E+02  1.9408E+02 -1.8697E+02
0000653   3.4096E+02  1.8145E+02  2.9047E+02
0000654   1.7208E+02 -1.9208E+02 -1.1958E+02
0000655   7.9176E+01  2.1603E+02 -3.0612E+01
0000656   3.5270E+02 -5.6914E+01  1.3156E+02
0000657   2.7739E+02  2.9804E+02 -5.8214E+01
0000658   1.3479E+01  1.1062E+02  1.1330E+01
0000659   2.5734E+02 -2.5726E+02  1.2861E+02
0000660   3.2780E+02  1.6208E+02 -2.2831E+02
0000662   3.9766E+02  1.9073E+02  8.8320E+01
0000663   2.1589E+02 -2.4394E+02  1.3065E+01
0000664   3.6418E+02 -2.8884E+02 -5.2337E+01
0000665   2.3317E+02  5.2574E+01 -2.8575E+02
0000666   2.6664E+02 -1.1897E+02 -4.0950E+01
0000667   4.3594E+02 -2.8822E+02  7.3454E+01
0000668   3.8356E+02  5.0008E+01 -1.7481E+02
0000669   1.2109E+02  9.7208E+01  1.6459E+02
0000670   2.6498E+02 -1.8862E+02 -2.7611E+02
0000671   1.8777E+02 -1.8147E+01 -4.1091E+00
0000672   5.1176E+02  9.1782E+01 -3.1304E+02
0000673   2.1515E+02 -2.3598E+02  7.3369E+01
0000674   3.6989E+02  1.8929E+02 -2.9083E+02
0000676   1.6407E+02 -1.3003E+02 -1.7340E+02
0000677   4.6704E+02  8.5343E+01 -1.4589E+01
0000678   1.2004E+02 -1.6392E+00 -2.9096E+02
0000679   1.4315E+02  6.3358E+01  1.7331E+02
0000680   2.4083E+02 -5.3926E+01  7.0592E+01
0000681   3.2937E+02 -4.8369E+01 -2.0937E+01
0000682   6.9351E+01  2.0454E+02  6.6889E+01
0000683   3.9575E+02  1.6136E+01 -3.8434E+02
0000684   8.9529E+01 -2.7182E+01  2.2838E+01
0000685   3.2631E+02  1.1823E+02 -1.5874E+02
0000686   3.8280E+02 -3.6899E+02  1.0286E+02
0000687   1.0833E+02 -6.3697E+01 -6.7046E+01
0000688   6.2079E+02  1.1881E+02 -1.9984E+02
0000689   5.4433E+02  7.7735E+01  2.2892E+02
0000691   1.4291E+02 -1.1423E+02 -9.7578E+01
0000692   3.0218E+02 -1.1500E+02 -2.2866E+02
0000693   4.5915E+02  1.4951E+02 -2.5455E+02
0000694   3.7867E+02  1.2876E+02  1.3233E+02
0000695   4.9019E+02 -1.5613E+02 -1.3797E+02
0000696   3.1873E+02 -1.8715E+01 -2.2802E+00
0000697   1.7024E+02 -1.8726E+02 -1.1453E+02
0000698   3.2627E+02  1.9050E+01  3.8034E+01
0000699   1.8744E+02 -5.1965E+00 -6.2867E+00
0000700   4.7181E+02 -5.4353E+01 -7.4528E+01
0000701   5.0234E+02  1.9376E+02 -3.9739E+01
0000702   3.0537E+02 -1.4342E+02 -1.3398E+02
0000703   2.7803E+02  2.5960E+02 -2.8822E+02
0000704   1.9047E+02 -5.9080E+01  9.1930E+01
0000705   2.0407E+02  3.6437E+01  1.5489E+02
0000706   3.6788E+02  6.6092E+01  2.9405E+02
0000707   1.7214E+02  3.2647E+02 -2.4418E+02
0000708   3.9524E+02 -1.6002E+02  3.0346E+02
0000709   3.4614E+02  6.2813E+01  8.8383E+01
0000710   2.7435E+02  2.0937E+02 -1.3725E+02
0000711   1.3729E+02  7.1341E+01  2.7486E+02
0000712   5.8713E+02  1.7020E+02  2.8234E+02
0000713   2.7067E+02 -8.2072E+01 -1.4339E+02
0000714   3.1122E+02 -2.0488E+02  2.3795E+02
0000715   1.8834E+02  3.9733E+01  2.9105E+01
0000717   5.4704E+02  1.3639E+01 -2.3149E+02
0000719   1.3300E+02  4.2294E+01 -1.1105E+02
0000721   2.8607E+02 -9.5022E+00  3.6568E+01
0000722   2.5396E+02  7.0647E+01 -7.6037E+01
0000723   7.3402E+02  2.8790E+02 -1.9434E+02
0000724   6.1205E+02 -3.7208E+02  1.0121E+02
0000725   9.6273E+01  2.1609E+02 -1.3585E+02
0000726   1.7729E+02  1.8071E+02  1.4050E+02
0000727   5.9827E+02  2.3048E+02 -3.6833E+01
0000728   3.9320E+02  2.4430E+02 -2.5675E+02
0000729   1.5630E+02 -3.2149E+01  4.6963E+01
0000730   1.5092E+02  6.4614E+01  4.3299E+02
0000731   2.3438E+02  3.0007E+02 -2.2526E+02
0000732   3.5435E+02 -1.3661E+01  1.6174E+02
0000733   5.0526E+02 -2.4711E+02 -7.6192E+01
0000734   2.6235E+02  1.3746E+02  2.7118E+02
0000735   9.7702E+01 -3.1627E+01 -4.1909E+00
0000736   4.5260E+02  8.6475E+01  2.5983E+02
0000737   2.8854E+02  4.2977E+02 -6.4814E+01
0000738   2.1336E+01  3.9165E+01  6.6334E+01
0000739   5.0173E+02  6.9452E+01 -1.2461E+02
0000740   2.3812E+02 -4.3227E+02  1.5075E+02
0000742   1.6227E+02  5.0383E+01  2.3938E+01
0000744   3.1557E+02  1.9708E+02 -4.4698E+01
0000745   4.8361E+02  2.4312E+02  3.3583E+02
0000746   1.4362E+02  3.6566E+00  9.6910E+01
0000747   1.5521E+02 -1.9316E+02 -9.0042E+00
0000748   2.5475E+02 -1.2464E+01  2.9600E+01
0000749   3.5783E+02 -1.3275E+02  2.3814E+01
0000750   1.9986E+02  3.2532E+02  1.3982E+02
0000751   1.7481E+02  9.7107E+01 -4.6056E+00
0000752   4.3195E+02  1.1783E+02 -1.5670E+02
0000753   1.9916E+02  6.1621E+01  3.9717E+01
0000754   5.4748E+02 -1.4886E+02 -8.8467E+01
0000755   7.3047E+01  2.3263E+01 -3.9044E+02
0000756   3.1790E+02 -8.1464E+01 -3.4949E+02
0000757   1.2347E+02 -2.1136E+02 -4.4102E+02
0000758   1.3189E+02 -1.2942E+02  1.5813E+01
0000759   5.5277E+01  1.9809E+02 -1.2882E+02
0000760   4.3785E+02 -3.2303E+02 -4.8925E+01
0000761   3.4550E+02  1.3206E+02  4.1561E+02
0000762   2.2889E+02  3.2461E+02 -2.5834E+02
0000763   5.4256E+02 -4.0317E+02  3.3778E+01
0000764   3.7017E+02 -9.4661E-01  4.3992E+02
0000765   9.9563E+01  1.3262E+02 -2.7280E+01
0000766   3.8379E+02  4.4226E+02  3.5941E+01
0000767   2.4096E+02  1.4051E+02  4.0569E+02
0000768   2.7548E+02 -5.9263E+00  8.7606E+01
0000769   4.3459E+01  5.0943E+01 -4.1644E+01
0000770   5.6584E+02 -2.0327E+02 -1.1717E+02
0000771   4.5768E+02 -8.5770E+01 -2.0901E+02
0000772   3.6581E+02  4.1909E+02 -2.1908E+02
0000773   6.7313E+02  1.0257E+01  1.5038E+02
0000774   2.2561E+02 -2.0023E+02  2.2403E+02
0000775   1.1620E+02 -3.4974E+02  7.9916E+00
0000776   3.7995E+02  4.4516E+02  3.3004E+02
0000777   3.5913E+02  2.0133E+01  4.4974E+01
0000778   2.5752E+02 -2.0238E+01 -1.9421E+02
0000779   2.2090E+02  1.2661E+02 -2.4806E+02
0000780   4.2463E+02 -3.5856E+01 -3.9930E+00
0000781   4.1645E+02  8.4260E+01  3.4453E+02
0000782   2.2392E+02 -3.5690E+02  5.6221E+01
0000783   1.2076E+02 -1.3782E+02  1.9142E+02
0000784   2.3088E+02 -1.6250E+02 -1.2100E+02
0000785   5.0990E+02 -5.4974E+01 -5.1916E+01
0000787   3.0906E+02 -1.9471E+02  2.4489E+02
0000788   3.4059E+02  8.4906E+01 -2.7371E+02
0000789   1.5255E+02  2.9374E+01 -3.6502E+01
0000790   2.3465E+02 -3.4298E+01 -5.1406E+01
0000792   3.3342E+02 -9.9805E+01 -4.9566E+01
0000793   1.3941E+02  9.0379E+01  2.0365E+02
0000794   3.3731E+02 -1.1512E+02 -2.1497E+01
0000795   4.1351E+02 -3.9779E-01  3.1501E+01
0000796   9.4560E+01  7.2909E+01 -8.8091E+01
0000797   2.7532E+02  2.7163E+02  2.4105E+02
0000798   5.4649E+02 -3.4323E+02  1.7589E+02
0000799   4.0317E+02  7.5327E+00 -1.4575E+02
0000800   2.8243E+02  1.1969E+02  7.8146E+00
0000801   6.5714E+01  9.6967E+01 -1.5566E+02
0000802   7.5092E+01  4.1816E+01 -1.5800E+02
0000803   2.6304E+02 -3.5424E+02  2.4633E+02
0000804   4.0704E+02 -2.4887E+01 -2.7892E+02
0000805   1.9281E+02  3.3586E+00  8.1113E+01
0000806   2.2069E+02  2.8779E+02  1.4802E+02
0000807   2.4166E+02  3.6174E+01 -3.4959E+01
0000808   1.1787E+02 -1.4278E+02 -7.6948E+01
0000809   2.0196E+02 -4.6956E+01  1.2433E+02
0000810   1.3093E+02 -3.9582E+01 -1.6799E+02
0000811   1.6704E+02  3.3084E+02  1.9542E+02
0000812   5.6779E+02  2.2102E-01 -1.0929E+02
0000813   4.1035E+02  1.7199E+02 -5.1281E+00
0000814   1.7352E+02 -3.0216E+02 -3.6424E+02
0000815   2.7704E+02 -1.0605E+01  3.0316E+02
0000816   4.8657E+02  2.7229E+02 -3.2047E+02
0000817   5.7702E+02  1.4728E+02 -9.3224E+01
0000818   2.7276E+02  1.4879E+02  1.0890E+02
0000819   4.2181E+02 -1.3980E+02  2.6455E+02
0000820   3.3611E+02  3.9767E+02 -1.6598E+02
0000821   4.3919E+02 -8.7437E+01  1.7940E+02
0000822   1.7980E+02 -2.1884E+02 -3.3881E+01
0000823   6.3229E+01 -8.4337E+01 -2.1018E+02
0000825   4.9915E+01  3.1680E+02 -9.1129E+01
0000826   2.0205E+02 -8.0071E+01 -1.9717E+02
0000827   2.7504E+02 -4.0374E+01 -8.0569E+01
0000828   7.8348E+01  7.1366E+01  1.9308E+02
0000829   2.4985E+02  1.5726E+02 -1.3010E+02
0000830   5.7017E+02  5.1044E+01  2.5474E+02
0000831   3.4540E+02 -1.1005E+01 -1.9000E+02
0000832   1.9369E+02 -1.2499E+02  1.2644E+02
0000833   2.8520E+01  1.8601E+02  4.8558E+01
0000834   4.0053E+02  5.2893E+01  4.7702E+02
0000835   2.6249E+02  9.6679E+01  7.9075E+01
0000836   2.2205E+02 -8.6863E-02 -2.8192E+02
0000837   5.9450E+02 -9.0051E+00 -1.4141E+02
0000838   1.8795E+02  5.2745E+01  3.4122E+01
0000839   4.1671E+02 -2.8978E+01  5.6781E+01
0000840   4.3922E+01  7.2701E+01 -1.2013E+02
0000842   1.7811E+02  1.1893E+02  4.0757E+01
0000843   3.3065E+02  6.0711E-01  2.4451E+02
0000844   3.3681E+02 -2.3949E+02 -1.9044E+02
0000845   6.3500E+02 -1.1286E+02  1.1797E+02
0000846   2.0324E+02  2.7351E+02  6.4355E+01
0000847   4.5527E+02 -2.1319E+02 -4.4732E+01
0000848   2.0725E+02  2.1920E+02 -2.2821E+02
0000849   2.6739E+02 -1.9521E+02  6.2763E+01
0000850   9.1719E+01 -1.5985E+01  1.1621E+02
0000851   3.3410E+02  2.8466E+02  2.1517E+02
0000852   4.8846E+02 -3.4558E+01  9.3505E+01
0000853   1.1570E+02 -2.6567E+02  2.4044E+02
0000854   5.2733E+02 -1.5544E+01  6.8820E+01
0000855   5.7610E+02 -1.0631E+02  1.3966E+02
0000856   4.6352E+02 -3.1321E+02  8.1536E+01
0000857   4.6092E+02  4.7836E+01  3.7179E+01
0000858   8.3253E+01 -4.6563E+01  1.5696E+01
0000859   1.5071E+02  2.4280E+02  5.7832E+00
0000860   3.6672E+02 -1.2392E+02  7.7456E+01
0000861   1.1887E+02  1.4671E+02 -2.2093E+02
0000862   1.6847E+02  5.4462E+01  1.4917E+02
0000863   7.2853E+01  1.2160E+01 -7.9390E+01
0000864   4.5634E+01 -5.4394E+01  1.6742E+01
0000865   4.9913E+02  1.2548E+02 -3.0745E+02
0000866   3.5130E+02  1.8434E+02  9.8882E+01
0000867   1.8800E+01  1.9071E+01  5.1651E+00
0000868   5.1750E+02  3.7787E+02 -4.6530E+01
0000869   1.8367E+02  2.6081E+01  2.1849E+02
0000870   4.1312E+02  9.0918E+01  2.5448E+02
0000871   3.6080E+02  5.5390E+02 -1.1446E+02
0000872   3.9884E+02  6.0894E+01  1.9666E+02
0000873   2.8851E+02 -1.7288E+02  8.8666E+00
0000874   4.5938E+02  6.4631E+01 -1.8715E+02
0000875   1.8650E+02 -9.4290E+01  3.0557E+02
0000876   3.3660E+02 -1.7652E+02 -8.9106E+01
0000877   1.8873E+02 -3.7931E+01  4.8533E+01
0000879   2.7089E+02  5.2781E+01 -3.7575E+02
0000880   5.5607E+02  2.7362E+02  1.1672E+02
0000881   2.1857E+02  2.0634E+02  3.8866E+02
0000882   1.5560E+02 -2.7552E+01  9.1343E+01
0000883   3.9613E+02  5.4570E+01  9.4518E+01
0000884   2.0781E+02 -2.0222E+02 -2.0017E+01
0000885   2.8907E+02  2.0621E+02 -2.5659E+02
0000886   5.0519E+02  1.5015E+02  3.4433E+02
0000887   4.9795E+02  1.7891E+02  1.2479E+02
0000888   9.3950E+01 -2.3642E+02  1.4437E+02
0000889   2.6816E+02  1.2050E+02  2.3773E+02
0000890   1.6650E+02  1.6487E+02 -3.3943E+02
0000891   5.4053E+02 -1.3962E+01 -3.5081E+01
0000892   6.7545E+02 -2.1973E+02  1.1545E+02
0000893   1.0009E+02  2.2293E+02  2.4058E+02
0000894   1.4204E+02 -1.9995E+02  3.7521E+02
0000895   4.2193E+02 -5.1298E+01  3.6103E+01
0000896   3.4914E+02 -1.5137E+01  3.2815E+02
0000897   9.4488E+01  5.2938E+01  1.0062E+02
0000898   3.2071E+02 -1.2180E+02 -1.4036E+02
0000899   1.8197E+02 -5.1195E+00  5.5788E+01
0000900   3.9598E+02 -1.8680E+02 -7.1349E+01
0000901   3.2147E+02  2.4873E+02 -4.3840E+01
0000902   3.0845E+02 -3.5868E+01  2.3568E+02
0000903   1.2933E+02 -2.1606E+02 -1.4442E+02
0000904   7.8762E+01  7.8473E+01  2.0283E+02
0000905   3.5276E+02  1.6151E+02 -2.3206E+02
0000906   2.8076E+02  1.2971E+01 -6.1352E+01
0000907   2.3648E+02  6.8756E+01 -1.4354E+02
0000908   3.2262E+02 -3.0976E+01 -6.5000E+01
0000909   1.6247E+02  9.5171E+01 -1.5756E+00
0000910   3.7684E+02 -1.4218E+02  7.0905E+01
0000911   4.6037E+02 -2.0407E+02 -8.4147E+01
0000912   1.6027E+02  1.0598E+02  2.6105E+01
0000913   2.6580E+02 -5.7597E+01  1.0024E+02
0000914   1.8867E+02  9.8128E+01 -3.7118E+01
0000915   4.9354E+02 -1.1413E+01  1.0751E+02
0000916   2.6410E+02 -3.1702E-01  1.5362E+02
0000917   2.9593E+02 -6.1581E+01  7.9135E+01
0000918   2.0961E+02  6.7445E+00  3.2893E+01
0000919   1.9991E+02  6.4899E+01  5.9934E+01
0000920   1.1205E+02 -1.2786E+02  2.0139E+02
0000921   5.7038E+02 -1.8350E+02 -1.2647E+02
0000922   4.1643E+02 -1.6287E+01 -9.6870E+00
0000923   8.3611E+02 -6.8624E+01  1.1108E+02
0000924   2.9703E+02 -1.0922E+02 -2.7870E+01
0000925   4.6455E+02  1.9571E+02 -5.6383E+01
0000926   3.7699E+02  8.1276E+01 -1.5288E+00
0000927   5.1993E+02 -1.1610E+02 -1.8630E+02
0000928   1.5679E+02 -2.3728E+02  1.5124E+02
0000930   2.2748E+02  9.4120E+00  3.0303E+02
0000931   1.4159E+02  2.0079E+02  1.9939E+02
0000932   2.8951E+02 -1.4303E+02 -6.3361E+01
0000933   3.2091E+02 -7.3404E+01  2.4346E+01
0000934   5.2649E+02 -1.7487E+02  6.7499E+01
0000935   9.2517E+01 -1.6613E+02  4.9841E+01
0000936   2.7979E+02  9.9987E+01  1.0487E+02
0000937   1.7326E+02 -3.1135E+01 -1.3375E+02
0000938   2.8815E+02 -3.1151E+02  2.4478E+02
0000939   4.2354E+02  1.4358E+02 -4.6983E+02
0000940   2.8105E+01 -1.9462E+02 -1.2090E+02
0000941   2.2896E+02 -2.0374E+02 -4.8240E+01
0000942   3.8747E+02 -6.6570E+01 -8.5192E+01
0000943   3.1755E+02 -3.5828E+02  1.8881E+02
0000944   3.4951E+02  3.4402E+02 -1.5698E+02
0000945   4.0942E+02 -2.1136E+02 -3.8966E+01
0000946   1.2460E+02  9.1465E+01 -1.8271E+02
0000947   4.6135E+02 -3.2913E+01 -1.0988E+02
0000948   2.7671E+02  1.1156E+02  1.3096E+02
0000949   4.4375E+01  4.4797E+01 -1.0678E+01
0000950   3.2887E+02  1.3374E+02  1.8716E+02
0000951   4.9747E+02  1.4389E+02  7.9484E+01
0000952   4.3543E+02 -2.1640E+02 -1.1464E+02
0000953   4.1462E+02 -2.7428E+02 -1.1160E+00
0000954   6.1497E+02 -3.9071E+02 -2.0213E+02
0000955   1.2295E+02  3.3369E+02 -8.7376E+01
0000956   6.0029E+01 -1.9118E+02 -2.4426E+00
0000957   2.0075E+02 -1.2345E+02  1.6924E+01
0000958   3.6299E+02 -8.6732E+01 -5.9065E+01
0000959   4.1897E+02  1.2486E+02 -1.5199E+02
0000960   4.6990E+02 -5.4010E+01 -1.2339E+00
0000961   1.2580E+02 -7.3326E+01 -2.9028E+01
0000962   2.3117E+02  2.1367E+02 -1.9410E+02
0000963   5.6516E+02  1.7317E+02 -1.1644E+02
0000964   2.1409E+02  7.8191E+01  5.0659E+01
0000965   1.2074E+02  1.3855E+02 -6.5042E+00
0000966   1.1376E+02  1.1500E+02  4.9447E+01
0000967   5.4729E+02  2.3540E+02  2.1465E+02
0000968   4.4116E+02 -6.0746E+01  6.7713E+01
0000969   1.8045E+02 -2.0476E+00  3.1492E+02
0000970   1.3047E+02  2.5921E+02  2.0366E+02
0000971   4.6415E+02 -2.0280E+02  3.8667E+02
0000972   1.6622E+02 -1.6503E+02  3.8188E+01
0000973   3.1505E+02  5.6168E+01 -4.0109E+01
0000974   2.7314E+02  1.1117E+02 -1.8323E+02
0000975   2.2051E+02 -4.1993E+01  5.7179E+01
0000976   4.3713E+02  1.4504E+02  2.4392E+01
0000977   3.4560E+02 -1.7988E+02  3.8488E+00
0000978   4.9649E+02  4.4678E+01  1.5160E+02
0000979   4.0807E+01  3.3002E+02  1.8838E+01
0000980   2.2268E+02  6.0600E+01  2.3410E+00
0000981   1.6748E+02 -3.4010E+02 -2.8793E+02
0000982   2.2730E+02 -2.5778E+02  6.1683E+01
0000983   2.0682E+02 -1.3397E+02 -2.1957E+02
0000985   1.6810E+02  8.9688E+01 -4.7668E+01
0000986   1.4720E+02 -2.4118E+01 -5.8211E+01
0000987   6.8321E+02  3.0030E+02  1.3737E+02
0000988   3.3981E+02 -2.8386E+02  1.0188E+02
0000989   4.1720E+02 -9.4369E+01  1.3160E+02
0000990   5.5966E+02 -7.0191E+01  2.0360E+02
0000991   5.4901E+02 -8.9587E+01  1.1402E+02
0000992   3.6466E+02  1.8851E+01 -5.1529E+02
0000993   3.7947E+02  1.8146E+02 -4.9044E+01
0000994   1.3467E+02 -6.5821E+01  6.5864E+01
0000995   1.8549E+02  3.2315E+02  3.2321E+02
0000996   3.5292E+02  1.0887E+02  2.6964E+02
0000997   1.6979E+02  1.2730E+02 -6.6812E+01
0000998   2.7091E+02  5.9881E+01  9.4849E+01
0000999   6.3126E+01  2.1075E+02 -1.2390E+02
0001000   3.7264E+02  1.2623E+02  3.8848E+01
