============================== SRIM-2013.00 ==============================
==============================================================================
====== SRIM Outputs\RANGE_3D.txt : File of Final Ion Positions =====

Ion =  F (09)   Ion Mass= 018.9984
Energy  = 3000000.E-05 keV
Ion Angle to Surface = 00.0 degrees
==================== TARGET =======================
  Layer # 1 - None
  Layer # 1 - Bottom Depth=500000.E-01 A
  Layer # 1 - Density =0007.8700 g/cm3
  Layer # 1 -  100 % of Fe
ÍÍÍÍÍÍÍÍÍÍÍÍÍÍÍÍÍÍÍÍÍÍÍÍÍÍÍÍÍÍÍÍÍÍÍÍÍÍÍÍÍÍÍÍÍÍÍÍÍÍÍÍ
                                            
Ion       Depth  X   Lateral Y   Lateral Z  
Number    (Angstrom) (Angstrom)  (Angstrom) 
-------  ----------- ----------- -----------
0000001   4.4614E+02  4.9806E+01 -9.3152E+01
0000002   3.5777E+02 -7.0543E+01 -4.0173E+01
0000003   5.0994E+02  2.2582E+02 -1.0074E+01
0000004   1.0059E+02  1.6149E+02 -1.7885E+02
0000005   6.3503E+01 -5.1080E+01  1.7849E+02
0000006   1.2184E+01  1.3513E+01 -5.3435E+01
0000007   2.8523E+02  2.2215E+02 -3.0300E+02
0000008   1.7999E+02 -3.9312E+01 -2.5961E+02
0000009   5.3415E+01  6.0513E+01  1.4228E+02
0000010   3.4787E+02  1.1939E+02 -2.5486E+01
0000011   3.1587E+02  2.4128E+02 -2.8279E+02
0000012   8.6006E+01 -2.9223E+00  1.5445E+01
0000013   1.3551E+02 -1.9858E+02  3.0656E+02
0000014   3.4434E+02  1.7758E+02  2.8669E+02
0000015   1.9005E+02 -1.0651E+02 -1.7306E+01
0000016   2.6613E+02  1.2255E+01 -1.3979E+02
0000017   3.5979E+02  5.7256E+01  2.8028E+02
0000018   1.1517E+02 -3.9051E+01 -1.7343E+02
0000019   2.3601E+02 -2.0130E+01  6.8174E+01
0000020   3.5128E+02 -2.6971E+02  1.8135E+01
0000021   1.0118E+01  5.7535E+01  9.8968E+01
0000022   5.1926E+02  4.5129E+01  1.0716E+02
0000023   2.1424E+02  1.4795E+02  2.3431E+02
0000024   3.3994E+02  9.4150E+00 -1.4073E+02
0000025   1.8247E+02  7.5207E+00 -1.0456E+02
0000026   2.3779E+02  3.6059E+01  1.9085E+02
0000027   6.8415E+02 -9.7982E+01 -1.8145E+02
0000029   1.5579E+02 -8.6963E+01  1.8476E+02
0000030   1.0181E+02  3.2593E+01  1.1142E+02
0000031   3.5489E+02  1.6811E+02 -7.8488E+01
0000032   1.4960E+02  8.3436E+01 -1.6311E+02
0000033   2.7920E+02  3.7221E+02 -2.8162E+01
0000034   1.8909E+02 -1.7464E+01 -9.8679E+01
0000035   3.1702E+02  1.0409E+02 -1.8164E+02
0000036   4.1404E+02 -5.3228E+01 -1.0984E+02
0000037   5.5281E+02 -2.1819E+02 -1.1300E+02
0000038   4.4641E+01 -3.1200E+01 -1.3811E+02
0000039   2.7240E+02 -4.0095E+00  1.6138E+02
0000040   5.0436E+02 -1.0193E+02  6.3976E+01
0000041   3.4165E+02 -3.6577E+02  8.2793E+00
0000042   1.7773E+02 -3.0359E+01 -1.4687E+02
0000043   2.6361E+02 -1.9468E+02 -8.9727E+01
0000044   3.2868E+02  2.0520E+01  1.5388E+02
0000045   2.4762E+02  2.1528E+01  1.9384E+02
0000046   2.5824E+02 -8.1878E+01  5.7456E+01
0000047   1.1826E+02 -4.8332E+01  2.7922E+02
0000048   4.5137E+02 -6.4255E+01  9.5835E+01
0000049   3.7742E+01 -1.4844E+02 -1.8399E+02
0000050   1.1920E+02 -1.4849E+02  1.6066E+02
0000051   4.5873E+01  1.4787E+02  6.6559E+01
0000052   1.3364E+02 -2.8499E+02  2.5465E+02
0000053   3.1021E+02 -2.1816E+01 -2.6465E+02
0000054   2.1581E+02 -2.4934E+01  1.4877E+02
0000055   2.5861E+02 -3.4928E+02  1.2120E+01
0000056   3.9532E+02 -2.1761E+02  3.7258E+02
0000057   1.1467E+02  1.4792E+02  2.7950E+02
0000058   2.1118E+02  2.4713E+02  2.7518E+01
0000059   1.7024E+02  1.9020E+02 -5.9461E+01
0000060   5.0485E+02  1.3494E+02  7.7288E+01
0000061   1.4729E+02  1.0325E+02 -2.7150E+02
0000062   1.8601E+02 -6.0797E+01 -9.7629E+00
0000063   5.1334E+02 -1.3035E+02 -2.8837E+02
0000064   4.9692E+02 -4.0999E+01 -1.3560E+02
0000065   3.7275E+02  5.3567E+01 -2.2278E+02
0000066   3.2797E+02  1.3486E+02 -3.7190E+00
0000067   4.5379E+02  2.1825E+02 -9.7984E+01
0000068   2.7012E+02 -8.8159E+01 -1.2089E+02
0000069   8.1292E+01  3.0136E+01  1.2797E+02
0000070   4.0658E+02  2.7846E+02  2.2573E+02
0000071   1.4981E+02 -3.6079E+01 -8.6528E+01
0000072   5.9423E+02  1.0547E+02  1.5521E+02
0000073   2.5328E+02  9.6797E+00  1.4593E+01
0000074   2.8588E+02 -3.4556E+01 -1.4318E+02
0000075   4.6083E+02 -1.5664E+02 -2.7083E+02
0000076   5.5090E+02 -1.6846E+02  2.7123E+02
0000077   3.7066E+02  1.4328E+02  2.7972E+02
0000078   1.3204E+02  4.7513E+01  1.9390E+02
0000079   1.9152E+02 -1.6207E+01  3.2973E+02
0000080   2.7021E+02 -6.3033E+00 -2.6536E+02
0000081   2.5508E+02  1.0162E+00  7.9246E+01
0000082   2.0350E+02 -5.2601E+01  2.9638E+02
0000083   3.9711E+01 -1.1579E+02 -9.9427E+01
0000084   5.2127E+02  1.1822E+02 -1.6849E+02
0000085   1.4958E+02 -2.0688E+02 -1.4307E+02
0000086   1.6320E+02 -2.0523E+02 -1.1908E+02
0000087   3.7316E+02 -2.0288E+02  8.4265E+01
0000088   1.5208E+02  1.8156E+02  3.9799E+01
0000089   2.9653E+02 -8.1175E+01 -2.9060E+02
0000091   4.2016E+02  1.4154E+02  5.7769E+01
0000092   3.2637E+02  4.8942E+02 -1.8225E+02
0000093   1.0706E+02  1.6655E+02 -1.0029E+02
0000094   1.3393E+02 -5.8545E+01 -8.8787E+01
0000095   1.7345E+02  1.8744E+02 -5.8523E+01
0000096   2.2566E+02 -3.3908E+02 -2.1296E+02
0000097   5.5522E+02  2.4139E+02  5.3964E+01
0000098   2.4330E+02 -4.6447E+01 -5.1242E+01
0000099   2.9528E+02 -1.1244E+02  2.4400E+02
0000100   1.9106E+02  4.3629E+01 -7.7361E+01
0000101   3.0111E+02 -2.2376E+01  2.2576E+02
0000102   5.6092E+02  5.6178E+01 -3.8722E+02
0000103   1.6276E+02 -7.9461E+01 -6.5027E+01
0000104   2.5484E+02 -2.2469E+02 -2.8870E+02
0000105   4.2205E+02 -2.4654E+02 -9.0558E+01
0000106   4.4336E+02 -9.6942E+01 -6.6526E+01
0000107   4.3094E+02  3.6264E+01 -3.8141E+01
0000108   2.1416E+02  3.7572E+01 -3.3445E+01
0000109   4.3380E+02 -3.4858E+02 -3.8698E+02
0000110   6.2553E+02  3.2117E+01  1.5697E+02
0000111   4.0113E+02 -1.8680E+02 -1.1260E+00
0000112   6.1959E+02  4.7248E+01  5.5182E+01
0000113   5.0882E+01  4.2875E+01 -2.8767E+02
0000114   4.4438E+02 -2.7212E+01  1.0024E+02
0000115   4.4512E+02  1.0913E+02  8.1191E+01
0000116   2.6256E+02  3.2756E+02  2.0308E+02
0000117   1.1434E+02 -3.4746E+01 -5.0678E+00
0000118   7.4644E+02 -1.5961E+01 -1.8366E+01
0000119   3.1882E+02 -1.5230E+02  1.9499E+02
0000120   3.0114E+02  1.3157E+01 -1.2321E+02
0000121   2.6212E+02  9.3663E+01 -6.6544E+01
0000122   2.2288E+02 -7.5357E+01 -5.9543E+01
0000123   3.6401E+02 -9.1575E+00 -2.3870E+02
0000124   2.1410E+02 -1.1261E+01 -1.1380E+02
0000125   3.0165E+02  2.2282E+01  3.0616E+01
0000126   4.5590E+02  1.3886E+01 -2.6272E+02
0000127   3.6894E+02  2.8914E+02 -1.7652E+01
0000128   1.5019E+02 -4.0433E+02 -8.0784E+01
0000129   1.9769E+02  2.4393E+02 -7.8082E+01
0000131   3.1052E+02 -3.6996E+02 -1.3230E+02
0000132   2.6374E+02 -1.3343E+02  1.3942E+02
0000133   4.3689E+02 -1.8696E+02 -2.6817E+01
0000134   1.5921E+02  1.6275E+02  3.2681E+02
0000135   3.0960E+01 -8.4118E+01 -6.8746E+00
0000136   1.8579E+02  1.4190E+02  7.8927E+01
0000137   3.8026E+02  1.0732E+02  5.3160E+01
0000138   4.9349E+02  2.4648E+02  1.2878E+02
0000139   1.0774E+02 -9.5146E+01 -9.0459E+01
0000140   1.1476E+02 -1.1322E+02 -8.2300E+01
0000142   5.3832E+02  1.2304E+02 -2.0903E+02
0000143   2.4838E+02 -2.5733E+02 -2.3196E+02
0000144   1.3752E+02  1.2029E+02  2.0425E+02
0000145   4.3540E+02  1.4657E+02 -3.7133E+00
0000146   2.5599E+02  7.8464E+01 -3.7058E+01
0000147   4.7397E+02  3.2986E+01  3.7534E+01
0000148   6.2191E+01  2.2400E+02 -2.5611E+02
0000149   3.6623E+02 -2.5748E+02  9.9127E+01
0000150   4.3289E+02 -2.8610E+02 -3.1835E+02
0000151   4.4376E+02 -3.5747E+02  5.8490E+00
0000152   5.4881E+02  8.9604E+01 -1.0394E+02
0000153   4.1972E+02  2.4220E+02 -2.1337E+01
0000154   2.6513E+02 -2.6535E+02  9.9103E+01
0000155   2.1062E+02  1.1204E+02 -1.4810E+02
0000156   3.6997E+02  1.8565E+02  8.4680E+01
0000157   2.5758E+02 -4.7005E+02  8.6291E+01
0000159   2.6356E+02  3.2573E+02  1.4009E+02
0000160   1.0854E+02 -2.3338E+02  1.3919E+02
0000161   3.0106E+02 -1.8117E+02  9.0645E+01
0000162   2.5357E+02 -4.0205E+01  3.2735E+01
0000163   3.9297E+02 -2.5612E+02  7.8601E+01
0000164   1.5326E+02  1.0993E+02  8.9290E+00
0000165   3.4857E+02 -9.1192E+01  1.0832E+02
0000166   3.2368E+02  9.8784E+01  2.1442E+02
0000167   1.7986E+02 -9.1793E+01  1.4695E+02
0000168   3.3537E+02  5.0801E+01 -2.1172E+01
0000170   4.5442E+02  2.4717E+02 -1.0783E+02
0000171   4.3931E+02 -1.4576E+02  1.8551E+02
0000172   1.3256E+02 -8.1240E+00 -4.9750E+01
0000173   3.1911E+02  3.4822E+02  5.3796E+01
0000174   2.2776E+02 -4.1173E+01 -6.8440E+01
0000175   3.5334E+02  1.4527E+02 -1.3419E+02
0000176   1.8699E+02  1.0239E+02 -4.7090E+01
0000178   6.2093E+01 -1.9678E+02 -6.8416E+01
0000179   1.0226E+02 -2.8802E+00  1.8296E+01
0000180   3.1788E+02  2.1749E+02  5.4650E+01
0000181   4.5887E+02  1.4345E+02  1.2865E+02
0000182   3.0490E+02 -2.0713E+02 -2.0258E+02
0000183   4.7561E+02 -1.0664E+01 -2.2361E+02
0000184   1.9906E+02  1.9742E+02  4.4996E+01
0000185   2.4568E+02  1.6589E+02 -9.5106E+01
0000186   4.1669E+02 -8.8078E+01 -2.5016E+01
0000187   4.1140E+02 -1.6994E+02  1.1804E+02
0000188   1.2421E+02 -6.9071E+01  9.1371E+01
0000189   1.6737E+02  5.6978E+01 -6.3102E+01
0000191   3.8567E+02  1.5481E+02 -2.8220E+01
0000192   2.7458E+02 -1.7735E+01 -1.8554E+02
0000193   3.2739E+02  1.8095E+01 -4.5513E+02
0000194   1.5541E+02 -7.1202E+01 -1.7881E+02
0000195   3.5968E+02 -1.6479E+02  1.7128E+02
0000196   1.4421E+02 -4.2333E+02 -1.2410E+02
0000197   4.5956E+02  8.9629E+01  1.5419E+02
0000198   2.7802E+02 -2.2112E+02  1.5020E+02
0000199   3.5419E+02 -2.3867E+02 -2.7586E+00
0000200   4.4810E+02 -4.0270E+01  2.3892E+02
0000201   4.9706E+02  2.2124E+02  1.4746E+02
0000202   7.1519E+01  5.2869E+01 -5.9207E+01
0000203   9.1174E+01 -2.2284E+02  1.7720E+02
0000205   3.0864E+02  4.4080E+01  3.4025E+02
0000206   5.5447E+02  1.4217E+02  5.0959E+01
0000207   2.6770E+02 -2.8090E+02 -6.4917E+01
0000208   6.1278E+02  1.2910E+02 -2.4922E+01
0000209   6.2010E+01 -3.0686E+01 -7.6810E+01
0000210   3.7068E+02 -3.2040E+02  5.7800E+01
0000211   2.3922E+02 -1.3194E+02  5.0981E+01
0000212   2.8867E+02  3.6806E+01  4.8694E+00
0000213   1.0992E+02 -6.3741E+01  1.3822E+01
0000214   1.9717E+02  1.9589E+02 -1.2596E+02
0000215   6.2728E+02 -2.2089E+01 -5.9459E+01
0000216   3.6123E+02  3.2987E+02  1.6517E+02
0000217   3.5361E+02 -5.2716E+01  8.4175E+01
0000218   4.2952E+02  1.3602E+00  1.3975E+02
0000219   3.9190E+02  1.4632E+01 -4.7145E+01
0000220   2.8296E+02 -6.0618E+00  7.0513E+01
0000221   2.6842E+02  1.8657E+02 -1.9495E+02
0000222   3.8218E+02  8.9274E+01  4.1710E+01
0000223   3.0258E+02 -3.4301E+02 -1.2486E+02
0000224   3.5419E+02 -1.5849E+01  2.3854E+02
0000225   2.0147E+02  9.4059E+00  3.3999E+02
0000226   3.6982E+02 -8.7561E+01 -1.4105E+02
0000227   5.4286E+02  2.9926E+02 -2.8708E+02
0000228   2.9419E+02 -1.4192E+02  5.8783E+01
0000229   9.7606E+01 -2.5458E+02 -1.4150E+02
0000230   4.3893E+02  2.2781E+02  1.1781E+02
0000231   1.6478E+02  2.0118E+01 -1.0885E+02
0000232   1.9563E+02  1.2430E+01 -1.1466E+02
0000233   1.9892E+02  1.4747E+02  2.9750E+02
0000234   5.6364E+02 -2.9629E+01  1.9389E+02
0000235   1.7386E+02  1.6434E+02  6.4044E+01
0000236   2.1761E+02 -1.2328E+02  1.8669E+02
0000237   5.1208E+02 -2.0077E+02  1.0106E+02
0000238   2.4600E+02  3.7431E+02  1.2731E+02
0000239   9.3305E+01  4.6314E+01 -9.9377E+01
0000240   1.1552E+02  1.0516E+02  6.4018E+01
0000241   2.6338E+02 -1.9532E+02 -1.1413E+02
0000242   2.7233E+02  6.6555E+01 -1.4843E+02
0000243   2.3382E+02 -2.2528E+02  1.8381E+02
0000244   3.7839E+02 -4.2075E+01 -9.5878E+01
0000245   2.7677E+02 -1.0005E+02 -4.3116E+01
0000246   1.5803E+02 -6.3410E+01 -6.1041E+01
0000247   1.6290E+02 -1.5626E+02  4.6570E+01
0000248   1.8954E+02 -8.2161E+01 -1.7111E+02
0000249   1.6955E+02 -1.4724E+02  2.9477E+02
0000250   2.6463E+01  1.4470E+02  2.3308E+02
0000251   5.7644E+01 -3.0857E+02 -5.2101E+01
0000252   1.2454E+02 -3.2106E+02 -1.3482E+02
0000253   3.0965E+01 -3.0741E+02  1.0847E+02
0000254   2.5429E+01  4.1064E+01  3.9927E+02
0000255   1.6737E+02  7.0513E+01 -2.1172E+02
0000256   3.4050E+02  5.9360E+01 -6.9265E+01
0000257   2.6999E+02  3.8533E+02  1.5259E+02
0000258   3.9239E+02 -1.7812E+02 -4.9964E+01
0000259   1.7387E+02 -3.4850E+02 -3.2351E+02
0000260   1.5994E+02  8.7948E+01  1.8001E+02
0000261   2.9722E+02  1.1098E+02  2.9023E+01
0000262   1.4391E+02  1.2357E+02  1.7165E+02
0000263   1.7914E+02 -7.3031E+01  2.0530E+02
0000264   1.7258E+02  6.1565E+01  1.0542E+02
0000265   1.8381E+02 -2.0114E+02 -1.6219E+02
0000266   5.4335E+02 -5.4083E+01 -5.7377E+01
0000267   2.2632E+02  8.5763E+01  1.3254E+02
0000268   2.7122E+02  2.1346E+02 -2.4203E+02
0000269   2.0230E+02 -8.0679E+01  4.6836E+01
0000270   1.4692E+02  5.1548E+01 -4.0656E+02
0000271   6.0962E+02 -2.8504E+02 -1.3161E+02
0000272   4.1886E+02 -1.5304E+02 -1.6198E-01
0000273   2.1740E+02 -2.6560E+02 -3.1372E+02
0000274   2.1782E+02  1.9394E+02  2.5039E+02
0000275   2.7399E+02  1.1720E+02  2.5690E+02
0000276   7.1498E+01  5.2374E+01 -7.9020E+01
0000277   2.4029E+01 -2.4600E+02 -2.4819E+01
0000278   1.1939E+02 -9.5951E+01 -1.7473E+02
0000279   4.4681E+02 -2.6332E+02 -1.2217E+02
0000280   5.2017E+02  1.0527E+02  6.9813E+01
0000282   2.5994E+02 -1.0287E+02 -8.6541E+00
0000283   2.9243E+02 -2.3903E+01  4.5815E+01
0000284   2.2479E+02  5.8313E+01  1.5924E+02
0000285   5.9120E+02 -8.9082E+00 -2.4861E+02
0000287   1.9780E+02 -5.1927E+01 -1.3523E+02
0000288   2.7782E+02  2.6606E+02  2.3620E+02
0000289   1.5277E+02 -4.0373E+01  8.6876E+01
0000290   1.2716E+02 -1.1630E+02 -3.0168E+02
0000291   6.9343E+02  8.9977E+01 -2.5609E+02
0000292   2.3614E+02  3.0552E+01  3.6734E+01
0000293   2.0113E+02 -3.6009E+01  2.2724E+01
0000294   2.6289E+02 -2.5871E+01 -1.2217E+01
0000295   5.1215E+02 -2.6343E+01 -6.6834E+01
0000296   5.0104E+02  2.0876E+02  1.7122E+02
0000297   3.8626E+02  6.3094E+01  1.1806E+02
0000298   2.9522E+02 -2.4344E+02  3.3525E+02
0000299   2.9892E+02 -8.6562E+01 -1.2804E+02
0000300   9.8275E+01 -8.1469E+01 -5.8937E+00
0000301   3.9205E+02 -5.4614E+01 -2.0912E+02
0000303   5.4389E+02  1.6294E+02 -5.8342E+01
0000304   4.7303E+02 -3.6693E+02  1.1180E+02
0000305   4.7427E+02  4.2800E+01  1.4371E+02
0000306   3.7483E+02 -1.3793E+02  4.5623E+02
0000307   1.7296E+02 -3.9140E+01  1.7762E+02
0000308   3.4556E+02 -3.0852E+01 -5.4382E+01
0000309   6.8059E+01 -9.4154E+01 -1.5273E+02
0000310   2.5357E+02 -7.7366E+01 -1.7860E+02
0000311   3.9516E+02  2.5961E+02  2.2672E+01
0000312   2.4120E+02 -1.3155E+01  1.8015E+01
0000313   2.3095E+02 -4.8602E+02  1.1709E+02
0000314   4.5251E+02  2.5306E+02 -2.8363E+02
0000315   3.6201E+02 -1.2997E+02 -1.4163E+02
0000316   8.7550E+01 -1.0523E+02 -2.3911E+01
0000317   1.0351E+02  2.1035E+02  1.7312E+02
0000318   3.8372E+02 -1.1596E+02 -5.4621E+01
0000319   3.5165E+02 -1.9442E+00 -2.0215E+02
0000320   1.9158E+02  1.3334E+02 -3.3458E+01
0000321   2.0266E+02 -2.4064E+02  3.1812E+02
0000323   3.7413E+02 -2.1239E+02 -2.2821E+02
0000324   4.4487E+02  1.9001E+02  1.1010E+02
0000325   2.2860E+02  8.1266E+01  1.1463E+02
0000326   3.2896E+01 -1.3544E+01 -6.6857E+01
0000327   2.8101E+02  2.9170E+00  2.7590E+02
0000328   1.2745E+02  3.4963E+00 -8.5369E+01
0000329   3.9691E+02 -4.3026E+01  2.0289E+02
0000330   2.5834E+02  1.0395E+02  1.7970E+02
0000331   1.3571E+02  2.4947E+02 -2.2294E+00
0000332   1.4164E+02 -1.0045E+02  2.8561E+02
0000333   4.4503E+02 -4.3075E+02 -6.5954E+01
0000334   2.9539E+02  7.6031E+01 -1.8274E+01
0000335   5.4166E+02  1.2248E+02  1.5074E+02
0000337   9.9885E+01  4.5273E+01  8.7002E+01
0000338   2.1136E+02  3.9581E+00  1.3566E+02
0000339   4.3231E+02  1.9770E+02 -7.7819E+01
0000340   1.3316E+02  9.1440E+00  3.1736E+02
0000341   5.1652E+02 -3.5764E+02 -5.6087E+01
0000342   2.2301E+02 -1.3890E+02  1.9845E+02
0000343   6.0891E+01 -1.7499E+02  1.0788E+02
0000345   2.0044E+02  6.0999E+01 -3.3761E+01
0000346   2.3551E+02 -6.3791E+01  1.4690E+02
0000347   2.9140E+02 -3.1618E+02 -2.0086E+02
0000348   2.0476E+02  1.0283E+02  1.7193E+02
0000349   4.9887E+02  2.3289E+02 -1.2854E+02
0000350   2.1169E+02  3.1581E+02 -1.9374E+02
0000351   2.8624E+02  1.1423E+01 -3.2011E-01
0000352   3.9767E+02 -2.6086E+02  2.3586E+02
0000353   1.2963E+01  8.7799E+01 -4.0966E+01
0000354   5.7533E+02  1.0629E+02  2.9208E+02
0000355   1.4321E+02 -1.3943E+02 -3.3057E+02
0000356   3.0039E+02  1.4164E+02 -1.9629E+01
0000357   3.7718E+02 -2.8308E+02 -7.3247E+01
0000358   7.7565E+01 -9.4217E+01  8.8986E+01
0000359   5.4008E+02  1.7262E+02 -1.1091E+02
0000360   9.5924E+01 -9.5671E+01  6.5635E+01
0000361   3.2661E+02  2.8984E+02  9.3421E+01
0000362   2.5413E+02  1.6311E+02 -1.6619E+02
0000363   2.8002E+02 -2.0170E+02 -6.0521E+01
0000364   5.0255E+02  1.7416E+01  1.5962E+02
0000365   6.6505E+02  1.4383E+01  1.5787E+01
0000366   2.6341E+02  2.7294E+01 -8.7407E+01
0000368   3.3638E+02  7.4660E+01  2.2060E+02
0000369   3.7785E+02  6.1044E+00  1.1144E+02
0000370   1.4036E+02 -2.8529E+01 -3.6363E+01
0000371   3.8010E+02  2.9351E+02  6.9993E+01
0000372   1.9723E+02  8.4785E+00 -1.9135E+02
0000373   4.8662E+02  2.8156E+02  7.8086E+01
0000374   3.9735E+02 -1.3983E+02 -3.1953E+01
0000375   5.6970E+02 -1.2310E+02  2.3516E+02
0000376   4.9534E+02 -7.3374E+01 -1.9786E+02
0000377   1.6448E+02 -2.0517E+02 -4.2807E+02
0000378   3.8006E+02 -9.9532E+01 -3.5924E+01
0000379   3.1900E+02 -6.0621E+01 -9.2880E+01
0000380   2.0811E+02  6.4268E+01 -1.3299E+02
0000381   1.3305E+02  4.3969E+01 -1.0245E+02
0000382   2.9624E+02  2.6218E+02  1.3930E+02
0000383   1.3375E+02 -2.8164E+02  1.1619E+02
0000384   1.4292E+02 -3.8471E+02 -2.0189E+01
0000385   2.0872E+02  1.2677E+02 -2.5310E+01
0000386   4.2089E+02  2.1916E+02  9.7672E+01
0000387   3.4274E+02  1.9739E+02  5.6399E+01
0000388   4.2899E+02 -2.4836E+01 -1.5389E+02
0000389   1.3632E+02 -3.7742E+02  1.4377E+02
0000390   3.5939E+02  1.7380E+01  1.1206E+02
0000391   6.6523E+02  2.7583E+02  1.1101E+02
0000392   2.5846E+02  8.7201E+01 -9.8627E+01
0000393   2.3742E+02 -4.3422E+00 -1.2008E+02
0000394   1.6547E+02  4.5823E+01 -1.2150E+02
0000395   7.5719E+01 -8.8423E+01  1.6352E+02
0000396   4.1081E+02 -5.5253E+01  7.6070E+01
0000397   3.2608E+02 -2.3690E+02 -1.1153E+02
0000398   2.0409E+02  1.6907E+02  1.5569E+01
0000399   6.1435E+02 -1.4545E+02  2.1542E+02
0000400   2.5052E+02 -1.6850E+02  5.3849E+01
0000401   3.1213E+02  3.9149E+02  1.5050E+02
0000402   2.2489E+02 -1.1203E+02  9.6518E+01
0000403   2.6702E+02 -1.2164E+02 -1.0130E+02
0000404   3.7115E+02 -4.3883E+02  2.4295E+02
0000405   1.5998E+02  1.2334E+02 -1.0068E+02
0000406   2.7121E+02  1.8227E+02 -2.0143E+02
0000407   2.3122E+02  1.1231E+02 -8.4546E+01
0000408   3.1067E+02 -2.1504E+02  1.2086E+02
0000409   5.4748E+01 -2.9096E+02  2.6272E+02
0000410   2.0836E+02  2.6247E+02 -3.0531E+01
0000411   1.7658E+02 -3.6764E+01  1.8305E+02
0000412   3.8044E+02 -3.5075E+02  6.1260E+01
0000413   2.3888E+02  1.8275E+02  3.9526E+01
0000414   3.6267E+02  1.7021E+01 -2.8162E+00
0000415   5.3441E+02 -8.7630E+01 -1.9530E+02
0000417   5.8049E+02  1.4479E+02  1.2079E+02
0000418   3.1083E+02  1.6056E+02  3.4817E+02
0000419   3.0397E+02 -3.1314E+01  2.9185E+01
0000420   1.3286E+02 -1.6773E+02 -3.2150E+02
0000421   1.6754E+02  1.9800E+02  2.7704E+02
0000422   5.6772E+02 -1.4376E+02  8.3380E+01
0000423   1.8931E+02 -2.8630E+02  1.0477E+02
0000424   9.5063E+01  9.9936E+01  1.2990E+02
0000425   5.4593E+02  3.6400E+02 -6.3177E+01
0000426   3.8764E+01 -1.0399E+01 -1.0340E+01
0000427   2.4045E+02 -3.0660E+01  2.3544E+02
0000428   1.5177E+02 -1.4899E+01  9.6989E+01
0000429   2.9796E+02  1.7295E+01  7.9096E+01
0000430   3.7002E+02 -1.4769E+02  9.4856E+00
0000431   3.9481E+02  8.7171E+01  2.3129E+02
0000432   1.6529E+02 -1.7042E+02 -1.0986E+01
0000433   1.8126E+02 -6.2631E+01 -4.0309E+01
0000434   2.2140E+02  4.0403E+01  4.6157E+00
0000435   8.4175E+01 -3.9790E+01 -3.6687E+01
0000436   1.7720E+02 -2.6523E+02 -1.6401E+02
0000437   1.3257E+02  7.4551E+01 -5.6346E+01
0000438   2.9777E+02 -1.2954E+02 -2.5635E+02
0000439   1.6524E+02 -1.2276E+02  2.3868E+02
0000440   9.5875E+01  1.3152E+02 -2.5340E+02
0000441   4.5903E+02 -1.5095E+02  6.9537E+01
0000443   2.4391E+02  1.8544E+02  1.6712E+02
0000444   1.4825E+02  7.8665E+00  1.5041E+02
0000445   2.7537E+02  3.6829E+01 -3.0114E+02
0000446   2.8630E+02 -8.8034E+01  1.4445E+02
0000447   2.6127E+02 -2.0076E+02 -3.3498E+02
0000448   1.1553E+02  1.7020E+02  2.8272E+00
0000450   2.1988E+02 -1.6200E+02  1.3011E+02
0000451   4.1708E+02 -1.5131E+02 -2.5882E+02
0000452   2.6204E+02 -2.8934E+00 -7.9730E+00
0000453   2.1987E+02 -1.4245E+02 -3.7117E+01
0000454   2.7297E+02  7.5869E+01 -3.5059E+02
0000455   3.0769E+02 -2.9183E+02 -1.2020E+02
0000456   6.3208E+02  2.9131E+02 -1.1458E+02
0000457   3.9173E+02 -2.2615E+02 -2.5185E+01
0000458   3.0899E+02  6.0804E+01 -6.8184E+01
0000459   4.7478E+02 -3.6489E+02 -2.2607E+02
0000460   5.6355E+02  2.8600E+02  8.2849E+00
0000461   3.6472E+02  2.0888E+02 -1.2199E+02
0000462   5.0427E+02 -6.7402E+01 -1.3525E+02
0000463   3.5044E+02 -1.1795E+02  1.4046E+01
0000464   1.0913E+02 -5.9599E+01 -1.5219E+01
0000466   4.1169E+02  1.9201E+02  2.2195E+02
0000467   3.1102E+02 -1.3603E+02  1.7596E+02
0000468   2.1394E+02  9.5906E+01  1.6822E+02
0000469   2.5671E+01 -1.8813E+02  1.0715E+02
0000470   5.0808E+02  1.4232E+02 -2.9155E+02
0000471   2.7552E+01  3.4829E+01  1.7678E+01
0000472   3.5785E+02 -2.5110E+02 -2.9992E+02
0000474   5.7634E+01  2.5676E+02 -2.2726E+02
0000475   2.4257E+02  9.1651E+01 -4.6683E+01
0000476   3.3976E+02 -1.2140E+02  1.8838E+02
0000477   1.3297E+02 -2.5591E+01 -4.7967E+01
0000478   1.8916E+02  1.1666E+02  1.5411E+02
0000479   4.7712E+02 -1.6822E+02 -2.0914E+02
0000480   6.4193E+01 -1.9286E-01  2.0489E+02
0000481   1.6480E+02  8.1557E+01  3.6552E+01
0000482   1.2515E+02  4.1599E+01  6.3290E+01
0000483   2.5728E+02 -1.7606E+02  1.3901E+01
0000484   1.4811E+02  8.4266E+01 -2.4622E+02
0000485   5.5201E+02  7.7292E+01  8.3907E+01
0000486   4.9982E+02  4.9594E+01 -8.7292E+01
0000487   8.2422E+01  8.4971E+01 -1.1099E+02
0000488   1.9925E+02 -1.9713E+02  3.1540E+01
0000489   2.6763E+02 -1.3174E+02  1.6259E+02
0000490   3.1421E+02  2.4840E+02 -6.6157E+01
0000491   2.4781E+02  1.2516E+02 -1.7640E+02
0000492   3.4753E+02  9.0295E+00 -1.3478E+02
0000493   4.1407E+02  1.2945E+02 -1.1159E+02
0000494   4.8594E+02 -3.9297E+02 -3.5489E+02
0000495   2.7934E+02  7.1739E+01 -1.0834E+02
0000496   2.3274E+02 -5.4228E+01 -3.0450E+02
0000497   2.4500E+02 -5.1546E+01 -1.1824E+02
0000498   4.9033E+02 -4.1184E+01 -1.3512E+02
0000499   1.1522E+02  1.8070E+02 -5.5601E+01
0000500   3.0843E+02  6.6198E+01 -5.7819E+02
0000501   4.2833E+02  6.2928E+01 -2.0334E+01
0000503   1.1910E+02  1.6256E+02  2.9449E+02
0000504   1.2717E+02 -4.8257E+01  2.0430E+02
0000505   5.5314E+02  1.8215E+02 -1.0946E+02
0000506   3.6678E+02 -6.7634E+01 -3.3892E+01
0000507   4.9597E+01  1.6566E+02 -1.8722E+02
0000508   3.1301E+02  2.5033E+02  7.9061E+01
0000509   2.8092E+02 -9.9606E+00 -1.6616E+01
0000510   3.3258E+02 -3.1236E+02 -6.5877E+01
0000513   1.9011E+01 -6.9166E+01  1.5608E+02
0000514   1.6661E+02  7.7403E-01 -2.5298E+01
0000515   4.9684E+00  9.9541E+01  2.6413E+01
0000516   4.2409E+02  1.6062E+02  1.0799E+02
0000517   7.5603E+01 -8.2262E+01 -2.8953E+01
0000518   4.5935E+02  1.9372E+02  1.2408E+02
0000519   2.3679E+02 -4.3218E+02  4.5203E+00
0000520   2.7012E+02 -2.6716E+01 -8.9211E+01
0000521   3.3969E+02  4.0161E+00  1.1151E+02
0000522   3.6313E+02  3.2518E+01  1.5841E+02
0000523   5.5633E+02 -1.3307E+01 -2.2456E+01
0000524   1.5213E+02  2.5339E+01 -3.9306E+02
0000525   8.5935E+01  1.0594E+02  8.5344E+01
0000526   3.2392E+02 -9.3130E+01  2.0377E+02
0000527   6.5801E+02  1.4462E+01  2.8623E+01
0000528   3.5044E+02  1.2976E+02  1.2813E+01
0000529   1.5594E+02 -3.5046E+01 -6.6231E+01
0000530   3.4514E+02  1.9817E+02 -3.4682E+02
0000531   1.6341E+02  9.1934E+01  2.1193E+02
0000532   3.3266E+01 -2.0547E+01 -4.0035E+01
0000534   1.5758E+02  7.3036E+01  7.3875E+00
0000535   5.0416E+02  2.0864E+02  2.6652E+02
0000536   4.8195E+02 -5.0248E+01  2.5676E+01
0000537   3.6631E+02  2.1422E+02 -2.9387E+02
0000538   4.3744E+02 -1.5805E+02 -2.4284E+02
0000539   3.0977E+02  1.5490E+02  1.4220E+02
0000540   1.1813E+02  4.5833E+01  1.4668E+02
0000541   9.4180E+01  1.7570E+02  1.9272E+02
0000542   3.1158E+02  1.6453E+02  1.4068E+02
0000543   4.4776E+02 -8.6313E+01 -4.1024E+02
0000544   2.0328E+02  8.9516E+01  5.2678E+01
0000545   3.4902E+02 -9.9719E+00 -2.4990E+02
0000546   2.6624E+02  2.2529E+02 -2.1151E+02
0000547   3.3732E+02 -8.3844E+01  3.4542E+02
0000548   4.3947E+02 -1.7015E+02 -2.1173E+02
0000549   6.4907E+02 -4.0452E+02 -1.1165E+02
0000550   7.1606E+01 -2.1517E+01  2.1017E+02
0000551   6.7130E+01 -9.2689E+01  9.5399E+01
0000552   6.0278E+01  1.0486E+02 -3.0810E+02
0000553   4.7572E+02  2.0197E+02 -2.2399E+01
0000554   2.3045E+02  1.2699E+02 -4.4726E+02
0000555   2.4712E+02  1.0701E+02  9.2246E+01
0000556   1.2239E+02  1.9776E+02 -3.3064E+02
0000557   2.2454E+02  9.9317E+01  1.7112E+02
0000558   4.4701E+02  1.6738E+02  2.6514E+02
0000560   2.2350E+02 -7.9052E+01  1.6512E+02
0000561   5.9900E+01  1.3954E+02  2.0586E+02
0000562   5.1667E+02 -5.4200E+01  3.1030E+02
0000563   2.5759E+02 -6.8992E+01  4.3427E+01
0000564   2.9345E+01  1.3928E+02  5.0515E+02
0000565   4.3057E+02 -1.2837E+02 -3.4804E+02
0000566   4.4452E+02  2.3533E+02  1.1083E+02
0000568   6.9102E+02 -7.2927E+01  5.6165E+01
0000569   2.0350E+02  1.6922E+02  1.7212E+02
0000570   4.1785E+01 -5.4297E+00  8.8868E+00
0000571   3.6858E+02  2.1667E+02  1.9276E+02
0000572   1.7729E+02  7.8900E+01 -1.4094E+02
0000573   4.6873E+02 -4.6900E+01  3.0083E+02
0000574   5.7297E+02  6.7663E+01 -1.0752E+02
0000575   3.1306E+02 -9.3171E+01 -5.7052E+01
0000576   4.5758E+02  7.6694E+01  1.7645E+02
0000577   2.3698E+02 -1.9381E+02  1.0923E+02
0000578   4.9276E+02 -1.9715E+02  9.5502E+01
0000579   2.4986E+02 -1.0246E+02 -1.5976E+02
0000580   2.3156E+02  1.1993E+01  2.2311E+01
0000581   5.6489E+02 -2.4674E+02 -2.2864E+02
0000582   3.9832E+02 -3.2681E+01 -9.9953E+01
0000583   4.6496E+02 -1.6825E+01  1.3853E+02
0000584   3.9991E+02 -3.6469E+02 -7.0696E+01
0000585   1.2401E+02  1.8947E+02 -1.3621E+02
0000586   2.6745E+02  7.8989E+01 -2.2486E+02
0000587   4.7450E+02 -1.6545E+02  5.1298E+01
0000588   1.3493E+02 -6.9210E+01  1.8467E+02
0000589   5.3313E+02 -1.4678E+02 -1.1497E+02
0000590   4.5537E+02 -1.1948E+02  1.1930E+01
0000591   4.9553E+02 -3.0007E+02 -5.1009E+01
0000593   2.2265E+02  2.2771E+02  1.8006E+01
0000594   3.8540E+02 -8.3795E+01 -1.3760E+02
0000596   4.1021E+02  2.1181E+02  2.3847E+02
0000597   1.5482E+02 -3.2884E+01 -2.3962E+02
0000598   2.1382E+02  2.0654E+02  9.2631E+01
0000599   2.8555E+02  6.1889E+01 -1.2464E+02
0000600   2.2762E+02  1.2511E+02  7.2374E+01
0000601   1.1348E+02  1.0565E+02  9.7505E+01
0000603   1.2744E+02  5.5400E+01  1.3878E+02
0000604   1.7665E+02  1.3499E+02  9.0943E+01
0000605   1.3033E+02 -2.1749E+02  9.1577E+01
0000606   3.8888E+02  9.1122E+01  7.1608E+01
0000607   5.3493E+01 -7.7224E+01 -2.2033E+01
0000608   2.0102E+02 -5.9854E+01  3.7906E+02
0000609   3.3707E+02 -6.1304E+01 -1.5225E+02
0000610   1.7009E+02 -5.9479E+01  6.9973E+01
0000611   2.0894E+02 -1.2484E+02  5.7162E+01
0000612   4.5900E+02  4.6507E+01 -1.2861E+01
0000613   3.7940E+02 -2.4030E+02  7.8399E+01
0000614   4.0598E+02  5.0835E+01  4.8177E+00
0000615   3.1002E+02 -1.2548E+02 -2.1900E+02
0000616   2.3797E+02  2.4735E+02  3.5118E+02
0000617   3.2304E+02 -2.4611E+02  1.0470E+02
0000618   5.5857E+02  9.2470E+01 -9.2578E+01
0000619   1.1722E+02  9.5974E+01  1.4192E+02
0000620   2.5663E+02 -5.8049E+01 -1.2834E+02
0000621   2.4178E+02  2.4872E+02 -1.3050E+02
0000622   4.1660E+02 -1.6346E+02  7.0503E+00
0000623   1.3661E+02  9.9984E+01  2.6975E+02
0000624   4.2923E+02 -3.5139E+01  4.7549E+01
0000625   3.3001E+02 -1.5494E+02 -1.1348E+02
0000626   1.4369E+02  2.9110E+01 -6.4115E+01
0000627   4.3419E+02 -3.6886E+02 -1.0423E+02
0000628   5.4320E+02 -1.1195E+02  1.3469E+02
0000629   1.4288E+02  2.7973E+02 -3.4120E+01
0000630   5.0237E+01  1.7494E+02  2.4723E+01
0000631   4.9767E+02 -7.2048E+01  1.9595E+02
0000632   2.7773E+02 -1.7004E+02 -1.1174E+02
0000633   1.3873E+02  3.6048E+02  3.6624E+02
0000634   3.2265E+02  1.3332E+02 -1.3313E+02
0000635   2.1426E+02 -3.1840E+02  1.1075E+02
0000636   2.1207E+02 -4.2055E+02  3.1849E+02
0000637   2.8266E+02 -1.1581E+02  1.9188E+02
0000638   1.2672E+02  7.4533E+00  1.3561E+02
0000639   3.6965E+02 -1.5325E+02  3.8143E+02
0000640   2.4968E+02  5.3607E+01  6.1126E+01
0000641   4.0053E+02 -2.2051E+02  8.0799E+01
0000643   2.9074E+02 -1.5572E+02  2.6606E+02
0000644   4.3251E+02  1.3335E+02 -5.3310E+01
0000645   2.9049E+02 -1.7355E+02  2.9883E+02
0000646   2.9090E+02  5.5249E+01  4.1798E+01
0000647   3.4740E+02  1.0134E+02  1.3811E+01
0000648   4.6599E+02 -1.0275E+02  3.6951E+01
0000649   5.8295E+02  4.8052E+00 -2.8605E+01
0000650   3.1764E+02  1.0382E+02 -1.1131E+02
0000651   5.5166E+02  1.0955E+02 -1.7890E+02
0000652   3.2877E+02 -1.7798E+02  3.0548E+02
0000653   4.1568E+02 -1.9128E+02 -2.7423E+02
0000654   3.1487E+02 -4.2365E+01 -6.4554E+00
0000655   2.6252E+02  2.3203E+01 -8.2147E+01
0000656   5.4638E+02  8.5655E+01 -3.8475E+00
0000657   2.9174E+02 -3.2910E+01  1.1369E+02
0000658   7.9743E+01  1.2448E+02  2.1009E+02
0000659   5.5730E+02 -5.7287E+01 -1.9135E+01
0000660   2.3371E+02  1.3868E+02 -5.3218E+01
0000661   4.4700E+02 -4.2881E+01  2.5202E+01
0000662   2.1762E+02  1.5305E+02  1.1370E+02
0000663   2.3905E+02 -9.2960E+01 -1.1554E+02
0000664   3.0183E+01  1.7783E+02 -1.0417E+02
0000665   1.6163E+02 -2.2196E+02  3.1884E+02
0000666   3.4733E+02  2.4386E+01  1.8913E+02
0000667   3.8535E+02  2.4869E+01 -7.5370E+01
0000668   1.9160E+02  3.1204E+02 -1.7855E+02
0000669   4.6623E+02  7.6864E+01  4.3594E+02
0000670   2.9299E+02  5.6674E+01  1.9624E+02
0000671   1.8684E+02  4.6306E+01  2.0719E+02
0000672   1.4238E+02  7.2771E+01 -2.0677E+02
0000673   6.6812E+02  6.4351E+01 -2.9481E+01
0000674   2.2956E+02 -3.1791E+02 -5.9216E+01
0000675   2.1386E+02 -1.8980E+02  7.7384E-01
0000676   5.4393E+02 -1.5644E+02 -6.3574E+01
0000677   3.6734E+02 -1.8811E+02  6.6721E+01
0000678   1.4022E+02 -7.0266E+01  7.4880E+01
0000679   6.6819E+02  2.6023E+01 -8.2874E+01
0000680   1.1510E+02 -1.1494E+02  1.5970E+02
0000681   2.0983E+02  2.0262E+02  7.1090E+01
0000682   5.6084E+02 -2.5528E+02  2.1918E+02
0000683   3.6203E+02  5.3233E+01  2.9643E+02
0000684   7.0636E+01  7.2066E+01  2.2679E+02
0000685   5.1454E+02 -5.3332E+01 -2.0881E+02
0000686   1.2755E+02  2.4319E+02 -3.1316E+01
0000687   4.9416E+02 -1.3673E+02 -1.6672E+02
0000688   7.5860E+01 -1.1022E+02 -2.3705E+02
0000689   8.0640E+01 -2.2158E+01 -2.7490E+01
0000690   4.1041E+02 -1.5693E+02 -2.6228E+02
0000691   5.9600E+02 -1.6363E+02  2.8329E+01
0000692   1.7965E+02  3.5676E+01 -1.2589E+01
0000693   7.1949E+02 -1.2888E+02  5.2625E+01
0000694   4.7043E+02 -3.8512E+02  7.7956E+00
0000695   3.1580E+02  9.5064E+01 -9.9690E+01
0000696   3.0589E+02  2.3794E+01 -1.2862E+02
0000697   4.6186E+02 -3.9829E+00 -1.0688E+02
0000698   2.9787E+02  2.1490E+02  3.0262E+02
0000699   2.9958E+02 -3.4357E+02 -2.1108E+01
0000700   4.6394E+02 -1.0809E+02  3.1295E+02
0000701   3.7963E+02  2.9382E+02  2.0464E+02
0000704   4.2484E+02 -2.6727E+02  7.0665E+01
0000705   3.8411E+02 -6.2530E+01 -4.7074E+01
0000706   2.9821E+02  8.3188E+01  2.7034E+00
0000707   3.4152E+02 -1.1321E+02 -1.9041E+01
0000708   1.5715E+02  8.7247E+00  1.1595E+01
0000709   4.9618E+02 -2.2323E+02  9.7106E+01
0000710   4.5209E+02 -6.2325E+02 -1.5831E+02
0000711   4.5954E+02 -1.4624E+02 -2.1773E+02
0000712   2.2928E+02  8.1143E+01 -1.7652E+02
0000713   1.2475E+02  1.1967E+02 -1.9098E+00
0000714   2.9077E+02 -6.7845E+01 -2.4455E+02
0000715   4.3871E+02  3.8923E+02  3.6672E+01
0000716   2.9531E+02 -7.8784E+01  4.4522E+02
0000717   1.5526E+02  3.2748E+01  9.6099E+01
0000718   3.6336E+02  4.9174E+01  5.3188E+01
0000719   2.0940E+02 -2.6580E+02 -4.0636E+01
0000720   2.1383E+02 -2.0344E+02 -1.5754E+02
0000721   1.9468E+02  1.8669E+02  7.4099E+00
0000722   2.5516E+02  1.9266E+01 -6.5440E+01
0000723   8.8169E+01 -1.2657E+02  1.0485E+02
0000724   1.6864E+02 -1.6398E+02 -1.1011E+02
0000725   7.2956E+01  7.8373E+01  2.3307E+02
0000726   3.5053E+02 -6.6694E+01 -3.4486E+01
0000727   3.5877E+02 -1.1634E+02  3.4798E+01
0000728   2.6339E+02  1.0639E+02 -2.7602E+01
0000729   4.4600E+02 -9.6514E+01  1.7030E+02
0000730   6.7815E+02  1.7714E+02  1.8266E+02
0000732   1.2313E+02  1.6824E+02 -3.5954E+02
0000733   3.5970E+02 -2.7409E+01  1.5185E+02
0000734   3.2844E+02 -1.4815E+02  4.0871E+01
0000735   1.7095E+02  6.4346E+01  2.0883E+02
0000737   4.8663E+02 -1.9392E+02  1.8250E+02
0000738   7.1808E+01 -1.4015E+02  2.3879E+02
0000739   2.9965E+02 -8.5310E+01 -2.7280E+01
0000740   2.9560E+02  1.9689E+01 -1.3407E+01
0000742   1.7212E+02 -3.3977E+02  1.1503E+02
0000743   4.6362E+02 -3.5734E+02 -1.1596E+02
0000744   5.0122E+01 -6.2221E+01  1.4073E+02
0000745   4.4467E+02  9.9054E+01 -1.3699E+01
0000746   2.9952E+02 -6.6848E+01  2.7550E+02
0000747   8.9622E+01  1.0084E+02 -1.2535E+02
0000748   2.0902E+02  7.3596E+01  1.4028E+02
0000749   3.4131E+02  6.7776E+01  1.5428E+02
0000750   5.4839E+02  8.7675E+01  9.4205E+01
0000751   3.8596E+02  1.0724E+02 -7.5800E+01
0000752   1.8862E+02 -2.7645E+01  2.1380E+02
0000753   2.6708E+02  1.1679E+02  1.6654E+02
0000754   3.0384E+02 -8.2639E+01 -8.7739E+01
0000756   2.0112E+02  1.1850E+02  1.2382E+02
0000757   1.7375E+02  7.7174E+01  2.0142E+02
0000758   7.1934E+02 -7.3747E+01  1.7003E+02
0000759   1.3989E+02  6.7727E+01 -8.9767E+01
0000760   7.2449E+02 -1.8780E+02 -2.3428E+02
0000761   2.0486E+01 -3.9523E+02 -7.6167E+01
0000762   9.7751E+01 -4.3478E+01 -4.4504E+01
0000763   3.3342E+02 -4.0475E+01 -4.5644E+02
0000764   1.1981E+02 -9.7015E+01  1.6620E+02
0000765   2.9109E+02 -3.8216E+02  4.1639E+01
0000766   4.3898E+02  1.2269E+02  5.1532E+01
0000767   2.9305E+01  1.3935E+02 -8.5054E+01
0000769   2.6869E+02 -4.5510E+01  9.0386E+01
0000770   1.2483E+02 -3.5611E+01 -2.9514E+02
0000771   7.5312E+01  3.4848E+02  5.1693E+01
0000772   1.2974E+02 -9.8596E+01 -1.5040E+02
0000773   3.5001E+02 -1.5928E+02  4.1573E+01
0000774   2.0903E+02 -6.4164E+01  3.0412E+02
0000775   1.7894E+02  2.4583E+02 -2.8920E+02
0000776   3.1841E+02  7.6269E+01 -1.1431E+01
0000777   1.9333E+02  1.3986E+02  3.3460E+01
0000779   1.8016E+02 -2.4248E+02  9.3424E+01
0000780   4.5370E+02 -8.0783E+01  1.5311E+01
0000781   2.7306E+02 -1.6614E+01 -7.3933E+01
0000782   1.8848E+02  9.3383E+00  1.7371E+02
0000783   2.7011E+02 -3.7771E+01  3.7254E+02
0000784   4.8873E+02  4.1271E+02 -2.8286E+01
0000785   3.7486E+02 -1.1835E+02 -9.0039E+01
0000786   5.7711E+02 -7.2958E+01  6.3411E+01
0000787   9.0586E+00 -1.3793E+02  4.2623E+01
0000788   4.0005E+02 -7.8864E+01 -1.2739E+02
0000789   4.8404E+02  1.1250E+02 -2.3180E+02
0000790   5.4157E+02 -1.9866E+02  3.0720E+02
0000792   3.5498E+02 -7.5429E+01  2.7376E+01
0000793   2.9336E+02 -1.6581E+00  1.3718E+02
0000794   1.9445E+01 -7.7236E+01 -7.4253E+01
0000795   5.9407E+01  2.8447E+00  9.8689E+01
0000796   2.9889E+02  4.9482E+01 -7.0997E+01
0000798   4.2092E+02 -1.9398E+00 -1.2982E+02
0000799   6.8187E+01 -1.2857E+02 -4.1796E+00
0000800   5.0085E+02  1.4140E+01 -7.6363E+01
0000801   3.3147E+02  1.8623E+01 -1.0347E+02
0000802   3.7912E+02  5.6599E+01  3.3080E+00
0000803   3.4664E+02  3.0913E+02 -4.6661E+00
0000804   3.8867E+02  1.5431E+02 -2.4306E+02
0000805   2.1188E+02 -2.0093E+02  5.0436E+01
0000806   5.4452E+02 -7.3157E+01 -2.3501E+02
0000807   5.4629E+02 -2.5142E+02 -2.5853E+02
0000808   6.9926E+01  3.7377E+01  1.1485E+02
0000809   2.0404E+02 -6.7357E+01 -4.8897E+01
0000810   1.9339E+02 -5.8383E+01  1.0323E+02
0000811   2.4785E+02  1.1482E+02 -1.6595E+02
0000812   2.8983E+02 -5.0981E+01 -1.4178E+02
0000813   2.4778E+02  5.8724E+01  4.9118E+01
0000814   4.9019E+02  6.0203E+01  3.5602E+01
0000815   4.9046E+02 -2.2754E+02  2.9664E+02
0000816   3.5635E+02 -2.3609E+02  5.8979E+01
0000817   2.9479E+02  8.2758E+01 -2.2458E+02
0000818   4.4053E+02 -3.8441E+01  3.4329E+02
0000819   1.3410E+02  4.0485E+01  2.0199E+02
0000820   2.5612E+02 -2.6152E+02  8.5379E+01
0000821   2.8392E+02  1.1507E+02  1.5337E+02
0000822   2.2247E+02 -2.3079E+01  4.5652E+01
0000823   4.4448E+02  2.3605E+02  7.9666E+01
0000824   2.4074E+02  8.9756E+01 -2.2019E+02
0000825   1.0221E+02  1.5843E+01 -1.0217E+02
0000826   5.2773E+02 -2.2895E+02  3.6253E+01
0000827   6.5826E+02 -2.5835E+02  3.3122E+02
0000828   4.4839E+02 -7.5595E+01  2.2211E+01
0000829   1.0173E+02  6.0760E+01 -8.2215E+01
0000830   3.2239E+02  2.6748E+01  7.3748E-01
0000831   2.3806E+02  1.5327E+02  1.3894E+02
0000832   8.5887E+01  1.3909E+02  1.7327E+02
0000833   2.0547E+02  1.0434E+02 -7.9350E-01
0000834   2.7523E+02 -1.8182E+02 -1.6530E+02
0000835   9.3055E+01  1.6936E+02  5.8849E+01
0000836   3.4525E+02  1.3190E+02  1.8041E+01
0000837   9.5227E+01  3.2976E+02  1.1249E+02
0000838   2.0766E+02 -1.0817E+02 -1.8478E+02
0000839   4.8096E+02  3.2474E+02 -1.1008E+01
0000840   1.2327E+02 -1.3035E+02 -1.7359E+02
0000841   4.0613E+02  6.6008E+01  2.7736E+02
0000843   4.3308E+02  7.6124E+01  1.5026E+02
0000844   2.2481E+02 -7.6629E+01  1.0602E+02
0000845   2.5546E+02 -3.4343E+00  3.5648E+02
0000846   4.1936E+01  1.0208E+01 -2.9974E+00
0000847   3.5700E+02 -1.1428E+01  3.8758E+02
0000848   5.0527E+02  1.6431E+02 -4.0765E+01
0000849   3.0374E+02  4.8740E+00 -2.0416E+02
0000850   5.0636E+02  8.6140E+01  2.7319E+02
0000851   2.0854E+01  2.1434E+02  9.8323E+01
0000852   1.7034E+02 -4.3066E+01 -9.3454E+01
0000853   1.0702E+02  1.9480E+00 -1.4065E+02
0000854   2.9535E+02 -1.5001E+01  1.7503E+01
0000855   5.1394E+01 -1.6807E+02  1.6743E+02
0000856   4.9775E+02  3.5367E+02 -3.2908E+01
0000857   1.8067E+02  3.4730E+02 -5.5481E+00
0000858   2.9288E+02  6.6698E+00 -2.2593E+02
0000859   4.3640E+02  2.1868E+02 -1.5202E+01
0000860   1.2593E+02  7.5766E+01 -2.0078E+02
0000861   4.1678E+02  2.3447E+02 -3.4983E+01
0000862   3.7575E+02 -1.2284E+01 -5.5108E+01
0000863   2.7447E+02  3.8883E+01  5.9669E+01
0000865   5.3872E+01 -2.7761E+02  1.2415E+02
0000866   4.2680E+02  3.4610E+01 -1.7189E+02
0000867   1.8786E+02  2.7615E+02 -2.7262E+02
0000868   4.5146E+02 -1.8535E+02  1.3313E+02
0000869   4.0302E+02 -1.8558E+02 -3.5341E+02
0000870   8.6904E+01  1.4436E+02 -6.3668E+01
0000871   2.6962E+02 -1.7887E+02 -2.7841E+02
0000872   2.3346E+02 -2.0305E+01  2.8215E+01
0000873   3.5694E+02  1.4381E+02 -4.6256E+02
0000874   3.0178E+02 -6.1967E+01  2.4343E+02
0000875   1.0817E+02 -2.0234E+02 -3.7397E+01
0000876   4.0649E+02  2.4690E+02  3.5623E+02
0000877   2.9074E+02 -2.4316E+02 -8.9396E+01
0000878   1.7767E+02  5.1173E+01  1.7219E+02
0000879   5.2618E+02 -3.7969E+01 -1.1177E+01
0000880   2.2143E+02 -2.5732E+01  2.8229E+01
0000881   3.3160E+02  8.8606E+01  2.8408E+02
0000882   3.5824E+02  6.1340E+01  2.2453E+01
0000884   8.1090E+01  2.6318E+02 -9.6367E+01
0000885   3.9114E+02  3.8639E+02  4.0629E+02
0000886   4.1198E+02 -1.9534E+02 -3.5615E+00
0000887   4.1629E+02  5.2049E+01  1.6167E+02
0000888   2.3775E+02  3.5702E+02  1.3024E+01
0000889   1.1795E+02 -2.8604E+02  1.9942E+02
0000890   1.4386E+02 -6.7794E+01  9.1729E+01
0000891   9.6570E+01  1.5620E+02 -3.2383E+01
0000892   1.0436E+02  1.6301E+02  5.2772E+01
0000893   2.9751E+02 -1.1506E+02  2.7046E+02
0000894   5.0513E+01 -1.6575E+02  2.5155E+02
0000895   1.1050E+02 -7.0344E+01  1.4121E+02
0000896   2.0095E+02  7.5438E+01  7.9640E+01
0000897   5.1736E+02 -1.2140E+02 -2.4789E+02
0000898   2.6304E+02  2.1105E+02  1.7125E+02
0000899   1.9093E+02 -1.8690E+01 -4.1488E+01
0000900   3.8107E+02  2.3403E+02 -2.2548E+01
0000901   2.5390E+02 -1.5403E+02  2.1282E+02
0000902   2.2856E+02 -6.8647E+01  7.5127E+01
0000903   9.2704E+01 -6.2710E+01  3.5239E+01
0000904   3.1043E+02 -5.9409E+01  9.8822E+01
0000905   4.5176E+02 -1.9035E+02  9.1642E+01
0000906   3.6040E+02 -2.0100E+02 -2.0013E+02
0000907   3.8361E+02 -7.6361E+01  6.8653E+01
0000908   2.5086E+02 -5.5200E+01 -1.2083E+02
0000909   3.8754E+02 -2.7028E+02  8.4744E+01
0000910   2.6278E+02 -8.7220E+01 -2.8287E+02
0000911   2.5335E+02  8.0887E-01 -1.3574E+02
0000912   1.7195E+02  1.6427E+02 -1.9272E+02
0000913   4.1229E+02  4.4454E+01  3.8388E+01
0000914   4.8846E+02  1.0699E+02 -1.8059E+02
0000915   1.8888E+02  1.9862E+02 -1.8776E+01
0000916   1.4823E+02  1.1314E+02 -1.2792E+01
0000917   5.7415E+02 -2.0491E+02  2.5183E+02
0000918   1.2105E+02 -1.9696E+00  9.4928E+01
0000919   5.8488E+02  1.6194E+02  7.2552E+01
0000920   9.8356E+01  4.0403E+01  8.9379E+01
0000921   1.0413E+02  4.3581E+01  3.4221E+01
0000922   2.1104E+02  8.1401E+01  1.9992E+01
0000923   4.3823E+02  1.1192E+02 -1.0240E+02
0000924   6.0619E+02 -2.3554E+02 -1.4233E+02
0000925   4.6115E+02  5.0396E+01 -2.3016E+02
0000926   3.7310E+02 -6.9196E+01  3.1481E+02
0000927   3.0737E+02 -9.7549E+01  2.6296E+01
0000928   3.7516E+02 -2.0302E+01  2.7372E+02
0000929   3.0115E+02 -1.0742E+02 -2.6391E+02
0000930   5.7308E+02 -1.6740E+02 -2.2391E+02
0000931   1.4802E+02  2.6498E+02  2.0910E+02
0000933   2.2682E+02  2.0816E+02 -4.8434E+02
0000934   2.5107E+02  2.6878E+02  1.3188E+01
0000935   2.2751E+02  4.6394E+01  6.4776E+01
0000936   9.7436E+01  3.6032E+01 -2.4148E+02
0000939   3.4737E+02 -1.9445E+02  4.9317E+01
0000940   8.1231E+01 -3.9394E+02  2.7619E+02
0000941   3.0260E+01  4.6058E+01  2.5474E+01
0000942   4.0614E+02 -6.3092E+01  2.5493E+02
0000943   1.9950E+02 -2.2740E+01  2.3829E+02
0000944   4.2213E+02  1.2602E+02  1.6424E+01
0000945   2.2760E+02  1.8119E+02 -6.4912E+01
0000946   4.2347E+02 -3.7904E+01  1.6762E+02
0000947   3.9220E+02 -5.2648E+01  4.5399E+02
0000948   7.0369E+02  2.0902E+02  1.4740E+02
0000949   4.3403E+02 -2.6487E+01  1.2680E+02
0000950   5.2975E+02 -1.2489E+02 -1.7141E+02
0000951   2.4217E+02  1.1490E+02 -1.1096E+02
0000952   5.2217E+02 -1.2683E+02 -1.6582E+01
0000953   1.9332E+02 -2.2250E+02 -1.0021E+00
0000954   1.1432E+02  8.3118E+01 -8.6402E+01
0000955   3.6451E+02  1.8866E+02  1.1501E+02
0000956   5.2269E+02  8.3251E+01  3.9213E+02
0000957   1.0369E+02  2.9132E+01  1.7648E+01
0000958   4.1642E+02  5.6420E+01 -3.6187E+02
0000959   1.5485E+02 -2.9674E+02  5.2490E+00
0000960   4.9811E+02 -4.1731E+01  1.0096E+02
0000961   1.7748E+02  2.4325E+02 -1.5494E+02
0000962   1.5282E+02  1.1868E+02 -1.3785E+01
0000963   4.3183E+02 -1.5686E+02 -6.8666E+01
0000964   1.6300E+02  1.5122E+02  7.1016E+01
0000965   2.8776E+02  8.2783E+01 -5.8564E+01
0000966   2.5139E+02  2.1118E+02  5.0299E+00
0000967   3.8630E+02 -6.0413E+01 -1.8762E+02
0000969   1.2000E+02  1.3256E+02 -9.1794E+01
0000970   8.7947E+01 -3.2159E+02  5.6143E+01
0000971   1.1141E+02  2.0164E+01  2.8664E+02
0000972   2.1373E+02 -3.4889E+01 -1.1508E+02
0000973   3.6728E+02 -1.1732E+02  8.7245E+01
0000974   2.5224E+02 -1.6737E+02 -9.8993E+01
0000975   1.9874E+02 -3.1041E+01  2.0563E+02
0000976   3.4511E+02 -2.5641E+01 -1.7596E+02
0000977   3.6325E+02 -2.8344E+01  1.5605E+02
0000978   3.5732E+02  3.8757E+02  1.1178E+02
0000979   1.3036E+02  2.8144E+02 -2.7250E+02
0000980   2.6028E+02  7.3264E+01  1.0982E+02
0000981   7.9276E+01  1.5825E+02 -1.8777E+01
0000982   3.4671E+00 -3.3499E+01  8.8220E+01
0000983   6.1774E+02 -2.4717E+02 -4.1800E+01
0000984   6.4096E+01  6.7710E+01 -1.2967E+02
0000985   3.8550E+01  2.3565E+02 -3.2370E+01
0000986   2.1775E+02 -1.6023E+02 -1.0320E+02
0000988   2.3637E+02 -3.1312E+02 -1.9138E+02
0000989   1.8050E+02 -6.0493E+01  1.1542E+02
0000990   1.9414E+02  1.1640E+02  1.0196E+02
0000991   3.4561E+02 -1.4752E+02 -7.2222E+01
0000992   3.3985E+02  3.7041E+02 -1.7424E+02
0000993   3.1186E+02 -1.5690E+02  2.2053E+02
0000994   2.8761E+02  9.2704E+01  6.6871E+01
0000995   3.2028E+02 -1.5509E+02  2.5796E+02
0000996   2.6521E+02  9.2047E+01 -1.3141E+02
0000997   2.4610E+02  5.3826E+02  5.9961E+01
0000998   2.0718E+02 -5.9715E+00  2.8497E+01
0001000   4.0688E+02 -1.2407E+02  3.3905E+01
