============================== SRIM-2013.00 ==============================
==============================================================================
====== SRIM Outputs\RANGE_3D.txt : File of Final Ion Positions =====

Ion =  F (09)   Ion Mass= 018.9984
Energy  = 3000000.E-05 keV
Ion Angle to Surface = 00.0 degrees
==================== TARGET =======================
  Layer # 1 - None
  Layer # 1 - Bottom Depth=500000.E-01 A
  Layer # 1 - Density =0007.8700 g/cm3
  Layer # 1 -  100 % of Fe
ÍÍÍÍÍÍÍÍÍÍÍÍÍÍÍÍÍÍÍÍÍÍÍÍÍÍÍÍÍÍÍÍÍÍÍÍÍÍÍÍÍÍÍÍÍÍÍÍÍÍÍÍ
                                            
Ion       Depth  X   Lateral Y   Lateral Z  
Number    (Angstrom) (Angstrom)  (Angstrom) 
-------  ----------- ----------- -----------
0000001   6.5844E+02 -6.8706E+01 -1.4255E+02
0000002   2.0682E+02 -7.4983E+01  2.0521E+02
0000003   8.3338E+01  1.4652E+02 -3.6830E+02
0000004   3.6784E+02 -3.4845E+02 -7.0103E+00
0000005   2.4407E+02 -3.9951E+02  3.2482E+02
0000006   5.8547E+02  2.4272E+02 -1.5844E+02
0000007   1.2539E+02  4.7399E+02 -1.1593E+02
0000008   8.9594E+01 -1.2699E+02 -2.2660E+02
0000009   4.7658E+02 -1.5987E+02 -4.2107E+01
0000010   4.5621E+02 -1.5613E+02 -1.5967E+02
0000011   2.9860E+02 -1.1642E+02 -1.3872E+02
0000012   2.8196E+02  2.9998E+02  1.1941E+02
0000013   2.7052E+02 -2.1695E+02 -2.5909E+02
0000014   3.4367E+02  4.6426E+00 -2.2582E+02
0000015   3.3340E+02 -1.0640E+02 -2.0109E+02
0000017   1.4212E+02 -6.3971E+01  2.1408E+02
0000018   1.2993E+02  8.3028E-01 -3.6932E+01
0000019   1.0032E+02  7.6915E+01 -1.7068E+02
0000020   3.6965E+02 -1.0970E+02 -1.7229E+02
0000021   9.2664E+01 -1.1142E+01  7.4550E+01
0000023   2.8033E+02 -3.1113E+01 -2.8516E+02
0000025   2.0274E+02  3.3501E+02 -1.3102E+02
0000026   3.5235E+02 -2.7357E+02  2.5402E+02
0000027   3.4906E+02  3.1137E+02 -3.6789E+01
0000028   3.6844E+02 -7.8923E+01 -1.1219E+02
0000029   3.5310E+02  1.3280E+02 -2.4666E+02
0000030   3.7781E+02  2.0515E+02 -3.0396E+02
0000032   1.2823E+02 -1.5009E+02  6.7881E+01
0000033   2.4524E+02  5.6361E+01  1.9626E+02
0000034   5.2505E+01 -3.3471E+00  2.0557E+02
0000035   1.6929E+02  8.2097E+01  1.0939E+02
0000036   1.8680E+02 -9.1811E+01 -4.5734E+01
0000037   2.7245E+02 -1.2810E+02  3.3969E+01
0000038   1.9947E+02 -6.5815E+01  2.3967E+02
0000039   5.3809E+02  7.8465E+01  1.5845E+02
0000040   6.1368E+02 -9.4914E+01 -2.8055E+01
0000041   2.6914E+02  5.2630E+02  1.1262E+02
0000042   2.1016E+02 -5.6634E+00 -6.7951E+01
0000043   6.0179E+01  6.2751E+01 -2.7054E+02
0000044   5.6682E+02 -3.2218E+02 -3.8812E+01
0000045   4.0683E+02 -2.0102E+02  1.9198E+02
0000046   1.9637E+02 -2.0503E+02 -2.3088E+02
0000047   4.2669E+02 -4.9033E+01 -6.2829E+00
0000048   6.2419E+02 -2.5193E+02 -2.9711E+02
0000049   3.8535E+02 -1.2550E+02 -1.7541E+02
0000050   2.4458E+02  8.9621E+01 -2.2633E+02
0000051   1.0385E+02  1.0406E+02  2.5969E+01
0000052   3.4699E+02 -5.3738E+01  1.9008E+02
0000053   3.4970E+02 -2.9747E+02  2.0308E+01
0000054   6.0093E+02 -2.9667E+02 -1.7825E+01
0000055   4.2421E+02  7.1541E+01 -1.2694E+02
0000056   2.8826E+02  1.8453E+02 -2.3294E+01
0000057   2.4724E+02  7.7375E+01  2.6387E+02
0000058   4.8153E+02 -3.7032E+01  4.4679E+01
0000059   2.8423E+02 -1.8513E+02  8.1873E+01
0000060   3.4941E+02 -8.4628E+01 -1.7657E+02
0000061   9.2413E+01  1.4377E+02 -1.5383E+01
0000062   3.3898E+02  4.2371E+01 -6.1480E+01
0000063   3.9131E+02  8.5932E+01 -1.7299E+02
0000064   2.1296E+02  2.2320E+02  1.3865E+02
0000065   2.4970E+02  6.0392E+00 -1.6533E+02
0000066   2.6865E+02  3.1165E+02  2.4494E+02
0000067   5.1798E+01  2.4152E+02 -1.4206E+02
0000068   3.8621E+02 -1.1514E+02  2.0500E+02
0000069   1.9745E+02 -4.9515E+01 -6.7777E+01
0000070   7.1817E+02  9.3218E+01 -2.0535E+02
0000071   5.9454E+02 -3.5059E+01 -1.2712E+02
0000072   1.4401E+02  4.8898E+01 -2.2840E+01
0000073   1.8110E+02  1.7315E+02  2.1682E+02
0000074   3.7865E+02 -2.5404E+01  6.5764E+01
0000075   1.3432E+02 -3.4358E+01  1.5072E+02
0000076   4.2085E+02 -2.0369E+02  2.1957E+02
0000077   6.1503E+02  5.7357E+01 -2.1799E+01
0000078   7.9037E+01 -1.7561E+02  2.3133E+02
0000079   3.4672E+02 -6.2102E+01  1.4902E+02
0000080   4.3559E+02 -1.3457E+02 -5.1236E+01
0000081   1.1122E+02 -1.4752E+01  2.9401E+01
0000082   3.0163E+02 -3.9997E+02  4.0685E+02
0000083   1.4329E+02 -7.2120E+01 -4.8292E+01
0000084   4.0849E+02  3.4096E+01 -2.6232E+02
0000086   3.0701E+02  2.6170E+02 -2.7660E+02
0000087   1.3991E+02 -8.8128E+01 -1.9170E+02
0000088   3.1413E+02  3.1037E+02 -9.6594E+01
0000089   2.7541E+02  2.1999E+02  1.9267E+02
0000090   3.2745E+02 -3.5583E+02  3.5635E+01
0000091   1.5553E+02  2.9061E+01  2.2395E+02
0000092   3.3119E+02  1.3668E+02  2.2287E+02
0000093   1.9679E+02  8.3346E+01 -5.9443E+01
0000094   3.5945E+02 -1.4905E+00  3.1891E+02
0000095   2.0750E+02  2.4540E+02 -7.9689E+01
0000096   2.8825E+02 -1.3833E+01 -1.4990E+02
0000098   1.4098E+02  2.1736E+02 -1.8746E+02
0000099   3.4375E+02  2.4639E+02  1.0022E+02
0000101   1.6700E+02  2.1696E+02  1.5927E+02
0000103   4.8420E+02 -3.3545E+01  3.2386E+01
0000104   2.8294E+02 -8.1512E+01 -1.9543E+02
0000105   4.7425E+02  1.2329E+02 -8.2534E+01
0000106   3.3208E+02 -4.2452E+01 -2.9623E+01
0000107   4.5506E+02 -5.7438E+01  2.4450E+02
0000108   3.5735E+02  2.9334E+02 -7.2955E+00
0000109   3.9263E+02  6.6793E+01 -2.6213E+02
0000110   2.0651E+01  4.4689E+01 -1.2227E+02
0000111   1.0417E+02  4.7792E+01  1.7661E+02
0000112   5.1928E+02  7.9127E+01 -3.1584E+01
0000114   2.6296E+02 -1.5499E+01  1.2659E+02
0000115   2.0852E+02  6.1852E+01 -4.7665E+01
0000116   4.5064E+02 -2.2147E+02  3.7779E+01
0000117   3.9863E+02  2.0948E+02 -4.9707E+02
0000119   8.0475E+01 -1.9498E+02 -8.7316E+01
0000120   4.0684E+02  3.7202E+01 -2.9971E+01
0000121   2.1484E+02  6.3319E+01  8.8199E+01
0000122   1.3734E+02 -2.7721E+02 -1.9733E+02
0000123   5.9145E+02  5.4184E+01 -1.1940E+02
0000124   4.0298E+02 -4.6428E+01 -2.1685E+02
0000125   2.4749E+02 -1.0334E+01 -6.1620E+01
0000127   6.3303E+02  8.6761E+01 -4.9558E+01
0000128   3.7239E+02 -4.1748E+02  2.5138E+02
0000129   2.4769E+02  9.3123E+01  1.7905E+02
0000130   4.8155E+02 -1.4549E+01 -1.6423E+02
0000131   3.9335E+02  2.6792E+02 -1.3936E+02
0000132   4.5953E+02  4.4070E+01 -2.5905E+00
0000133   4.4436E+02 -1.2489E+02 -2.2070E+02
0000134   2.7929E+02 -1.2047E+02  9.8857E+01
0000135   5.9879E+02  1.2127E+02  5.3110E+01
0000136   3.2175E+02 -1.9541E+02 -1.7688E+02
0000138   5.3844E+02 -1.2675E+02 -7.1071E+01
0000139   5.5987E+02  7.8586E+01  1.3607E+02
0000140   2.0284E+02 -1.5196E+02  4.7063E+00
0000141   3.1613E+02 -1.5845E+02  8.6210E+01
0000142   2.5080E+02  1.0822E+02 -2.0861E+02
0000143   3.6675E+02 -7.0764E+01 -1.5903E+02
0000144   2.1893E+02 -4.1623E+02  1.2158E+02
0000145   4.4532E+02  1.6641E+02  9.4110E+01
0000146   6.9633E+01 -6.9083E+01 -2.7826E+00
0000147   3.9211E+02 -1.1204E+02  4.9848E+01
0000148   2.3215E+02 -6.7525E+01 -6.4787E+00
0000149   2.2239E+02  4.1066E+01  1.1579E+02
0000150   1.0715E+02 -2.0463E+02  1.8447E+01
0000151   1.8971E+02 -4.1014E+02 -2.3413E+02
0000152   2.5528E+02 -2.4765E+02  5.5272E+01
0000153   6.1474E+02  7.1877E+01 -1.7217E+01
0000154   5.4762E+02 -6.9500E+01 -1.9167E+01
0000155   9.6573E+01  1.8028E+02  4.0263E+02
0000156   5.5453E+02  4.6421E+01  8.9124E+01
0000157   3.6371E+02 -1.2853E+02 -3.6547E+02
0000158   3.7021E+02  1.3683E+02  1.2983E+02
0000159   2.6851E+02  6.9629E+01  3.7305E+01
0000160   3.0120E+01  2.4295E+02 -2.7032E+00
0000161   2.2228E+02  9.7576E+01  2.5196E+02
0000162   3.8732E+02  7.9028E+01  7.2917E+01
0000163   5.3399E+02  1.4019E+02 -9.6675E+01
0000164   4.2536E+02  2.9277E+02  7.5638E+01
0000165   1.7584E+02 -1.9991E+01 -2.5220E+02
0000166   4.1568E+02  1.9158E+02 -4.7285E+01
0000167   4.2609E+02  4.3320E+00  2.3129E+01
0000168   5.0030E+02  2.4914E+02  2.2277E+01
0000169   4.0160E+02 -7.2878E+01  3.9628E+02
0000170   3.9313E+02  2.4235E+02  2.0462E+02
0000171   3.3605E+02 -1.4252E+02  1.2442E+02
0000172   4.7350E+02 -1.9006E+02  1.1876E+02
0000173   1.5991E+02  1.5074E+01 -5.6278E+01
0000174   1.5354E+02  2.6352E+02  1.0559E+02
0000175   2.2325E+02 -5.3436E+00 -7.6470E+01
0000176   1.3977E+02  4.0778E+01  2.4244E+02
0000177   4.0405E+02 -2.1132E+02  9.1376E+01
0000179   6.0255E+00 -1.8556E+02 -1.0993E+02
0000180   2.2804E+02  2.1648E+02 -2.5895E+02
0000181   2.7641E+02 -1.9994E+00  3.2807E+01
0000182   1.5862E+02 -1.9470E+02 -1.9407E+02
0000183   2.3414E+02  1.3240E+02 -1.2385E+02
0000184   4.6187E+02 -5.8648E+01 -1.2732E+02
0000185   2.8616E+02 -7.8227E+01 -2.2348E+02
0000187   5.9643E+02 -7.9411E-01  6.5987E+01
0000188   1.9595E+02  1.8778E+01 -1.0335E+02
0000189   2.7986E+01 -2.9111E+02  9.1433E+01
0000190   4.5853E+02  1.0767E+02  1.1698E+02
0000192   2.6082E+02  3.9195E+00  8.2092E+00
0000193   1.0072E+02  5.1829E+01  1.0794E+02
0000194   3.9080E+02 -1.3775E+02 -5.4392E+02
0000195   4.3265E+02  1.3237E+02 -1.3583E+02
0000196   3.3109E+02  2.0179E+02 -1.0058E+02
0000197   4.0338E+02 -1.5205E+01 -1.2804E+02
0000198   3.8574E+02  1.6150E+02  7.1389E+01
0000199   1.0878E+02  1.5139E+02  3.3713E+02
0000200   5.5389E+02 -2.8406E+01 -1.2050E+02
0000201   4.0064E+02  5.5177E+01  1.2068E+02
0000202   8.2371E+01 -4.6054E+00 -2.3676E+02
0000203   1.1820E+02 -6.2738E+01 -1.5020E+02
0000204   4.2572E+02 -3.6922E+02 -7.1663E+01
0000205   2.2511E+02 -3.1562E+02  1.2439E+02
0000206   4.6976E+02 -3.0781E+02  1.4118E+02
0000207   3.6554E+02 -7.8489E+01 -2.2504E+02
0000208   4.4016E+02 -1.0147E+02 -5.2633E+01
0000209   7.6779E+01 -1.6254E+02  4.9145E+01
0000210   2.6668E+01  3.0520E+01 -2.9537E+01
0000211   5.6814E+02  1.4249E+02 -2.0515E+02
0000212   2.1430E+02  6.9748E+01  1.6373E+02
0000213   4.7026E+02  1.3295E+01 -2.6949E+02
0000215   2.3881E+02 -3.8561E+02  1.3408E+02
0000216   7.4059E+02  3.2067E+01 -1.5794E+02
0000217   5.2527E+02 -3.5077E+02  8.8910E+01
0000218   5.6538E+02 -8.7478E+01 -2.8093E+01
0000219   6.0774E+02  9.8045E+01 -1.3062E+02
0000220   1.8729E+02  1.9324E+02  1.1288E+02
0000221   1.7423E+02  9.9111E+01 -1.5541E+02
0000222   3.4189E+02 -2.0096E+02 -4.0198E+01
0000223   4.4939E+02  9.7117E+00  1.2978E+02
0000224   1.6286E+02 -1.1671E+02 -1.8929E+02
0000225   2.2321E+02  2.6867E+02  2.3405E+02
0000226   4.0188E+02 -3.7319E+01 -1.5652E+01
0000227   1.4433E+02 -4.8419E+02  2.0768E+01
0000228   2.6154E+02 -2.3474E+01  2.5977E+02
0000229   1.8853E+02 -1.6529E+02 -3.8683E+02
0000230   4.3671E+02 -2.9491E+02  1.0822E+02
0000231   2.5614E+02  3.2187E+01 -1.8014E+02
0000232   2.7151E+02  7.6802E+01 -1.7194E+02
0000233   2.2251E+02  3.5499E+01 -9.5903E+01
0000234   1.3617E+02 -2.7344E+02  1.5743E+02
0000235   2.3487E+02 -2.2751E+02 -7.2087E+01
0000236   4.2627E+02 -3.6821E+02 -1.6304E+02
0000237   4.7031E+02 -1.9534E+01 -3.8231E+01
0000238   2.8093E+02 -1.2089E+02 -4.1423E+01
0000239   1.5722E+02 -6.4248E+01  1.4670E+02
0000240   4.7313E+02 -2.3309E+02 -2.8011E+02
0000241   3.5551E+02 -4.1323E+02  8.6596E+01
0000242   3.6467E+02 -4.8414E+01 -9.3935E+01
0000243   2.8390E+02  5.3543E+01  4.3474E+01
0000244   3.9985E+02  3.0184E+02  1.4018E+02
0000245   3.0500E+02  3.1511E+02 -1.7526E+02
0000246   3.2461E+02  1.3306E+02 -8.3290E+01
0000247   1.2603E+02 -7.6627E+00 -1.0262E+02
0000248   2.4369E+02 -3.7383E+01 -4.6004E+01
0000249   2.3166E+02 -2.5503E+02  4.5683E+01
0000250   1.8587E+02  3.6329E+02  2.6239E+02
0000251   3.0293E+01 -1.7483E+02  4.9529E+01
0000252   1.2704E+02 -1.0730E+02 -1.4221E+02
0000255   1.5898E+02  9.6531E+01 -2.2255E+02
0000256   2.6686E+02 -1.3217E+02  9.5175E+01
0000257   3.0158E+02  3.0918E+02 -2.1680E+02
0000258   5.1301E+02  4.5934E+01 -1.4730E+01
0000259   3.0823E+02 -7.7471E+01  4.0137E+01
0000260   3.8115E+02 -9.3168E+00  3.8199E+01
0000261   8.3286E+01  4.2562E+01 -3.7394E+01
0000262   2.2988E+02 -1.4062E+02  6.2710E+01
0000264   1.2603E+02 -1.4336E+02 -1.6294E+02
0000265   7.1690E+01  5.2041E+01 -1.2568E+02
0000266   1.5373E+02  2.0697E+02  9.2975E+01
0000267   4.6139E+02  1.0756E+02  9.2167E-02
0000268   3.6368E+02 -7.1137E+01 -1.4778E+02
0000269   3.4089E+02  3.8921E+02 -1.2189E+02
0000270   4.3163E+02 -2.5070E+02 -1.1690E+02
0000271   3.6047E+02 -1.1464E+02  1.1826E+02
0000272   1.4097E+02 -2.3291E+02 -1.3462E+02
0000273   2.9568E+02 -2.4352E+02  1.1561E+02
0000274   2.1016E+02 -3.1724E+02  2.7301E+02
0000275   4.7703E+02 -9.4047E+01  1.3409E+02
0000277   6.6019E+01 -1.0157E+02 -6.7134E+01
0000278   5.2005E+02  1.5136E+02 -7.5198E+01
0000279   2.4994E+02  2.1634E+02  2.6820E+01
0000281   1.2801E+02 -1.7323E+02  3.1837E+00
0000282   7.7090E+01  2.6878E+02 -1.9046E+01
0000283   1.9990E+02 -5.9079E+01 -4.2955E+01
0000284   3.0508E+02  1.7902E+02 -6.9587E+01
0000286   4.9193E+02  2.4990E+02  1.3400E+02
0000287   3.8221E+02 -3.4657E+01  2.7174E+01
0000288   2.0264E+02  7.4692E+01 -1.8394E+02
0000289   4.3196E+02 -2.1980E+01  1.9346E+01
0000290   2.7727E+02  2.3113E+02 -2.4875E+02
0000291   2.8226E+02 -1.3125E+02  1.5685E+02
0000292   3.4555E+02  1.2668E+01 -8.6621E+01
0000293   4.6726E+02  1.0320E+02 -1.2300E+02
0000295   3.4489E+02 -6.7216E+01  7.0423E+01
0000296   1.8519E+02 -4.9571E+01 -1.0747E+02
0000297   2.7345E+02  1.8728E+02 -1.1016E+02
0000298   1.7500E+02 -1.1929E+02  4.2253E+01
0000299   1.8920E+02 -2.0512E+02 -4.9917E+01
0000300   4.6195E+02 -3.0081E+01 -3.0270E+02
0000301   3.5986E+02  2.9292E+02  2.5586E+02
0000302   4.6898E+02 -2.1163E+02  2.3200E+02
0000303   2.3182E+02  1.0754E+02  1.0768E+02
0000304   4.3646E+02  2.1585E+01  1.0690E+02
0000305   3.2406E+02  2.6773E+02  9.1307E+01
0000306   2.2388E+02 -6.7458E+01  2.0806E+02
0000307   1.8041E+02 -1.3015E+02 -5.9064E+01
0000308   2.1336E+02 -1.1580E+01 -5.8564E+01
0000309   2.9818E+02  1.6800E+02  1.6521E+02
0000310   3.8046E+02  9.2143E+01  4.6886E+01
0000311   2.4182E+02 -1.7434E+02 -1.3755E+01
0000312   3.8070E+02  6.1290E+01  2.5293E+02
0000313   2.6359E+02 -4.4172E+01 -7.3941E+01
0000314   5.6468E+02 -3.5114E+01  7.7781E+01
0000315   4.1755E+02 -6.6100E+01  6.6769E+00
0000317   4.4944E+02 -2.1621E+02 -1.6044E+02
0000318   3.3296E+02  8.9632E+01 -3.6720E+01
0000319   5.1928E+02  1.3732E+01 -4.7621E+01
0000320   4.6149E+02  4.4426E+01 -4.4778E+02
0000321   5.1369E+02 -1.2725E+01  8.7444E+01
0000322   1.3657E+02  1.0387E+02 -2.1100E+02
0000323   2.0531E+02 -1.2303E+02 -5.8164E+01
0000324   2.7259E+02 -2.1694E+02  3.0695E+01
0000325   3.3039E+02 -1.0327E+02  9.7547E+01
0000326   9.7132E+01 -1.1211E+02 -1.3931E+02
0000327   3.4373E+02 -2.8749E+02  1.7132E+02
0000328   1.5331E+02  1.1561E+01  2.5064E+02
0000329   1.9362E+02 -7.5728E+01 -1.4531E+02
0000330   2.2643E+02 -2.2393E+02  2.0530E+02
0000331   2.9598E+02 -1.8994E+00  1.6276E+01
0000332   2.3599E+02  3.1894E+01 -1.3564E+02
0000333   2.6407E+02 -8.2372E+01  2.3820E+02
0000334   2.1859E+02 -2.0615E+02  9.9765E+01
0000335   2.9822E+02 -1.6605E+02  1.7182E+02
0000336   3.4664E+02 -1.0536E+02 -8.2022E+01
0000337   4.2605E+02  9.9213E+01 -3.3707E+02
0000338   3.2383E+02 -1.7254E+02 -1.3319E+02
0000339   8.6508E+01 -1.0588E+01 -3.3162E+02
0000340   3.3600E+02 -2.9847E+00 -1.6714E+02
0000341   4.5593E+02 -1.0763E+02  5.1900E+01
0000342   1.6646E+01  2.2772E+02 -1.3141E+02
0000343   2.4697E+02  2.6961E+02 -1.9386E+02
0000344   2.8463E+02  7.5458E+01 -9.9879E+00
0000345   4.5639E+02  1.7599E+02  1.6775E+02
0000346   1.6610E+02  7.1441E+01 -3.1262E+02
0000347   3.2438E+02 -3.1738E+02 -1.3984E+02
0000348   4.3215E+02 -5.4252E+01 -2.3693E+02
0000349   4.9311E+02 -1.3395E+02  2.0748E+02
0000350   3.6627E+02 -1.0323E+01 -6.3668E+00
0000352   4.3118E+02 -1.9887E+02  1.6250E+02
0000353   5.4058E+02 -1.5006E+02  1.8906E+02
0000354   4.8897E+02  1.1331E+02  8.2632E+01
0000355   1.4015E+02  1.3464E+02 -3.3772E+01
0000356   3.0419E+02 -1.4797E+01  9.9977E+01
0000357   5.0718E+02 -2.7026E+02  2.6464E+02
0000358   2.9001E+02 -2.7708E+01 -8.4808E+01
0000359   4.3339E+02 -3.4426E+02 -7.5547E+00
0000361   4.1919E+02 -3.2491E+02  6.3371E+01
0000362   4.0570E+02 -1.7532E+02 -3.1962E+02
0000363   4.0215E+02  2.0930E+02  1.4185E+01
0000364   2.1176E+02  8.5723E+01  1.2466E+02
0000365   1.4785E+02 -6.0305E+01 -2.7709E+01
0000366   3.4064E+02  7.1479E+01 -1.5450E+02
0000367   2.7301E+02 -8.7243E+01  2.8223E+02
0000368   3.3555E+02  2.6101E+02 -3.0499E+02
0000369   4.0573E+02 -1.2458E+02  2.0327E+02
0000370   5.3919E+02  3.7651E+01  1.6623E+02
0000371   2.6907E+02 -2.5466E+01  7.0649E+01
0000372   3.2270E+02  1.5807E+01  1.3171E+02
0000373   5.4988E+02  1.5912E+00 -2.2592E+02
0000374   2.3527E+02 -6.5319E-01 -3.2578E+02
0000375   3.5357E+02  1.3407E+02  8.3722E+00
0000376   8.4176E+01  1.4853E+02 -3.3580E+02
0000377   1.6390E+02  9.7521E+00 -1.0517E+02
0000378   3.1737E+02 -1.2337E+02  3.4899E+02
0000379   3.1077E+02  1.2915E+02  4.4413E+02
0000380   2.8414E+02 -1.1757E+02  2.1792E+02
0000381   4.1106E+02 -1.5080E+02  1.9732E+02
0000382   1.7388E+02 -1.8717E+02  1.0568E+02
0000383   2.6938E+02 -5.2584E+01  4.9870E+02
0000384   1.8773E+02  2.9022E+02 -8.9757E+01
0000385   2.9928E+02 -1.3310E+01 -1.7004E+02
0000386   2.3767E+02 -1.9290E+02  6.6441E+01
0000388   1.7139E+02  1.3468E+02 -1.2673E+02
0000389   6.8346E+02  1.4881E+02 -1.1598E+02
0000390   4.6394E+02 -2.4071E+02 -2.3164E+02
0000391   2.5317E+02 -9.5227E+01 -5.3760E+01
0000392   4.8451E+02 -4.3234E+01 -1.1843E+02
0000393   1.4524E+02  1.8574E+02 -2.9637E+01
0000394   2.0977E+02  2.6546E+02  1.7273E+02
0000395   8.4156E+01  1.5682E+02  1.7626E+02
0000396   1.5303E+02 -1.5701E+02  7.6997E+01
0000397   3.0904E+02  1.0234E+02 -1.9353E+01
0000398   3.1008E+02 -1.6739E+00  1.1226E+02
0000399   3.0954E+02  2.1598E+02  5.3956E+01
0000400   4.4617E+02 -2.6662E+02  1.0264E+02
0000401   3.6904E+02 -6.0393E+00  1.2399E+02
0000403   2.0182E+02  3.3886E+01 -1.7491E+02
0000404   5.9815E+02  2.3109E+02 -5.5461E+01
0000406   3.9857E+02  2.7760E+01  1.5030E+02
0000407   3.8893E+02 -1.9389E+01  6.3611E+01
0000409   2.4316E+02  3.0333E+02 -9.6109E+00
0000410   9.6952E+01 -8.3595E+01 -8.9621E+01
0000411   4.9095E+02  4.4425E+01 -3.3317E+02
0000412   6.9413E+01  3.4421E+02 -4.7045E+01
0000413   4.4047E+02 -2.8471E+02 -3.3547E+02
0000414   2.9944E+02 -1.3763E+02 -1.7958E+02
0000415   1.1610E+02  3.2774E+02 -1.9041E+01
0000416   6.7462E+02 -2.1966E+01  7.3516E+01
0000417   3.8216E+02 -2.3975E+02  9.5083E+01
0000419   2.0242E+02  3.9547E+01  1.2108E+02
0000420   2.5193E+02 -2.7500E+02 -1.1602E+01
0000421   2.0286E+02  6.0880E+01  3.5347E+02
0000422   4.0176E+02 -2.5895E+02  1.0890E+02
0000423   4.4042E+02 -3.2160E+02 -2.9900E+02
0000424   3.9502E+02 -5.5099E+01  1.1797E+02
0000425   5.1874E+02 -8.7240E+01  1.9920E+02
0000426   1.1236E+02 -2.0601E+02  1.3672E+02
0000427   2.4643E+02 -3.0722E+02  1.1594E+02
0000428   1.2649E+02  3.9265E+01 -1.6142E+02
0000429   4.5016E+02 -1.1955E+02  6.1636E+01
0000430   2.1822E+02  1.6820E+01  1.8769E+02
0000431   4.0831E+02  8.3874E+01  7.4102E+01
0000432   6.2716E+01 -7.1898E+01 -1.6433E+01
0000433   9.5126E+01 -1.8921E+02 -2.4254E+01
0000434   5.1543E+02 -2.3713E+02  2.0034E+02
0000435   3.7836E+02  3.9949E+01  3.6690E+01
0000436   1.5445E+02  3.3149E+00  3.3261E+02
0000437   3.0630E+02 -1.5998E+02 -1.0947E+02
0000438   6.3353E+02 -1.4630E+02  1.0874E+02
0000439   4.6877E+02  9.4987E+01 -1.7566E+02
0000440   1.2426E+02  1.4934E+02 -1.0969E+02
0000442   4.2821E+02  3.4749E+02 -1.2723E+02
0000443   4.1449E+02  3.1765E+01  2.0450E+02
0000444   4.4514E+02  3.6533E+01 -1.3445E+02
0000445   9.3000E+01 -6.5678E+01  1.8464E+02
0000446   1.5670E+02  1.5598E+02 -3.6111E+02
0000447   3.0840E+02  2.1921E+02 -5.3308E+02
0000448   5.0034E+02  3.3375E+02 -2.5781E+02
0000449   1.8012E+02  1.5153E+02 -9.6697E+01
0000450   8.2031E+02 -2.3648E+02  1.3373E+02
0000451   1.2583E+02  9.1444E+01  6.1091E+00
0000452   2.1238E+02 -6.8339E+01 -1.4890E+02
0000453   3.0760E+02  2.1638E+02 -1.3081E+02
0000454   1.2695E+02  1.8551E+02  1.1600E+02
0000455   3.1588E+02  8.1245E+01  4.6065E+02
0000456   4.6907E+02 -3.2024E+02 -5.6452E+01
0000457   5.8175E+02  3.8236E+02  9.1720E+01
0000458   1.8403E+02 -2.9686E+02  3.9215E+02
0000459   1.8940E+02 -6.6612E+01 -3.2074E+02
0000460   4.0655E+02 -5.5101E+01 -1.1412E+02
0000461   2.4926E+02 -6.1041E+01 -3.4295E+02
0000462   2.6025E+02  6.1668E+00 -2.6862E+02
0000463   5.9253E+02  4.1361E+01  3.3899E+02
0000464   4.1892E+02 -3.1589E+02  1.2204E+02
0000466   1.0281E+02  1.7542E+01  1.8913E+02
0000467   1.9323E+02 -2.0501E+02 -3.2470E+02
0000468   5.1575E+02 -1.3890E+02  2.8253E+02
0000469   3.7978E+02 -4.6842E+02  6.3788E+01
0000470   3.9865E+02  2.2025E+02 -1.6173E+02
0000471   3.2050E+02  1.1725E+02 -9.8937E+01
0000472   1.5687E+02  4.0314E+02 -9.5941E+01
0000473   1.7156E+02  8.5689E+01 -1.1243E+01
0000474   2.6508E+02  1.1033E+02  7.7051E+01
0000475   1.2907E+02 -3.6213E+02 -1.1314E+02
0000476   4.5265E+02 -9.6822E+00  2.5217E+02
0000477   4.3356E+02  1.6567E+02 -1.0956E+02
0000478   5.8852E+02  1.2483E+02 -1.4424E+02
0000479   1.5130E+02  1.2895E+02 -7.8359E+01
0000480   3.7420E+02 -1.0797E+02  1.5579E+02
0000481   3.5317E+02 -3.8272E+01 -2.6915E+02
0000482   1.7759E+02 -3.4010E+01  2.7957E+01
0000483   6.5474E+01 -4.5722E+01  1.2937E+02
0000484   1.0557E+02  3.2223E+01 -8.9157E+01
0000485   3.6193E+02  1.5397E+02 -3.8183E+02
0000486   3.0599E+02 -3.0642E+02 -1.1629E+02
0000487   5.1575E+02 -9.1861E+01 -2.7824E+02
0000489   5.1631E+02 -8.4072E+01 -1.4112E+02
0000490   2.1509E+02 -3.6564E+01  4.8186E+02
0000491   2.6381E+02  4.7513E+01  3.0097E+01
0000492   4.2568E+02 -6.7515E+01 -7.2909E+00
0000493   9.9479E+00 -5.4284E+01 -3.5756E+01
0000494   1.5557E+02  1.6388E+02  1.1987E+02
0000495   4.8332E+02 -3.1212E+02 -1.4149E+02
0000496   3.6814E+02 -9.0023E+01 -3.8110E+02
0000497   5.4124E+02  2.3846E+02 -1.8785E+02
0000498   7.0337E+02 -1.3821E+02 -1.7462E+02
0000499   5.4601E+02  2.4357E+01  9.0293E+01
0000500   2.9089E+02  1.4728E+02  2.5945E+02
0000501   4.1557E+02 -5.0356E+01 -1.1919E+01
0000502   2.3006E+02  9.0046E+01 -1.3292E+02
0000503   3.0538E+02 -2.7611E+01  2.5241E+01
0000504   6.2550E+02 -1.6035E+02 -2.7040E+02
0000505   5.7726E+02 -1.7194E+02 -7.0683E+01
0000506   2.7162E+02 -1.2441E+02 -2.4642E+01
0000508   3.6710E+02  8.4161E+01  2.7091E+02
0000509   2.4424E+02 -1.2944E+02  1.6040E+02
0000510   4.3717E+02 -1.8105E+02 -2.1033E+02
0000511   2.6323E+01  9.0817E+01 -1.3119E+02
0000512   1.3308E+02 -2.3713E+02  1.5095E+02
0000513   1.0077E+02  1.9845E+01 -1.8731E+02
0000514   1.9692E+02  7.0040E+01  1.7696E+02
0000515   3.0698E+02  2.4478E+01 -1.1711E+02
0000516   4.2369E+02  9.3390E+01  1.8541E+02
0000517   2.1296E+02 -1.6199E+02  9.8122E+01
0000518   1.7760E+02  1.6733E+02  2.3918E+02
0000519   1.5719E+02 -7.2060E+01 -1.4044E+02
0000520   4.8788E+01  1.4310E+02 -6.1674E+01
0000521   5.0169E+02  1.7432E+01 -1.5809E+02
0000522   4.6608E+02 -1.7130E+01 -1.9028E+02
0000523   7.9983E+01  9.2122E+01 -5.6429E+01
0000524   3.8456E+02 -2.1195E+01  1.8345E+02
0000525   2.5554E+02  1.4596E+01 -8.6628E+01
0000526   4.3568E+02  6.8973E+01  5.6958E+01
0000527   3.3019E+02 -4.4434E+02 -2.6462E+01
0000528   5.4020E+02  3.9594E+02  1.0551E+02
0000529   3.0804E+02  8.2927E+01 -6.8654E+01
0000530   4.8843E+02  6.2632E+00  3.1641E+01
0000531   2.7094E+02  9.5615E+01 -2.9674E+02
0000532   2.2660E+02  9.2865E+01 -3.4950E+02
0000533   2.2278E+02 -2.7219E+02 -4.1701E+01
0000534   2.1285E+02  2.0422E+02  1.2831E+01
0000535   1.6201E+02 -2.5985E+02 -8.3665E+01
0000536   4.8444E+02 -4.0215E+01  2.1036E+02
0000537   3.6677E+02 -1.6094E+01 -2.5384E+02
0000538   3.5099E+02  4.6014E+01  1.8452E+02
0000539   5.0431E+02  1.6856E+02  2.3676E+02
0000540   2.5536E+02  2.8364E+01  1.3152E+02
0000541   3.4850E+02  1.1634E+02  1.1206E+02
0000542   2.4404E+02  1.3749E+02 -4.4831E+01
0000543   2.4158E+02 -2.6792E+01  2.3782E+02
0000544   1.8536E+02 -2.9966E+02  2.2723E+02
0000545   1.7249E+02 -1.9989E+02 -1.8494E+02
0000546   3.6253E+02  2.3458E+02 -3.2429E+02
0000547   5.1072E+01  1.3690E+02 -6.2003E+01
0000548   2.9942E+02 -6.3160E-01  2.3064E+01
0000549   1.1479E+02  8.7672E+01 -1.3957E+02
0000550   3.2510E+02  4.5003E+01  8.3212E+00
0000551   8.6756E+01  1.4301E+02 -2.5400E+02
0000552   2.2102E+02  1.5547E+02 -1.5794E+02
0000553   5.3646E+02  5.0988E+00  2.1768E+01
0000554   6.4812E+02  9.0593E+01  2.0025E+01
0000555   2.7171E+02 -7.0589E+01  4.9835E+01
0000556   5.5150E+02  2.5204E+00 -1.7186E+02
0000557   2.5294E+02 -1.9775E+02  1.3471E+01
0000558   2.9200E+02 -8.0134E+01 -1.2202E+01
0000559   3.7139E+02  1.5302E+02 -9.3688E+01
0000560   3.2727E+02 -1.0978E+01 -1.6003E+02
0000561   4.5746E+02 -2.7571E+02 -4.2358E+02
0000562   3.6623E+02 -4.0502E+01  9.5737E+01
0000563   2.8991E+02  3.6128E+01  1.3312E+00
0000564   3.6198E+02 -9.4685E+01  3.5530E+02
0000565   4.2876E+02  6.3247E+01  4.8758E+01
0000566   4.0608E+02 -9.4710E+01  1.1297E+02
0000567   6.0334E+01  1.4967E+02  6.0385E+01
0000568   6.9993E+02  1.8692E+02 -1.6880E+02
0000569   5.5502E+02 -7.3239E+01  1.7587E+02
0000571   2.0637E+02 -1.7518E+02  4.0656E+01
0000572   3.9900E+02  2.1313E+02  3.5791E+02
0000573   2.5245E+02  1.0436E+02  2.8485E+02
0000574   2.9285E+02 -7.3136E+01  2.0195E+02
0000575   3.8559E+02 -6.2204E+01  2.0112E+01
0000576   2.3904E+02 -1.6919E+02  3.1552E+02
0000577   1.6585E+02  1.8619E+02  8.2939E+01
0000578   4.1663E+02  4.5531E+01  7.5357E+01
0000579   1.6879E+02  6.0919E+01 -1.8270E+01
0000580   7.8172E+01  3.8024E+01  2.4251E+02
0000582   3.1099E+02 -7.8110E+01  3.1018E+02
0000583   7.8562E+01  1.9864E+02  2.4839E+01
0000584   2.7986E+02 -1.4121E+02 -2.4217E+02
0000585   4.3850E+02 -2.1021E+01  3.4569E+02
0000586   8.6592E+00  1.0900E+02 -2.2472E+02
0000587   5.3068E+01 -1.0264E+02  7.7742E+01
0000588   3.8835E+02  3.2413E+02 -1.4227E+02
0000589   3.2535E+02  7.2609E+01  3.0833E+01
0000590   3.9043E+02  1.1593E+02 -2.5567E+01
0000591   1.1802E+02 -9.5700E+00  6.8185E+01
0000592   1.3887E+02  1.6452E+02 -1.1780E+02
0000593   7.7821E+01  2.9136E+02 -3.7398E+02
0000594   4.9035E+02  1.1541E+02 -2.1922E+01
0000595   3.0877E+02  9.5873E+01  2.6900E+00
0000597   3.4029E+02 -8.4314E+01  3.0491E+02
0000598   2.4647E+02 -1.9449E+02  9.8709E+01
0000599   3.5969E+02  1.3963E+02 -9.9823E+00
0000600   4.9881E+02  7.8835E+01  2.4512E+01
0000601   2.6255E+02  2.6305E+02 -2.1775E+02
0000602   2.1745E+02  2.7973E+02 -3.1228E+01
0000603   1.6291E+02 -1.2261E+02 -2.5798E+02
0000604   3.8284E+02  5.6470E+01  2.6744E+02
0000605   1.8696E+02 -1.8836E+02  1.9959E+02
0000606   1.4638E+02  1.7780E+02 -3.8826E+02
0000607   2.3883E+02 -7.9415E+01  3.2294E+02
0000608   2.8727E+02 -1.3033E+02 -3.1292E+01
0000609   2.4469E+02 -9.5422E+01 -2.2039E+02
0000610   5.4137E+02  2.2085E+01 -4.7725E+01
0000611   2.4742E+02 -1.5583E+02 -7.7031E+01
0000612   1.7026E+02  3.7534E+01 -4.3160E+01
0000614   4.0599E+02 -1.1193E+02  1.5827E+02
0000615   3.1226E+02  4.5211E+01  4.1794E+01
0000616   3.6016E+02  9.1346E+01 -5.2951E+02
0000617   3.4290E+02 -4.8347E+01 -1.3885E+02
0000618   2.4876E+02 -1.7096E+02 -6.7126E+01
0000619   4.6927E+02 -2.1860E+02  4.6583E+01
0000620   1.2295E+02 -1.9950E+02 -1.1312E+02
0000621   2.7214E+02  4.1931E+01  1.5164E+02
0000622   9.7019E+01  2.6800E+01  6.1695E+01
0000623   2.8264E+02 -2.5087E+01 -2.8150E+02
0000624   1.8785E+02  7.6644E+01 -5.4070E+01
0000625   6.0354E+01 -5.5631E+00  1.5418E+02
0000626   3.4886E+02  1.6336E+02  3.2519E+01
0000627   2.2233E+01  1.8902E+01  2.9993E+02
0000628   5.6093E+02 -1.5622E+02 -2.1289E+02
0000629   5.6193E+02  3.4344E+02 -1.8214E+02
0000630   6.0360E+02 -1.3517E+02 -4.3012E+01
0000631   2.6470E+02 -1.9960E+02 -7.7830E+01
0000632   3.2632E+02 -1.5815E+02  1.0902E+01
0000633   2.4264E+02 -2.0438E+01 -1.7462E+01
0000634   1.3309E+02  2.3775E+01 -6.5261E+01
0000636   1.8358E+02 -9.9891E+01  4.9341E+00
0000637   3.1913E+02  5.9489E+01 -2.0190E+02
0000638   4.2574E+02 -6.5742E+01  1.3193E+02
0000639   9.3352E+01 -6.8140E+01  7.8538E+01
0000640   2.0776E+02  6.4284E+00 -1.4436E+02
0000641   4.6595E+02  4.5683E+02 -9.6856E+01
0000642   1.9931E+02  8.3555E+01  1.6895E+02
0000643   1.6837E+02  8.7925E+01 -5.5769E+01
0000644   9.5479E+01 -3.4116E+01 -1.2329E+02
0000645   2.5153E+02  3.9081E+02 -1.0183E+02
0000646   4.2979E+02 -9.7592E+01  1.1424E+02
0000647   3.5307E+02 -4.9689E+02 -1.9058E+02
0000648   9.3733E+01  9.8622E+01 -1.3705E+02
0000649   1.1933E+02 -2.7372E+02  4.1114E+01
0000650   3.6108E+02  1.6405E+02 -4.4879E+01
0000651   2.0263E+02  9.1860E+01  7.8703E+01
0000652   2.4885E+02  1.8752E+02  2.6233E+01
0000653   4.8514E+02 -3.5251E+01 -2.8355E+02
0000654   3.4187E+02 -5.5188E+01  3.9054E+01
0000655   2.5562E+02 -4.9146E+02  6.6674E+01
0000656   7.1301E+02  1.4506E+02  1.3556E+02
0000657   3.0536E+02  1.5249E+02  7.5628E+01
0000658   3.3933E+02  4.4687E+01 -2.5372E+02
0000660   3.0272E+02  2.0409E+02  1.7932E+02
0000661   5.6234E+01 -2.3719E+02  8.8082E+01
0000662   2.9205E+02  3.1333E+00 -2.8067E+02
0000663   3.6520E+02  9.6162E+01  2.5404E+02
0000664   2.2381E+02  8.9811E+01  1.1073E+01
0000665   3.2362E+02 -9.0138E+01 -1.7553E+02
0000666   1.1103E+02  3.3018E+02  1.0585E+02
0000667   1.3058E+02 -2.9126E+02 -9.0934E+01
0000668   2.6370E+02 -2.0573E+02 -3.2234E+02
0000669   2.1003E+02 -2.9057E+02 -9.4132E+01
0000670   3.4186E+02  2.0963E+02 -1.4594E+02
0000671   3.3687E+02  6.2764E+01 -2.8937E+01
0000672   1.7578E+02  2.4341E+02  1.5164E+02
0000673   1.5601E+02 -2.5617E+02 -9.3505E+00
0000674   6.3553E+01  1.2383E+00 -5.9653E+01
0000675   2.0342E+01 -2.1849E+02 -4.5151E+01
0000676   3.7299E+02 -1.6806E+02 -9.4454E+01
0000677   6.2127E+02  3.6070E+01  6.9163E+01
0000678   3.4633E+02  2.0955E+02 -9.6458E+01
0000679   4.1215E+02  3.0763E+01 -1.9550E+02
0000680   4.5062E+02  4.8231E+02 -1.8616E+01
0000681   6.2178E+02 -9.5191E+01 -1.8926E+02
0000682   6.1544E+02  1.7337E+02  2.4165E+02
0000683   2.1209E+02  1.3787E+02 -1.2168E+02
0000684   1.8331E+02 -1.5330E+02  2.6741E+02
0000685   5.3226E+02 -1.1143E+02  2.1991E+01
0000686   2.3796E+02  4.7663E+01  2.4261E+01
0000687   4.3967E+02 -4.4355E+02  7.0889E+01
0000688   3.5273E+02  4.9475E+01 -6.0348E+01
0000689   3.8401E+02 -2.0395E+02 -1.6095E+02
0000690   5.8780E+02 -3.4687E-01 -1.7175E+01
0000691   6.6529E+02  7.2751E+01  3.2671E+02
0000693   8.2466E+01  1.8424E+02  1.8583E+02
0000694   1.5754E+02  1.4544E+02 -1.3912E+02
0000696   4.4055E+02  3.3370E+02  9.2404E+01
0000697   4.4092E+02  1.0010E+01  9.6255E+01
0000698   3.5311E+02 -4.5679E+01 -2.2573E+02
0000699   6.8145E+01 -3.9911E+01 -7.6766E+01
0000700   1.4647E+02  2.1865E+02 -1.6049E+02
0000701   4.0250E+02 -2.5854E+02 -1.7384E+02
0000703   1.9919E+02  7.7555E+01 -2.8921E+01
0000704   2.0094E+02 -1.2639E+02 -3.8972E+01
0000705   4.3167E+02  4.4695E+01  1.5245E+02
0000706   2.9795E+02 -2.5708E+02 -9.1164E+01
0000707   4.4382E+01  1.4192E+01  8.8592E+01
0000708   2.6282E+02 -3.1600E+02  1.7314E+02
0000709   2.3376E+02  7.1608E+01 -4.1500E+01
0000710   2.0597E+02  6.1316E+01  2.0402E+02
0000711   2.3100E+02  9.6815E+01 -4.5139E+01
0000712   8.9232E+01 -2.6280E+01 -2.8502E+02
0000713   2.3394E+02  1.2147E+02 -2.9299E+02
0000714   4.4182E+02  2.1274E+02 -1.3350E+02
0000715   3.8519E+02 -8.8098E+01 -4.3680E+00
0000716   1.3817E+02  2.0328E+02 -2.9839E+02
0000717   4.0081E+02 -1.0192E+02  1.2639E+02
0000718   1.7443E+02  1.3229E+02 -3.4087E+01
0000719   5.6353E+02 -2.6049E+01 -6.6774E+01
0000720   1.0443E+02  2.5180E+02  1.6101E+01
0000721   1.6479E+02 -4.1418E+01  1.1129E+02
0000722   2.9448E+02 -2.4477E+01 -1.6085E+02
0000723   2.1608E+02  1.1806E+02  1.2765E+02
0000724   5.4393E+02 -4.2850E+02  4.0306E+02
0000726   2.0339E+02  4.4752E+01  8.7002E+01
0000727   6.1861E+02 -7.2673E+01 -3.2510E+02
0000728   3.0258E+02 -7.0565E+01  1.4720E+02
0000729   6.3175E+01 -7.6366E+01  1.3404E+02
0000730   2.5053E+01  1.1495E+02  1.3957E+02
0000731   1.6322E+02  3.2747E+01 -3.9335E+02
0000732   2.6226E+02  8.5339E+01 -6.1169E+01
0000733   4.1402E+02 -2.6267E+02  1.5649E+02
0000734   4.3651E+02  2.1970E+02  7.5370E+00
0000735   1.2277E+02  2.6053E+01  2.4930E+02
0000736   1.9582E+02  1.5498E+02 -1.2122E+02
0000737   3.9169E+02  1.3830E+02 -6.6664E+01
0000738   4.3707E+02 -1.4819E+02  3.9705E+02
0000739   3.7060E+02  2.4335E+01 -1.3184E+00
0000740   1.1488E+02  4.1604E+00  1.0902E+01
0000741   4.0203E+02  4.5766E+01 -5.7974E+00
0000742   2.3635E+02 -3.5651E+02  1.5566E+02
0000743   3.6680E+02  1.1551E+02  2.1024E+02
0000744   8.2818E+01 -2.9039E+02  3.7189E+02
0000745   3.8485E+02 -1.5876E+02  1.3017E+01
0000746   7.9616E+01 -3.1659E+02  5.3623E+01
0000747   7.3951E+01 -4.7923E+01 -3.6388E+02
0000748   3.8151E+02 -1.6421E+02 -3.7858E+01
0000750   5.3684E+02  2.6536E+02  2.3816E+01
0000751   1.7153E+02  2.1207E+01 -2.9848E+02
0000752   3.2088E+02 -7.2985E+00 -1.6629E+02
0000754   5.5884E+02 -1.4685E+02  2.1108E+02
0000755   4.2801E+02  1.0413E+02 -8.3609E+00
0000756   4.2922E+02 -1.4852E+01 -2.0574E+02
0000757   2.5121E+02  1.5308E+01  8.1537E+01
0000758   1.7628E+02 -3.9740E+01  1.0806E+02
0000759   1.1431E+02  9.3997E+01 -5.8314E+01
0000760   2.3219E+02 -9.5251E+01  3.5238E+02
0000761   3.4550E+02 -1.2897E+02  2.0618E+02
0000762   2.4374E+02  1.4573E+02 -3.2340E+02
0000763   2.4111E+02 -2.5601E+02 -4.2603E+01
0000764   2.8550E+02 -2.9460E+02 -6.4678E+01
0000765   4.9247E+01 -2.2082E+02 -5.7712E+01
0000766   6.9455E+01 -2.1092E+02 -2.2989E+02
0000767   5.9559E+02  1.0503E+02 -2.7365E+02
0000768   1.0253E+02 -9.0355E+01  6.1886E+01
0000769   1.0968E+02 -1.3423E+02 -1.3981E+02
0000770   1.4193E+02 -3.2506E+01  5.7639E+00
0000771   2.7205E+02 -2.7484E+02 -2.1889E+02
0000772   2.4623E+02  3.1918E+02  4.2436E+01
0000773   4.1117E+02 -1.8592E+02  5.2742E+01
0000774   3.1194E+02 -7.9256E+01 -6.7035E+01
0000775   3.3859E+02  2.2756E+02 -3.0765E+01
0000776   1.5677E+02 -3.3343E+01  1.1240E+02
0000777   4.8959E+02 -3.9827E+02  3.7751E+02
0000778   2.4475E+02 -5.8005E+00 -1.2340E+02
0000780   2.9996E+02 -7.4547E+01 -2.1245E+02
0000781   3.0171E+02 -4.7757E+02  7.3376E+01
0000782   3.9978E+02  3.1386E+02 -2.4473E+02
0000783   3.2816E+02 -2.3555E+02 -2.8855E+01
0000785   1.9201E+01  5.7665E+01  1.3821E+01
0000786   3.2862E+02  2.1488E+02  8.6816E+01
0000787   4.4700E+02  4.6276E+01  3.2315E+01
0000788   8.0173E+01 -5.4057E+01  6.2222E+01
0000789   5.0709E+01 -7.2740E+01  2.0847E+02
0000790   4.1632E+02 -1.5528E+01 -1.1462E+02
0000791   7.6034E+01 -1.1106E+02 -1.1910E+02
0000792   4.2932E+02 -1.0431E+02 -3.1404E+02
0000793   2.3528E+02  5.1164E+01  9.0951E+01
0000794   3.6724E+01  1.9964E+01  5.9675E+01
0000795   2.3276E+02  1.2999E+02 -3.1325E+02
0000796   2.2236E+02 -1.2985E+02  7.5201E+01
0000797   4.9865E+02 -2.7824E+02  1.4173E+02
0000798   3.8842E+02  1.0548E+02  2.3101E+02
0000799   4.3231E+02  7.4538E+01  9.0861E+01
0000800   5.0596E+01  2.6807E+02  3.1210E+00
0000801   4.9745E+02  1.4582E+02  9.9258E+01
0000802   3.7400E+02 -3.9193E+01  2.8192E+02
0000803   2.3083E+02  7.3926E+01  2.7043E+02
0000804   3.2952E+02  3.1720E+01  8.8486E+01
0000805   2.0294E+02 -1.1033E+02  3.6923E+02
0000806   3.1689E+02 -6.7013E+01 -1.8178E+02
0000807   1.0457E+02  2.7762E+02 -1.2516E+02
0000808   4.8439E+02  1.2304E+02 -1.4446E+02
0000809   3.0559E+02 -1.1959E+01  4.0823E+02
0000810   2.0643E+02 -9.5665E+01  2.7021E+02
0000811   1.2816E+02 -3.3986E+02  4.0911E+02
0000812   3.1624E+02  8.8295E+01  3.3040E+02
0000813   1.7144E+02 -1.8605E+01  1.0620E+02
0000814   4.5717E+02  1.1659E+02 -6.2784E+02
0000815   1.2201E+02  3.9734E+01  1.9005E+02
0000816   4.1250E+02  2.4459E+01  3.2052E+02
0000817   1.8475E+02 -1.3786E+02 -1.1275E+02
0000818   2.7647E+01 -1.9429E+01 -1.1269E+01
0000819   5.4212E+02  1.0762E+02 -1.4823E+02
0000821   5.5485E+02 -1.0022E+02 -7.8956E+01
0000822   4.3811E+02 -1.8892E+02  4.5602E+02
0000824   1.8398E+02  3.6291E+01  9.9106E+01
0000825   1.4963E+02 -9.7899E+01 -3.2362E+01
0000826   1.6495E+02 -5.8987E+01 -3.5025E+00
0000827   1.8573E+02  6.0053E+01 -5.8794E-01
0000828   4.4370E+02 -1.4736E+02 -2.7926E+02
0000829   3.3480E+02  2.0521E+02  1.0761E+02
0000830   2.1612E+02 -4.1002E+01  2.9025E+02
0000831   3.7349E+02 -7.2651E+01  1.8890E+02
0000832   1.7091E+02  2.1096E+02  2.7593E+02
0000833   1.0729E+02 -1.2947E+02  1.0912E+02
0000834   4.3200E+02 -2.2657E+01 -5.3049E+01
0000835   1.5483E+02 -2.0308E+02 -1.0793E+02
0000836   1.8660E+02 -2.7911E+01  6.1864E+01
0000837   3.6223E+02  6.9749E+01 -1.7722E+02
0000838   5.0616E+02  3.6385E+02  1.0541E+02
0000839   5.6137E+01  1.5778E+02  4.1605E+02
0000840   3.3807E+02 -6.6494E+01  8.7540E+01
0000841   7.8612E+01  2.5236E+02 -2.7578E+01
0000842   3.0163E+02 -1.0837E+00 -1.0198E+02
0000843   4.0955E+02 -6.3798E+01  1.7123E+02
0000844   2.3997E+02  3.3149E+01  9.2143E+01
0000845   3.0543E+02 -1.1771E+02 -8.6133E+01
0000846   5.6881E+02  3.4318E+02 -2.9357E+02
0000847   1.4376E+02 -1.8125E+02  7.9896E+01
0000848   4.3246E+02 -2.2779E+02 -2.2545E+02
0000849   1.3450E+02  3.0814E+02  1.9209E+02
0000850   4.2798E+02  1.4360E+02 -2.1101E+02
0000851   3.4166E+02  7.3273E+00  4.5477E+02
0000852   2.0464E+02  1.4564E+02  1.0491E+02
0000854   1.4906E+02 -2.9256E+01  2.3892E+02
0000855   1.1356E+02  1.3720E+02 -7.5791E+01
0000857   2.7296E+02  2.1706E+02  1.3475E+02
0000858   1.2954E+02  9.9381E+01  3.8763E+01
0000859   4.6013E+02  6.9697E+00  1.7390E+02
0000860   8.5359E+01  9.9163E+01  4.8472E+01
0000861   4.0785E+02 -2.0389E+02 -8.3571E+01
0000862   2.0557E+02 -6.0726E+01  1.1954E+02
0000863   3.5179E+02  1.2835E+02 -4.7747E+01
0000864   5.7997E+02  1.1490E+02  3.0642E+02
0000865   7.3146E+01  1.6844E+02 -7.3510E+01
0000866   5.7207E+02  6.7675E+01  2.3655E+02
0000867   2.6087E+02 -2.2349E+01  1.7233E+02
0000868   2.6214E+02  1.9632E+02  6.6952E+01
0000869   3.0696E+02 -3.1853E+01  8.9082E+01
0000870   4.7132E+02 -1.1981E+02  1.5935E+02
0000871   1.7674E+02 -9.0620E+01  1.7607E+01
0000872   9.7712E+01 -3.3101E+02 -5.2228E+01
0000874   3.5517E+02 -2.4307E+02  1.9437E+01
0000875   3.8529E+02  2.9739E+02 -4.3302E+01
0000876   4.0074E+02  1.6497E+02  5.0737E+01
0000878   4.2241E+01 -1.8642E+02  1.2830E+01
0000879   1.5749E+02  1.1894E+01 -3.8303E+01
0000880   3.4209E+02  1.9843E+02 -8.4905E+01
0000882   3.9926E+02 -3.5607E+02  2.6242E+02
0000883   2.0568E+02  1.1817E+02  2.9244E+02
0000884   2.9095E+02 -2.0550E+01  8.0200E+01
0000885   2.5178E+02  2.9644E+02 -9.3088E+01
0000886   2.5255E+02  9.6899E+01 -8.4684E+01
0000887   3.7923E+02  4.3672E+01 -4.5735E+01
0000888   3.8139E+02  1.6030E+02 -2.1348E+02
0000889   7.5364E+02 -2.5396E+02  3.1173E+02
0000890   4.1132E+02 -6.5832E+01  3.1493E+01
0000891   1.8421E+02  8.9244E+00 -8.5131E+01
0000892   2.2899E+02 -3.0059E+02  5.0285E+01
0000893   8.1060E+01  6.3040E+01 -4.5291E+01
0000894   2.1035E+02 -1.7293E+01 -2.3043E+02
0000895   4.5414E+02 -1.4114E+01  1.6140E+02
0000896   5.1298E+02 -2.0569E+02  7.5617E+01
0000898   3.7539E+02 -1.7551E+02 -1.7483E+01
0000899   1.8635E+02  9.0732E+01  1.7159E+02
0000900   1.4420E+02  1.3713E+02  1.1996E+02
0000901   1.4000E+02  2.6325E+02  4.3287E+01
0000902   1.2394E+02  4.6190E+02 -1.5977E+02
0000903   4.7553E+02  1.1135E+02 -1.1294E+02
0000904   4.3428E+02 -7.2514E+00  2.6818E+02
0000905   3.0650E+02 -1.2677E+02  6.3204E+01
0000906   1.6924E+02  2.1495E+02  2.0033E+02
0000907   4.4831E+02 -2.0197E+02  6.4947E+01
0000908   5.9035E+01  2.1539E+02  4.4226E+01
0000909   3.0924E+02  1.2287E+02  2.6051E+01
0000911   2.2503E+02  2.2614E+00 -2.9579E+01
0000912   1.4485E+02  2.8091E+02  3.5018E+01
0000913   1.0950E+02 -1.2050E+02 -1.6382E+02
0000914   4.6615E+02 -1.6458E+02 -3.0905E+01
0000915   5.9195E+02  2.1222E+02 -1.8006E+02
0000916   3.9534E+02 -2.7821E+01 -1.6025E+02
0000917   4.6097E+02  1.9390E+01 -1.4870E+02
0000918   3.4989E+02  3.1296E+02  1.4293E+02
0000919   1.5909E+02  1.9073E+02 -5.0026E+01
0000920   2.2857E+02  2.2402E+02  3.4313E+02
0000921   2.7076E+02  8.2310E+01  3.9181E+01
0000922   5.7950E+02 -2.4152E+01 -1.5867E+02
0000923   2.5347E+02 -2.8842E+00 -2.3299E+02
0000924   6.6140E+02 -1.2900E+02  1.2099E+02
0000925   1.6812E+02  2.0114E+02 -1.8193E+02
0000926   2.7602E+02  2.2745E+02  4.8833E+01
0000928   1.4110E+02 -6.7872E+01  9.4610E+01
0000929   3.1667E+02 -2.3992E+02 -2.2753E+02
0000930   3.7179E+02 -2.0567E+01 -1.5117E+02
0000931   3.3895E+02 -6.3582E+01  4.5710E+01
0000932   4.2620E+02 -3.3764E+02 -3.3294E+02
0000933   3.2956E+02  3.9486E+01  1.3144E+02
0000934   2.3887E+02 -2.8410E+02  5.2733E+01
0000935   5.2252E+02 -2.6258E+01  2.7586E+02
0000936   5.7828E+02 -4.4759E+01 -9.6366E+01
0000937   2.9984E+02  8.8841E+01 -1.0422E+02
0000938   4.0425E+02  2.0735E+01  9.1619E+01
0000939   5.5687E+01 -1.5263E+02  1.4034E+02
0000940   2.0653E+02  5.1099E+01 -1.3154E+01
0000941   2.8376E+02  1.0609E+02  4.0932E+02
0000942   5.3636E+02 -1.5215E+01  3.1846E+02
0000943   4.4504E+02 -2.1387E+02 -5.7710E+01
0000944   1.8669E+02 -1.4208E+02 -1.2804E+02
0000945   3.3477E+02  1.5966E+02  3.6218E+02
0000946   4.3874E+02  1.2471E+02  2.7347E+02
0000947   3.3777E+02  1.9859E+02 -4.7653E+01
0000949   3.7806E+02  3.2645E+02 -8.1409E+00
0000950   3.5501E+02 -2.1196E+02  7.0477E+01
0000951   3.2579E+02 -3.3574E+01 -1.2358E+01
0000952   1.2584E+02 -3.3938E+02 -2.0571E+02
0000953   6.7676E+01  3.1264E+02 -1.2548E+02
0000954   2.7805E+02 -6.1817E+00 -1.5560E+01
0000955   3.5696E+02 -2.2964E+02  7.7968E+01
0000956   4.0643E+02 -1.6410E+01  1.3928E+01
0000957   6.8271E+02  4.9922E+01  3.0441E+02
0000958   1.5045E+02 -1.0253E+02  1.8683E+02
0000959   1.9153E+02  2.5380E+02 -3.6893E+02
0000960   7.4479E+02  7.9447E+01  2.3475E+02
0000961   3.5264E+02 -7.9699E+01 -1.2772E+02
0000962   2.0904E+02 -1.7569E+02  9.9967E+01
0000963   3.2069E+02  2.9141E+02 -1.9604E+02
0000964   4.7638E+02 -3.3455E+02 -7.4271E+01
0000965   1.4192E+02 -1.8712E+02  1.5380E+01
0000966   5.6121E+02  4.3192E+01  8.2830E+01
0000967   5.7346E+01 -3.4939E+00  5.9877E+01
0000968   3.6824E+02 -7.7408E+01 -1.1014E+02
0000969   6.1434E+02 -9.3608E+01  8.6952E+00
0000970   2.1088E+02  9.4113E+01 -9.8760E+01
0000971   3.8845E+02  6.1762E+01  9.0385E+01
0000972   5.0081E+02  2.9285E+01 -1.0146E+02
0000973   2.3249E+02 -2.6414E+01  1.9104E+02
0000974   4.4715E+02  3.2413E+02  1.8355E+02
0000975   3.3519E+02 -3.5128E+02  4.3826E+01
0000976   2.5304E+02 -1.5369E+02  9.8683E+01
0000977   3.9656E+02 -2.8562E+02  2.9508E+02
0000978   2.9379E+02  1.7320E+02 -2.5082E+02
0000979   2.9790E+02  1.7206E+02 -2.7650E+02
0000980   2.6835E+02  4.0555E+01  3.9408E+02
0000981   3.0228E+02 -1.9289E+02 -6.4480E+01
0000982   2.5446E+01 -1.1851E+02 -1.7966E+02
0000983   2.0708E+02  7.0372E+00  2.1769E+02
0000984   3.6340E+02 -3.2211E+01  3.8605E+02
0000985   3.7979E+01  2.7919E+01 -4.0123E+02
0000986   2.1230E+02  1.2621E+02 -1.1005E+02
0000987   1.8452E+02 -2.4699E+02 -8.3389E+01
0000988   5.2160E+02  1.6200E+02 -1.5307E+02
0000989   2.7038E+02  2.4188E+02  1.8248E+02
0000990   4.3017E+02  1.1142E+02 -6.0744E+01
0000992   3.4703E+01  1.4809E+02 -3.7600E+01
0000993   6.0021E+02 -1.8929E+02  2.0387E+02
0000994   1.3144E+02 -1.6553E+01 -4.3260E+01
0000995   8.0717E+02  8.3067E+01  2.2255E+02
0000996   3.2846E+02 -4.6840E+00  3.7763E+01
0000997   3.2028E+02 -9.6478E+01 -2.9706E+02
0000998   5.8363E+01  2.8081E+01 -1.1588E+02
0000999   2.5127E+02  1.5472E+02 -2.4394E+02
0001000   1.3835E+02 -4.5848E+01  1.8403E+02
