============================== SRIM-2013.00 ==============================
==============================================================================
====== SRIM Outputs\RANGE_3D.txt : File of Final Ion Positions =====

Ion =  F (09)   Ion Mass= 018.9984
Energy  = 3000000.E-05 keV
Ion Angle to Surface = 00.0 degrees
==================== TARGET =======================
  Layer # 1 - None
  Layer # 1 - Bottom Depth=500000.E-01 A
  Layer # 1 - Density =0007.8700 g/cm3
  Layer # 1 -  100 % of Fe
ÍÍÍÍÍÍÍÍÍÍÍÍÍÍÍÍÍÍÍÍÍÍÍÍÍÍÍÍÍÍÍÍÍÍÍÍÍÍÍÍÍÍÍÍÍÍÍÍÍÍÍÍ
                                            
Ion       Depth  X   Lateral Y   Lateral Z  
Number    (Angstrom) (Angstrom)  (Angstrom) 
-------  ----------- ----------- -----------
0000001   2.1363E+02  2.1330E+02 -1.0347E+02
0000002   2.1921E+02  2.2487E+02  1.6814E+02
0000003   1.3867E+02  6.4722E+01 -7.3844E+00
0000004   2.0049E+02  7.8778E+01  2.7201E+01
0000005   1.3691E+02 -7.6716E+01  2.3864E+02
0000006   3.6104E+02  6.0050E+01  8.3870E+01
0000007   3.3552E+02  2.0660E+02 -4.9261E+02
0000008   4.7336E+02  7.6594E+00  2.2088E+02
0000009   6.4178E+01  1.0729E+02 -9.5833E+01
0000010   1.4360E+02 -3.9185E+01 -4.9078E+01
0000012   1.1565E+02 -3.4337E+02 -8.8202E+01
0000013   2.2615E+02 -5.2501E+01  1.6892E+01
0000014   3.9218E+02 -8.2510E+01  2.2549E+02
0000015   3.6230E+02  6.5777E+01 -2.5081E+02
0000016   2.8269E+02  2.2675E+01  2.4377E+02
0000017   3.7846E+02  2.7660E+02  1.6390E+02
0000018   4.8041E+02  1.6487E+02  3.0412E+01
0000019   3.4592E+02  9.6466E+01  7.1378E+01
0000020   3.3013E+02 -1.1473E+01  1.2583E+02
0000022   8.2956E+01 -2.0378E+02 -8.9098E+01
0000023   1.7898E+02 -2.8970E+01  2.3783E+02
0000024   1.5021E+02 -1.6988E+02  2.0762E+02
0000026   1.6800E+02 -4.8637E+01  1.7154E+02
0000027   1.0352E+02  1.3794E+02 -6.7088E+01
0000028   1.9747E+02 -1.8253E+02  2.9963E+02
0000029   3.3204E+01  3.0825E+01 -6.6416E+01
0000030   7.7344E+01  8.9915E+00  7.9701E+01
0000031   3.7595E+02 -3.8419E+02 -6.0808E+01
0000032   4.2188E+02  1.5235E+02 -4.8138E+02
0000033   2.0043E+02 -8.8426E+01 -3.8720E+01
0000034   3.4570E+02  7.6867E+01  2.5916E+02
0000035   2.8320E+02  2.5262E+01 -3.3575E+02
0000036   3.6424E+02  2.8092E+02 -1.2148E+02
0000037   4.1444E+02 -1.3806E+02  2.2972E+01
0000038   4.7996E+02  4.7984E+01 -1.6692E+00
0000039   1.9108E+02  2.4765E+02  8.2416E-01
0000040   3.2618E+02  6.7086E+01  7.2719E+01
0000041   4.2530E+02 -8.4817E+01 -9.0334E+00
0000042   3.0977E+02  1.2753E+02  3.5356E+02
0000043   4.1849E+02  2.3437E+02  1.5168E+00
0000044   4.0742E+02 -9.0749E+00 -3.1115E+02
0000045   2.8060E+02 -3.0118E+02  2.6920E+01
0000047   4.4726E+02  4.1207E+01 -9.4646E+01
0000048   1.3685E+02 -1.3772E+02  2.6626E+02
0000049   2.0848E+02  4.4696E+02 -7.0903E+01
0000050   2.5527E+02  2.0356E+02 -1.6464E+02
0000051   5.4330E+02 -2.0802E+02 -3.1731E+01
0000052   1.2379E+02 -1.8869E+02 -5.3815E+01
0000053   3.4843E+02  6.4704E+01 -4.2618E+02
0000054   3.0240E+02 -3.5606E+01 -2.0723E+01
0000055   5.3875E+02 -8.9814E+01 -8.2055E+01
0000056   1.1580E+02 -3.7017E+01 -2.1219E+02
0000057   2.5425E+02 -8.6836E+01 -1.8390E+02
0000058   1.7098E+02  3.5142E+01  3.2797E+01
0000059   3.7105E+01  1.9814E+02  6.1404E+01
0000060   5.2068E+02  2.7337E+02 -1.5388E+02
0000061   2.2149E+02  4.3434E+01  4.3924E+01
0000062   3.2070E+02  9.9571E+01  1.4314E+02
0000063   4.0344E+02  1.1631E+02 -5.3804E+01
0000064   4.9550E+02 -1.4464E+02  1.6650E+02
0000065   3.1620E+02 -1.8637E+02 -1.3749E+02
0000066   3.4655E+02  1.4382E+01  6.4939E+01
0000067   2.9136E+02 -3.3769E+01  3.4082E+01
0000068   4.9884E+02  2.5148E+02 -7.2582E+01
0000069   6.6354E+01  1.4568E+02 -3.5107E+02
0000070   2.7956E+02  1.4748E+02  3.1588E+01
0000071   6.8190E+01 -1.3118E+02 -1.5381E+02
0000072   2.7626E+02 -1.2029E+02  1.2651E+02
0000073   4.6285E+02 -2.1869E+02  1.7547E+02
0000074   1.2681E+02 -5.3938E+01 -1.1036E+02
0000075   2.2960E+02 -2.3399E+02 -6.0826E+01
0000076   3.0153E+02 -1.5686E+02 -2.4575E+02
0000077   3.0872E+02 -6.6964E+01  6.2656E+01
0000078   2.9434E+02  2.4654E+02  2.9783E+00
0000079   2.5574E+02  2.2457E+01 -2.2878E+01
0000080   1.9312E+02  7.3723E+01 -1.3516E+02
0000081   2.6826E+02 -1.4792E+02  3.8656E+02
0000082   9.4593E+01  2.2057E+01  9.4120E+01
0000083   2.4806E+02  3.3804E-02 -1.4100E+02
0000085   2.9653E+02  1.7384E+02 -1.4717E+02
0000086   4.7164E+02  1.9138E+02  2.9522E+02
0000087   3.7789E+02 -4.4844E+01 -2.4307E+02
0000088   2.6046E+02 -2.7259E+01 -2.4277E+02
0000089   4.3363E+02  1.3969E+02  1.2760E+02
0000090   2.9610E+02  1.5661E+02 -1.2351E+02
0000091   2.8008E+02 -5.9695E+01 -4.1916E+01
0000092   3.2250E+02 -3.1472E+01  1.3609E+02
0000093   2.4497E+02  6.9699E+01 -1.5013E+02
0000094   3.0719E+02  1.5851E+02  3.6309E+02
0000095   1.7363E+02  7.3099E+01  1.2789E+01
0000096   1.5843E+02  4.7520E+01 -1.7002E+02
0000097   2.4336E+02 -1.2578E+02  3.9040E+02
0000098   2.3719E+02 -1.2315E+01  5.5989E+01
0000099   2.0327E+01 -5.5063E+01 -9.4691E+01
0000100   2.7179E+02  1.0797E+02 -2.9329E+01
0000101   3.1125E+02  3.1628E+01 -4.6228E+01
0000102   2.6109E+02  5.5148E+01 -2.2091E+02
0000103   2.6506E+02  1.2861E+02  2.3942E+02
0000104   2.1560E+02 -1.6708E+02 -1.9948E+02
0000105   1.3306E+02 -2.8178E+01  2.1649E+01
0000106   4.7467E+02 -1.5518E+02 -1.2509E+02
0000107   1.1191E+02  1.1125E+02  1.5328E+01
0000108   5.1631E+02  3.2872E+02  1.9267E+02
0000110   1.9970E+02 -7.9582E+01  1.3737E+02
0000111   3.4395E+02  2.0450E+02 -1.4013E+02
0000112   5.8935E+02 -1.8350E+02 -5.7322E+01
0000113   3.0935E+02 -1.9265E+01 -3.4913E+01
0000115   3.2241E+02 -9.5258E+01 -1.4055E+02
0000116   6.9601E+01 -2.3541E+01 -2.5986E+02
0000117   3.1940E+02 -1.1224E+02  2.3105E+02
0000118   3.5411E+02  3.0842E+02  1.2665E+02
0000119   3.8930E+02 -3.0561E+02  2.5938E+02
0000120   2.8215E+02 -1.3322E+02  1.1129E+02
0000121   1.0564E+02 -7.5340E+01 -7.9635E+01
0000122   6.0346E+02  1.7143E+02  3.8129E+01
0000123   4.7083E+02 -2.0613E+02  7.1254E+01
0000124   1.6287E+02 -1.0588E+02  1.7327E+02
0000125   6.9417E+02 -1.0696E+02 -1.2644E+00
0000126   3.8084E+02  2.0789E+02 -1.7576E+01
0000127   4.9407E+02 -2.1974E+02 -1.8723E+02
0000128   3.8511E+02  2.2779E+02  1.0634E+02
0000129   2.5044E+02  6.3467E+01 -2.6291E+02
0000130   3.9224E+02  2.1832E+02  3.2433E+01
0000131   4.0909E+02 -1.5031E+02 -2.4535E+02
0000132   3.3615E+02  4.0558E+01  2.9800E+02
0000133   1.2266E+02 -6.4931E+01  3.1801E+02
0000134   9.7346E+01  5.2832E+01  1.4285E+00
0000135   3.0912E+02 -2.2725E+02 -5.6677E+01
0000136   4.9406E+02  1.2257E+02 -1.4809E+02
0000137   1.5628E+02 -7.6243E+01 -1.2726E+02
0000138   2.3083E+02  2.2218E+02  2.8439E+00
0000139   7.2459E+02  1.7095E+02  9.0636E+01
0000140   6.9788E+01 -3.5126E+02  6.8284E+01
0000141   2.1823E+02  3.2439E+01  3.6063E+02
0000142   5.3343E+02  3.0480E+00  3.3653E+02
0000144   6.0306E+02  1.6191E+02  8.5272E+01
0000145   1.3680E+02 -3.2822E+01  1.3212E+02
0000146   6.1539E+02 -2.3300E+02  5.8901E+01
0000147   3.9771E+02  1.2705E+02 -9.0327E+01
0000148   1.7808E+02  1.6330E+02 -4.3409E+01
0000149   4.5844E+02  4.5413E+01 -3.8777E+01
0000150   2.4745E+02  3.6742E+01 -3.7359E+00
0000152   6.7690E+02  2.4488E+02 -4.7807E+01
0000153   2.8482E+02 -3.1563E+02 -8.3491E+00
0000154   7.6332E+01  3.2314E+02 -1.7650E+01
0000155   3.8333E+02 -2.0813E+01 -1.1281E+01
0000156   4.0148E+01  1.1522E+02  1.2894E+02
0000157   4.3586E+02 -1.7296E+02  1.2135E+02
0000158   7.3978E+01 -2.4809E+02 -2.7753E+02
0000159   5.1827E+02  1.8909E+02 -1.5792E+02
0000160   2.6749E+02  5.8311E+01  1.5153E+02
0000161   5.9947E+02 -2.8867E+02 -1.5261E+02
0000162   3.0875E+02 -4.3272E+01  7.7765E+01
0000163   2.7793E+02  3.9289E+02 -4.7111E+00
0000164   2.7151E+02  1.4721E+02  2.1237E+02
0000165   3.0747E+02  6.6778E+00  2.5360E+02
0000166   3.2818E+02 -6.1769E+00  2.6501E+01
0000167   2.1962E+02 -1.3074E+02  1.2430E+02
0000168   3.3716E+02 -2.0081E+02  6.7373E+01
0000169   2.3823E+02  4.7702E+01 -2.3089E+02
0000170   4.9749E+02  7.4227E+00 -1.3723E+02
0000171   3.3868E+02  1.5710E+02 -1.7910E+02
0000172   1.6979E+02 -3.9387E+02 -1.4918E+02
0000173   3.6128E+02 -2.1694E+02  1.6455E+02
0000174   3.8216E+02  8.8754E+01  3.1661E+02
0000175   3.2022E+02 -3.7541E+02 -1.8814E+02
0000176   2.4969E+02 -1.4413E+02 -1.7851E+02
0000177   2.8283E+02  5.9177E+01 -1.0459E+02
0000178   2.9111E+02  1.0711E+02 -9.8428E+01
0000179   1.5053E+02  2.6407E+02 -2.5504E+02
0000180   1.5701E+02  2.7833E+02  2.9330E+02
0000181   3.0263E+02  4.5710E+01  5.0940E+01
0000182   2.4920E+02  4.6549E+01 -1.6005E+02
0000183   2.3017E+02  2.7757E+01 -3.2145E+02
0000184   1.7721E+01  2.2032E+01  8.2070E+01
0000185   2.1757E+02  3.4590E+02  4.9235E+01
0000186   2.8961E+02 -9.6501E+01 -7.7438E+01
0000187   1.7308E+02  2.9778E+01 -8.1215E+01
0000188   2.3748E+02  3.8193E+02  1.7798E+01
0000189   3.4193E+02  2.1084E+02  1.2796E+02
0000190   5.2158E+02 -1.0220E+02 -2.1185E+01
0000191   2.3086E+02 -1.3094E+02  2.0466E+02
0000192   1.6581E+02  8.8648E+01 -2.4224E+02
0000193   3.2715E+02  1.1533E+02  1.7956E+01
0000194   2.9443E+02  2.0875E+02 -1.3802E+02
0000195   5.1813E+02  2.1207E+02  3.9028E+02
0000196   4.7589E+02 -4.8019E+01  1.4097E+02
0000197   2.2191E+02 -1.5739E+02 -3.5427E+01
0000198   5.6775E+02  1.5299E+02  6.4099E+01
0000199   5.0258E+02  7.5631E+01 -8.1495E+01
0000200   1.0666E+02  1.8527E+02  1.9948E+02
0000201   2.3681E+02 -1.5401E+02  2.2567E+00
0000202   5.1874E+02 -5.3403E+01 -3.6859E+02
0000203   3.8767E+02 -3.8035E+01  2.0282E+02
0000204   2.0938E+02 -3.1209E+02  3.6030E+02
0000205   1.1534E+02  2.5130E+02 -1.8622E+02
0000206   4.2662E+02 -2.1438E+02  4.4486E+00
0000207   1.4690E+02 -1.8017E+02 -1.6389E+02
0000208   2.0737E+02 -6.3523E+00  6.5448E+01
0000209   5.0983E+02  1.0280E+02 -7.1447E+01
0000210   1.5718E+02 -8.2137E+01  4.2181E+01
0000211   1.9507E+02 -1.6640E+00 -5.1923E+00
0000212   2.0135E+02  3.0441E+02  5.9543E+01
0000213   1.5190E+02  1.4716E+02 -4.0600E+01
0000214   7.5642E+01  7.6621E+01 -1.1055E+01
0000215   4.3386E+02  2.0582E+02  9.5118E+01
0000216   3.7017E+02 -4.7620E+01  1.6658E+02
0000217   5.2092E+01  5.5398E+01  3.5649E+02
0000218   4.7674E+02 -3.0836E+02 -1.6935E+02
0000219   8.7900E+01 -2.7632E+02 -1.0844E+02
0000220   2.7123E+02  2.1428E+01 -1.8998E+02
0000221   2.8646E+02  1.6088E+02 -2.8497E+02
0000222   9.2648E+01 -6.7792E+01 -1.2848E+01
0000223   3.2394E+02  9.6356E+01  7.9026E+01
0000224   1.8790E+02  1.5892E+02  3.3721E+01
0000225   1.4215E+02 -1.9683E+02  2.4198E+02
0000226   2.7292E+02 -3.1321E+02 -3.0388E+00
0000227   4.1114E+02  8.4870E+01 -1.4426E+02
0000228   9.7318E+01  5.5884E+00 -7.6063E+01
0000229   4.0923E+02  8.2062E+01 -4.4793E+01
0000231   2.6022E+02  5.0114E+01  9.5736E+01
0000232   5.4430E+02  3.6126E+01  8.3116E+01
0000233   2.5346E+02  4.8418E+01  1.0671E+02
0000234   4.1797E+02  1.3037E+02  1.6960E+02
0000235   4.4951E+02  1.4958E+02 -3.9607E+01
0000236   2.4523E+01 -7.9516E+01  1.0418E+02
0000237   1.1383E+02  8.5610E+01  1.8242E+02
0000238   5.1922E+02  1.2539E+02  1.9631E+02
0000239   3.8279E+02 -1.5267E+02  3.7601E+00
0000240   9.7782E+01 -3.6537E+02  5.3068E+01
0000241   3.9246E+02 -1.2283E+02  2.1077E+02
0000242   6.0730E+02 -3.1631E+01  1.4582E+02
0000243   4.3753E+02  1.1151E+02  7.1918E+01
0000244   1.9950E+02  9.2909E+01 -2.0225E+02
0000245   3.9028E+02  5.1496E+01 -4.0451E+02
0000246   1.3806E+02 -3.7677E+01 -2.6020E+02
0000247   2.1999E+02  7.5485E+01 -1.7900E+02
0000248   1.2039E+02  1.8835E+02 -2.9393E+02
0000249   5.6271E+02 -2.8091E+02  3.5731E+01
0000250   2.0558E+02  2.5524E+02 -1.7462E+01
0000251   9.5767E+00  8.5153E+01 -2.0060E+02
0000252   3.8764E+02 -3.1259E+02  7.4686E+01
0000253   5.1385E+02 -1.3768E+02  5.3858E+01
0000255   4.5323E+02 -1.1266E+00 -3.5526E+02
0000256   2.6919E+02 -2.5001E+02 -1.3918E+02
0000257   4.8530E+02  4.0359E+00 -6.1853E+01
0000258   3.1356E+02  2.0797E+01  8.3912E+01
0000259   5.7279E+01 -3.0795E+02  1.0136E+02
0000260   2.1956E+02 -5.7580E+01  9.4092E+01
0000261   2.3314E+02  1.7639E+02 -6.7480E+01
0000262   2.5023E+02 -1.3839E+02 -2.3827E+01
0000263   3.0885E+02 -2.2006E+02 -1.9295E+02
0000264   1.5148E+02 -5.1761E+01  5.9922E+01
0000265   1.8376E+02 -7.8287E+01  5.4987E+01
0000266   2.7865E+02  3.9532E+02  4.1972E+00
0000267   1.4405E+02 -9.0408E+01 -1.6585E+02
0000268   1.5541E+02 -1.4111E+02  4.4934E+02
0000269   9.0721E+01  8.7562E+01  4.2422E+01
0000270   4.1770E+02  2.0227E+02 -1.0890E+02
0000271   3.4701E+02 -3.0138E+02  7.8189E+00
0000272   1.3720E+02 -1.4831E+02 -6.0037E+01
0000273   2.5361E+02 -1.7966E+01 -1.3506E+02
0000274   5.1946E+02 -1.4587E+02 -4.4247E+01
0000275   3.6535E+02 -3.6069E+02  3.7179E+02
0000276   3.2211E+02  2.0301E+02 -2.9554E+02
0000277   3.6631E+02 -5.0114E+01 -1.5915E+02
0000278   5.3707E+02  1.5794E+00 -2.9642E+01
0000279   3.4326E+02  1.5435E+02 -5.8490E+01
0000280   3.8399E+02  2.9165E+00  1.7650E+02
0000281   2.8978E+02  1.4109E+02 -1.8123E+01
0000282   2.5768E+02  2.5438E+00 -3.7571E+02
0000283   4.7326E+02 -1.2633E+02 -2.6350E+02
0000284   2.2351E+02 -1.5110E+02  1.2245E+02
0000285   2.5537E+02  6.8253E+01 -8.4769E+00
0000286   3.0887E+02  8.9280E+01  2.4953E+02
0000287   2.0824E+02 -1.6667E+02 -3.1889E+01
0000288   4.6238E+02 -3.4870E+01  6.9509E+01
0000290   2.5653E+02 -1.7335E+02 -5.9957E+01
0000291   1.8106E+02  5.0334E+01  4.1459E+01
0000292   5.5868E+02 -1.1677E+02 -4.4910E+00
0000293   1.6284E+02 -4.7664E+02 -1.0879E+02
0000294   1.2842E+02 -8.4189E+01  2.7648E+02
0000295   3.8720E+02  2.2169E+02  2.0264E+02
0000296   1.1864E+02 -1.0739E+02 -1.9299E+01
0000297   3.9939E+02  5.3406E+01 -3.5256E+01
0000298   1.8934E+02 -1.2760E+02  4.3745E+01
0000299   3.0892E+02 -1.7846E+02 -9.5315E+00
0000300   2.9832E+02 -3.7640E+02 -2.3322E+02
0000301   6.0354E+02 -7.1779E+01  2.1550E+02
0000302   3.3412E+02 -2.9303E+02  1.1429E+02
0000303   2.2570E+02  2.4746E+02 -4.3054E+01
0000304   1.8726E+02  1.0000E+02 -1.7770E+02
0000305   5.4460E+02  1.6941E+02 -4.2785E+01
0000306   2.6475E+02 -1.7213E+02  2.5141E+02
0000307   8.5658E+01 -1.3930E+02 -2.5812E+02
0000308   5.6024E+02  3.5816E+01 -2.4286E+02
0000309   3.0331E+02  2.5415E+02 -5.6764E+01
0000310   9.9906E+01 -2.3725E+01  1.4017E+01
0000311   1.3257E+02 -1.5391E+02 -1.5577E+02
0000312   4.1453E+02 -1.1482E+02 -5.4578E+01
0000313   6.3289E+02 -9.8235E+01 -1.7863E+01
0000314   3.5578E+02  3.1304E+02 -2.1182E+02
0000315   3.6253E+02 -3.6847E+02 -1.1529E+02
0000316   5.1580E+02  1.1132E+02 -7.0378E+01
0000317   1.7489E+02  1.4327E+02 -5.0397E+01
0000318   4.4544E+02  1.4541E+02  2.6484E+01
0000319   2.2367E+02  8.5752E+01  1.2036E+02
0000322   8.3281E+01  6.3630E+01 -1.8152E+02
0000323   6.5007E+02 -1.4078E+02 -1.8390E+02
0000324   1.7558E+02  1.1733E+01 -3.9184E+01
0000325   1.3406E+02 -2.5903E+02  2.2882E+00
0000326   5.5153E+02  1.4776E+01 -1.8150E+01
0000327   3.1308E+01 -4.8153E+01 -1.1730E+02
0000328   3.3346E+02 -5.5409E+01  3.5660E+01
0000329   3.0592E+01  9.1787E+01 -8.0843E+01
0000331   3.3496E+02  2.2154E+02  2.3617E+01
0000332   1.7317E+02 -2.6955E+02  1.3985E+02
0000333   2.0231E+02 -2.8754E+02 -1.0256E+02
0000334   5.4693E+02  3.1583E+01 -3.1875E+02
0000335   2.0633E+02 -9.3852E+01 -5.5122E+01
0000336   2.9916E+02 -4.3930E+01  2.2932E+02
0000337   5.5522E+02  2.0058E+02  4.1227E+01
0000338   2.1116E+02 -3.5105E+02 -3.3724E+02
0000339   3.9669E+02 -6.2278E+01  2.5586E+02
0000340   3.1134E+02 -1.4139E+02  9.2785E+01
0000341   2.7214E+02 -2.3590E+02  1.7547E+02
0000342   2.8737E+02 -4.7867E+01 -5.7173E+01
0000343   1.3682E+02  3.7802E+00 -3.9785E+01
0000344   3.1281E+02  2.5226E+02 -1.8278E+02
0000345   3.6721E+02  1.0922E+02 -2.0031E+02
0000346   4.7159E+02  3.2059E+02 -8.6999E+01
0000347   4.5123E+02  6.3806E+01  2.0442E+01
0000348   1.7899E+02  1.0787E+02  1.4281E+02
0000349   7.1730E+01 -5.4932E+01  3.7552E+01
0000350   5.6551E+02  5.5751E+01  1.2158E+02
0000351   3.0421E+02 -1.4644E+01  5.9681E+01
0000352   3.8569E+02  3.2853E+00 -5.6279E+01
0000353   1.4362E+02 -1.8965E+02 -1.6138E+02
0000354   6.2761E+02 -2.3974E+01 -1.3225E+02
0000355   3.1867E+02 -1.0530E+02 -2.1150E+02
0000356   4.0756E+02 -2.1070E+02  8.1355E+00
0000357   3.0379E+02 -1.0849E+02 -4.6728E+02
0000358   1.7054E+02  9.7358E+01 -3.8836E+02
0000359   4.7649E+02  4.5885E+01  5.5414E+01
0000360   2.7013E+02 -1.1586E+02  7.9805E+01
0000361   1.7328E+02  8.6391E+01  8.2526E+01
0000363   3.7386E+01 -2.0521E+01  9.2154E+01
0000364   3.1889E+02 -1.7813E+02 -1.6244E+02
0000365   3.8778E+02 -6.1720E+01 -1.6242E+02
0000366   4.3082E+02  1.8826E+02 -3.5720E+01
0000367   2.1269E+02 -1.2303E+02 -9.5679E+01
0000369   4.8925E+02  1.2652E+02  1.1747E+02
0000370   5.0704E+02  1.5189E+02 -1.6048E+02
0000371   2.8606E+02 -1.5585E+01 -7.2164E+01
0000372   1.3378E+02  3.0833E+02 -9.7368E+01
0000373   5.6947E+02 -2.2283E+02 -1.0081E+02
0000375   1.3222E+02 -3.0473E+02 -4.2646E+00
0000376   2.3142E+02 -1.0701E+02 -2.5321E+02
0000378   1.6655E+02  1.8818E+02  2.1084E+01
0000379   9.2541E+01  1.5100E+02  4.8669E+01
0000380   2.3750E+02 -1.6381E+01  1.5610E+02
0000381   4.2142E+02  4.6221E+01  2.0282E+02
0000382   2.9731E+02  2.2737E+01  1.2288E+02
0000384   4.0860E+02  1.7475E+02  1.0789E+02
0000385   3.2483E+02  5.9838E+01  1.1290E+02
0000386   4.2257E+02  6.0777E+01  1.3522E+01
0000387   4.3125E+02  5.3651E+01 -2.0275E+02
0000388   3.4333E+01  4.9822E+01  5.9043E+01
0000389   7.9218E+01  2.4451E+02  1.8569E+01
0000390   4.4895E+02 -1.5728E+01 -1.7767E+02
0000391   2.0291E+02 -2.3492E+01  1.1611E+01
0000392   5.2457E+02 -1.6256E+02  2.7657E+02
0000393   4.1310E+02 -2.2154E+02  8.0751E+01
0000394   4.7629E+02  1.1374E+02 -6.7417E+01
0000395   6.0462E+02  2.0853E+02 -3.9149E+02
0000396   3.8525E+02 -1.8531E+02 -9.6801E+01
0000397   1.5791E+02  6.4114E+01 -2.8978E+02
0000398   1.0594E+02  6.0670E+01 -1.3671E+02
0000399   1.6766E+02 -2.8326E+02  2.6204E+02
0000400   3.4250E+02 -2.2895E+01 -4.7709E+02
0000401   4.4217E+02  1.3973E+02  4.0638E+01
0000402   4.9619E+02  1.0291E+02 -2.9166E+01
0000403   5.6982E+02  1.0253E+02  9.8229E+01
0000404   6.6920E+00  1.7713E+02 -1.1009E+02
0000405   4.3657E+02  1.9637E+02 -1.5188E+02
0000406   2.8843E+02 -6.0548E+01 -1.3041E+02
0000407   1.5445E+02  2.6590E+02  1.6975E+02
0000408   1.5920E+02  1.5233E+02  1.7172E+02
0000409   2.0812E+02  2.6790E+01 -1.5022E+02
0000410   3.3627E+02  1.2657E+02 -8.2647E+01
0000411   5.0986E+02 -3.0664E+01  4.5177E+01
0000412   2.4165E+02 -1.4818E+02  1.2212E+02
0000413   1.4540E+02 -9.0341E+01  7.2557E+01
0000414   1.0277E+02 -1.7343E+02 -2.3260E+02
0000415   3.5765E+02  6.8058E+01  4.0663E+02
0000416   4.5890E+02 -2.5446E+02  1.3411E+01
0000417   1.1637E+02  6.2749E+01  7.7322E+01
0000419   4.8596E+02 -1.5291E+02  5.3166E+01
0000420   2.9883E+02 -3.5892E+02  3.0139E+02
0000422   5.0729E+02  4.1104E+02 -4.6980E+01
0000423   5.0933E+02 -2.2005E+02 -5.9594E+01
0000425   1.1211E+02  1.4950E+01 -1.5822E+02
0000426   4.5589E+02 -4.7081E+01  2.1535E+02
0000427   4.4051E+02  1.6862E+02  1.0062E+02
0000428   2.1140E+02  1.2512E+02  1.5975E+02
0000429   1.6378E+02 -1.0189E+02  1.2900E+02
0000431   2.1813E+02  8.0932E+01  1.7373E+01
0000432   2.6240E+02 -6.3403E+01 -1.2417E+02
0000433   6.9060E+02 -1.1232E+02  2.3678E+02
0000434   3.9972E+02  9.2668E+01  1.2317E+02
0000435   4.5074E+02 -2.7792E+02  2.4607E+02
0000436   2.3314E+02 -1.2760E+02  1.6418E+02
0000438   2.2020E+02  1.0603E+01  1.3856E+02
0000439   2.3591E+02  1.8987E+02 -3.9646E+01
0000440   4.8391E+02 -2.5163E+01  7.7302E+01
0000442   5.5406E+01  1.9746E+02  1.2930E+02
0000443   3.5068E+02  1.3862E+02 -1.1009E+02
0000444   3.8797E+02 -3.5720E+01 -6.4692E+01
0000445   8.0518E+02  1.3126E+02 -1.8092E+02
0000446   1.8578E+02 -2.5371E+01 -1.9473E+00
0000447   2.0329E+02 -3.1430E+02  1.8949E+02
0000448   2.9254E+02 -6.2233E+01 -7.6406E+01
0000449   4.5257E+02 -2.3398E+01  1.4740E+02
0000450   6.7626E+02 -1.4586E+02 -1.6397E+02
0000451   2.2980E+02  1.8117E+02 -1.5959E+02
0000452   2.5049E+02 -9.6766E+00  1.2395E+02
0000453   5.9665E+02 -3.3618E+01 -1.6543E+02
0000454   2.3962E+02 -1.0890E+02  2.0130E+02
0000455   1.2084E+02  4.8422E+01 -3.1807E+01
0000457   1.9609E+02  2.8949E+02  1.1305E+02
0000458   1.7078E+02 -2.9749E+02  1.5759E+02
0000459   5.7326E+01  3.5532E+02  4.2529E+00
0000460   2.4371E+02  1.1987E+02  1.1721E+02
0000461   4.4222E+02  1.5238E+02 -2.4027E+02
0000462   4.6030E+02  3.2891E+02  1.3201E+01
0000463   1.3603E+02 -3.4745E+02  1.2025E+02
0000464   4.5305E+02 -2.0403E+02 -1.2304E+02
0000465   4.6201E+02  1.6997E+02 -2.5349E+02
0000466   4.2155E+02 -1.3817E+01  2.1623E+02
0000468   5.8388E+02 -1.2628E+02 -4.1881E+00
0000469   5.4040E+01 -1.6597E+02  1.5887E+00
0000470   1.7994E+02 -3.4135E+02  3.0865E+02
0000471   3.0258E+02 -7.5957E+00  1.2720E+02
0000472   2.6216E+02 -9.6474E+01 -6.9707E+01
0000473   3.4401E+02  7.9395E+01  1.4906E+01
0000474   2.0558E+02 -9.8547E+01  4.2938E+01
0000475   7.4619E+01  5.3061E+01 -2.6331E+02
0000476   3.7795E+02  7.7793E+01  1.6009E+00
0000477   2.6778E+02 -5.2871E+01  1.8197E+01
0000478   5.9441E+02 -8.0373E+01 -5.0025E+01
0000479   3.6248E+02 -4.2870E+01  5.7546E+01
0000480   2.9796E+02 -8.5842E+01  1.0055E+01
0000481   4.2991E+02  1.7697E+02 -2.5934E+02
0000482   2.1347E+02 -1.7187E+02  5.4350E+01
0000483   7.8808E+01 -2.4487E+01  3.4553E+02
0000484   1.6105E+02  1.8071E+02  2.5018E+01
0000485   3.0047E+02 -1.4009E+02 -6.3498E+01
0000486   2.0045E+02 -1.6428E+02 -1.6215E+02
0000487   3.6286E+02 -2.2379E+02 -1.4339E+02
0000488   1.5455E+02 -3.5761E+01  1.2031E+01
0000490   3.8891E+02  9.9477E+01 -9.7789E+01
0000491   1.9562E+02 -1.5840E+02 -4.9009E+01
0000492   4.9990E+02 -5.2651E+01  3.8745E+01
0000494   4.0113E+02 -2.5253E+02  9.7156E+00
0000495   2.6934E+02  2.2666E+02 -7.7185E+01
0000496   3.4279E+02  1.1331E+02 -1.6117E+02
0000497   1.1855E+02  9.7559E+01  1.8220E+02
0000498   5.2386E+02  1.9354E+02 -4.6941E+01
0000499   4.8729E+02 -5.5617E+01 -2.5277E+02
0000500   3.2081E+02  1.4143E+02 -3.9280E+01
0000501   3.6980E+02 -6.0914E+01  2.1213E+01
0000502   1.3741E+02 -9.6848E+01 -9.2054E+00
0000503   2.1170E+02  1.9053E+01  1.7504E+02
0000504   3.1113E+02  8.6879E+01  1.0170E+02
0000505   1.9520E+02  2.9047E+00  7.5992E+01
0000506   3.9126E+02  9.4527E+01  3.9926E+02
0000507   2.7632E+02  1.2162E+02  9.1412E+01
0000508   3.1953E+02 -3.5751E+01  2.4085E+02
0000509   3.4105E+02 -5.5295E+01  2.6219E+02
0000512   6.1066E+01 -8.9779E+00 -4.8982E+01
0000513   1.4592E+02  1.4794E+02  1.0311E+02
0000514   6.2377E+02  1.2184E+02 -7.8411E+01
0000515   6.1685E+02 -4.9215E+01  1.1799E+02
0000516   2.4556E+02 -3.1367E+02  1.6404E+02
0000517   2.4996E+01 -1.9016E+02 -6.7915E+00
0000518   3.2186E+02 -8.8495E-02  9.7843E+01
0000519   2.8601E+02  4.5582E+01  6.4674E+01
0000520   6.1684E+02  1.6839E+02  7.0638E+01
0000521   2.3036E+02 -1.7826E+02  1.7261E+02
0000522   3.2344E+02 -1.4630E+02 -1.7236E+01
0000523   4.0465E+02  1.9929E+02 -7.4751E+01
0000524   1.0483E+02  3.7140E+01  7.5771E+00
0000525   1.9373E+02 -9.3183E+01 -2.5416E+01
0000526   2.4807E+02 -1.1786E+02  2.6873E+00
0000527   2.5103E+02  2.3160E+02  1.7120E+02
0000528   1.5308E+02  6.6469E+01  5.1410E+01
0000529   1.1603E+02  2.5172E+01 -6.8993E+01
0000530   2.5903E+02  2.5124E+02  1.7301E+02
0000531   3.9274E+02 -2.1963E+01  3.1966E+01
0000532   2.0102E+02 -2.5486E+02  6.9684E+01
0000533   3.4493E+02  8.9877E+01 -6.0694E+01
0000534   3.0397E+02  2.0932E+02 -3.9541E+02
0000535   1.3378E+02  1.6418E+01  9.1946E+01
0000536   3.5701E+02 -1.3099E+01 -1.8362E+02
0000537   4.0450E+02  1.8088E+02 -1.9345E+02
0000538   1.5674E+02 -1.9690E+02 -2.3443E+02
0000539   5.4594E+02 -2.5212E+02 -4.5050E+01
0000540   1.6572E+02 -1.5408E+02  7.3228E+01
0000541   7.0597E+01  1.5503E+01 -1.9735E+01
0000542   1.3534E+02  3.5471E+01 -2.1749E+02
0000544   1.9023E+01  1.2106E+02 -1.9074E+02
0000545   1.8963E+02  1.3583E+02  4.5563E+00
0000546   2.7271E+02  5.7163E+01 -1.8841E+02
0000547   2.2738E+02  1.5988E+02 -4.5028E+01
0000548   4.5859E+02 -1.5174E+02  6.1716E+01
0000550   7.8564E+01 -6.7616E+01  8.2851E+01
0000551   1.9925E+02 -1.1600E+02 -3.2060E+02
0000552   2.2916E+02  4.2138E+00  1.2210E+02
0000553   2.5664E+02  1.9890E+02  5.7116E+01
0000554   5.3001E+02 -3.8200E+01 -1.2879E+02
0000555   2.6502E+02  6.5122E+01 -3.4066E+02
0000556   2.6818E+02 -2.7619E+01  2.3184E+02
0000557   3.7521E+02  4.6936E+01  3.9827E+02
0000558   2.6657E+02 -3.0156E+00  1.3648E+02
0000559   3.6163E+02 -2.0372E+02 -7.3947E+01
0000561   5.0115E+02 -2.7205E+02 -1.3041E+02
0000562   3.2378E+02 -2.9678E+02 -1.1681E+02
0000563   5.8421E+02 -2.3352E+01 -4.1615E+02
0000564   3.1172E+02  1.1850E+02 -1.6004E+02
0000565   4.8199E+02 -2.7280E+02  1.9513E+02
0000566   5.7637E+02  6.7574E+01 -1.2696E+02
0000567   1.5763E+02  1.7467E+02 -9.2088E+01
0000568   5.3586E+02 -2.6143E+02 -2.8274E+02
0000569   6.7159E+01  5.1176E+02  1.7167E+02
0000570   4.5358E+02 -1.6234E+02 -8.0895E+01
0000571   4.5107E+02  1.5767E+02 -1.8273E+02
0000572   2.8900E+02 -2.7954E+02 -2.2977E+02
0000573   4.3396E+02  1.1240E+02  1.2701E+02
0000574   6.2012E+02  1.8411E+02 -1.2017E+02
0000576   1.6583E+02 -2.5225E+02  3.1657E+02
0000577   7.2789E+01 -7.6180E+01 -7.8617E+01
0000578   3.9071E+02 -8.6235E+01 -6.7584E+01
0000579   1.6260E+02 -8.3893E+01  1.5858E+01
0000580   4.8566E+02 -5.3965E+01 -3.1027E+02
0000581   2.5700E+02 -1.2085E+02  2.6875E+02
0000582   2.8947E+02  5.4389E+01 -9.3811E+01
0000583   3.4580E+02  3.2415E+01 -1.2404E+01
0000584   3.2264E+02  1.0432E+02  1.3990E+02
0000586   6.5202E+02 -1.0877E+02 -1.7264E+02
0000587   4.8944E+02  6.8717E+01  3.3211E+02
0000588   5.9449E+02 -2.5854E+01  9.4994E+01
0000589   6.1720E+02 -1.4291E+02  3.2216E+01
0000590   5.1865E+02 -4.8751E+00  1.4453E+02
0000591   4.3424E+02 -1.1456E+01  6.0118E+01
0000592   5.7242E+02 -1.0471E+02 -3.1103E+02
0000593   2.2566E+02  3.7594E+02 -3.6375E+02
0000594   4.7388E+01 -3.5189E+01 -1.3614E+02
0000596   1.6399E+02  8.2560E+01 -9.5246E+01
0000597   2.6810E+01  2.6263E+02  1.4900E+02
0000598   2.6380E+02  1.7247E+02 -9.7658E+01
0000599   2.1668E+02 -5.1755E+02  1.3114E+02
0000600   1.1940E+02  1.5125E+01 -5.2554E+01
0000601   1.3204E+02 -3.5957E+01  2.5243E+02
0000602   3.6107E+02 -1.0579E+02 -5.7602E+01
0000603   5.5665E+01 -2.6575E+02 -9.0590E+01
0000604   3.0745E+02 -1.8380E+02  2.9049E+02
0000605   4.2709E+02  2.5033E+02  3.8451E+02
0000606   2.3764E+02  1.8984E+02 -2.7677E+02
0000608   3.7090E+02  1.0549E+01 -3.2850E+01
0000609   2.9396E+02 -8.7367E+00  1.2348E+01
0000610   1.6167E+02  3.3782E+02 -1.0323E+02
0000611   3.7335E+02 -1.8660E+01 -8.0001E+01
0000612   2.9951E+02  2.3076E+00  1.5720E+00
0000613   1.1410E+02 -1.0669E+02 -1.4445E+02
0000616   2.2167E+02 -3.3495E+01  1.9844E+02
0000618   5.8771E+02  1.1429E+02 -1.6120E+02
0000619   3.3974E+02  4.3324E+02 -2.2615E+02
0000620   2.3964E+02  7.8614E+01  7.6434E+01
0000621   5.2240E+02  2.3067E+02 -9.4348E+01
0000622   4.1786E+02 -2.0940E+02 -2.6096E+02
0000623   2.1472E+02  4.9268E+02 -1.5533E+02
0000624   4.7508E+02 -1.0271E+02 -6.2459E+01
0000625   1.9065E+02 -2.0011E+02 -5.6698E+01
0000626   1.6211E+02  7.9734E+01 -6.1790E+01
0000627   1.2801E+02 -1.2491E+02 -1.0053E+01
0000628   4.6247E+02  7.9312E+01 -2.3956E+02
0000629   2.9289E+02 -2.1440E+02 -1.2759E+02
0000630   2.9090E+02 -2.2614E+01  6.7847E+01
0000631   4.1074E+02  3.3124E+02 -5.5146E+01
0000632   3.6910E+02 -2.5699E+02  2.4925E+01
0000633   2.7733E+02 -4.7089E+01 -5.0041E+01
0000634   3.7535E+02 -1.8320E+02  8.5205E+01
0000635   1.3445E+02  1.6141E+02 -5.8096E+01
0000636   4.2892E+02  2.2889E+01 -1.2622E+02
0000637   2.0697E+02 -1.0638E+02 -2.9976E+02
0000638   1.3471E+02 -1.6949E+02  2.4682E+02
0000639   5.2501E+02 -1.0971E+02 -1.8251E+02
0000640   6.0619E+01 -1.8291E+02  7.5289E+00
0000641   1.6997E+02 -1.4667E+02 -3.9414E+02
0000642   2.7294E+02  2.1261E+02 -9.0890E+01
0000643   2.8311E+02 -7.8286E+01 -1.2031E+02
0000644   3.2752E+02  1.6709E+01 -1.5261E+02
0000645   8.0561E+01 -1.1061E+02  1.6759E+02
0000646   5.6394E+02 -2.2307E+02  1.6452E+02
0000647   1.9141E+02  3.5333E+02  9.0456E+01
0000648   1.7856E+02  5.0334E+01 -1.6523E+02
0000649   4.5497E+02  7.4668E+01  1.0764E+02
0000650   1.9432E+02  1.8638E+02  1.0088E+02
0000651   5.1222E+02 -5.1014E+01  3.7661E+02
0000652   3.2940E+02  8.2915E+01  1.0142E+01
0000653   3.8581E+02  7.7236E+01  6.5502E+01
0000654   3.4041E+02  5.4634E+01 -1.2808E+02
0000656   1.8228E+02  1.7438E+02 -1.9725E+02
0000657   3.2393E+02  1.5047E+02 -6.1669E+00
0000658   2.2030E+02 -2.0872E+02  4.2483E+02
0000659   3.7997E+02 -2.7896E+02  1.7016E+02
0000660   1.9763E+02 -5.4732E+01  6.8419E+01
0000661   8.1129E+01  1.2477E+02 -1.2067E+02
0000662   2.1519E+02  1.3695E+02  2.8850E+01
0000663   6.3774E+02 -1.3575E+01  1.6025E+02
0000664   5.6514E+02  1.2822E+02 -1.2022E+02
0000665   7.0802E+01 -8.2759E+01 -3.2533E+01
0000666   4.7361E+02  1.3045E+02  3.1033E+02
0000667   3.2572E+02  5.1698E+01  2.1758E+01
0000668   4.8863E+02  2.0841E+01  4.3960E+01
0000669   9.9204E+01 -1.0987E+01 -3.2810E+01
0000671   2.7996E+02 -5.2852E+01  3.5997E+01
0000672   3.4131E+02  2.0448E+02 -1.1142E+02
0000673   1.9770E+02 -2.2687E+01 -2.7529E+02
0000674   9.7974E+01  1.3648E+02 -1.5943E+02
0000675   3.1173E+02 -2.1472E+02 -2.4690E+02
0000676   4.5427E+02 -1.2705E+02  3.8297E+00
0000677   7.5287E+01 -5.7154E+01 -1.4796E+02
0000678   3.6474E+02 -1.8448E+02 -3.9356E+02
0000679   3.1720E+02 -1.0857E+02  3.7945E+01
0000680   1.7956E+02 -2.0957E+01 -7.3151E+01
0000681   6.8340E+02  1.2094E+01  9.2712E+01
0000682   2.2149E+02 -1.6264E+01  2.9154E+02
0000684   4.8640E+02 -3.7505E+01 -1.7737E+02
0000685   4.6020E+02 -1.5178E+02 -5.8118E+01
0000686   5.7306E+02  8.3711E+01 -1.7723E+02
0000687   4.9228E+02 -2.3101E+02  2.1246E+02
0000688   2.7646E+02 -1.2270E+02 -1.0130E+02
0000689   6.3660E+02 -2.3478E+02  3.0122E+01
0000690   4.4825E+02  2.9159E+00  2.9322E+02
0000691   1.5300E+02  2.0927E+02  3.0154E+02
0000692   2.9163E+02  1.1347E+02 -5.6781E+01
0000693   4.5325E+02  4.8266E+01  1.4574E+02
0000694   6.4701E+02  1.7328E+01  1.1643E+01
0000695   5.4930E+02 -2.3898E+02 -4.5079E+02
0000696   3.4526E+02 -1.6571E+02 -1.3049E+02
0000697   3.3148E+02 -1.0151E+01 -3.3519E+01
0000698   1.6445E+02 -1.4597E+02  2.4862E+02
0000699   1.4409E+02 -2.2183E+02  2.3198E+02
0000700   1.3611E+02  4.9696E+00  4.6612E+01
0000701   3.8053E+02  9.7008E+01 -1.1181E+02
0000702   4.2941E+02  3.6443E+02  1.6614E+02
0000703   2.7131E+02  4.5504E+01 -4.3874E+01
0000704   2.0862E+02 -2.6225E+02 -1.4955E+02
0000705   3.7678E+02 -4.0916E+02 -2.6647E+02
0000706   3.4520E+02 -1.7903E+02  9.7605E+01
0000707   5.2671E+02 -3.9169E+02  1.0007E+02
0000708   3.2290E+02  2.7785E+02 -6.4731E+01
0000709   4.5851E+02 -1.4073E+02  1.4006E+02
0000710   2.7400E+02 -3.8996E+02  2.4729E+01
0000711   2.8243E+02 -1.5129E+02 -3.0166E+02
0000712   2.3954E+02  6.4317E+01  5.2739E+02
0000713   4.3025E+02  4.6492E+01  2.0819E+02
0000714   2.1149E+01  2.9183E+00  2.4481E+02
0000715   1.0245E+02 -9.3527E+01 -7.3491E+01
0000716   3.6480E+02 -5.6837E+01  2.4653E+01
0000717   2.0314E+02  1.2723E+02  1.0984E+02
0000718   2.7435E+02 -5.3298E+01 -3.7007E+02
0000719   4.3564E+02  1.0219E+02 -1.9419E+01
0000720   3.5672E+02  3.7281E+02 -1.8464E+02
0000721   2.3801E+02 -3.7716E+01  9.7639E+01
0000722   2.2324E+02 -2.0839E+02 -2.8698E+01
0000723   2.8965E+02 -2.5850E+02  3.1338E+01
0000724   5.5262E+02  5.3874E+01  1.2873E+01
0000726   1.9361E+02  1.4342E+02  2.5567E+01
0000727   3.0793E+02  6.5152E+01  5.8809E+01
0000728   4.6627E+02 -1.7745E+01 -3.1066E+02
0000729   3.5084E+02  2.9721E+02  3.5467E+02
0000730   2.7437E+02  2.3444E+02 -1.5797E+02
0000731   2.8860E+02 -1.0285E+01 -9.0355E+01
0000732   2.3574E+01 -3.0302E+02  1.1662E+02
0000733   3.9284E+02 -1.3017E+02  3.2254E+01
0000734   5.2228E+02  5.6672E+01 -1.3549E+02
0000736   3.8684E+02  3.1765E+02 -1.5790E+02
0000737   1.2752E+02  1.1725E+02 -6.9102E+01
0000738   1.0433E+02  2.0835E+02 -4.0840E+01
0000739   4.7854E+02 -2.5359E+02 -1.6923E+02
0000740   4.5804E+02 -3.5626E+02 -9.0193E+01
0000742   4.8913E+02  1.3379E+02  7.3189E+01
0000743   4.8048E+02  1.0422E+02 -1.0351E+02
0000744   2.0826E+02 -8.1260E+01  1.1348E+01
0000745   6.1654E+02 -6.8397E-02 -3.2941E+02
0000746   4.9325E+01 -6.2128E+01  4.3975E+01
0000747   2.2592E+02 -1.1258E+02 -7.6538E+01
0000748   1.9600E+02  1.8130E+02  1.5605E+02
0000749   1.5027E+02 -6.3843E+01 -1.6276E+02
0000750   1.6469E+02  1.4627E+02  2.3992E+02
0000751   1.9375E+02 -5.3417E+01  3.1636E+01
0000752   2.4879E+02  1.3871E+01 -1.0708E+02
0000754   7.8528E+00 -2.3970E+02 -4.3140E+01
0000755   4.4179E+02 -7.5543E+01 -8.1830E+01
0000756   2.0739E+02 -3.3877E+02 -3.0974E+02
0000757   1.9251E+02 -1.7951E+02  1.3091E+02
0000758   3.2306E+02 -6.6281E+00  1.7006E+02
0000759   2.8860E+02 -1.3193E+02 -2.4423E+02
0000760   4.6307E+02 -2.0063E+02  6.4273E+00
0000761   3.2064E+02  7.6494E+01  3.8254E+01
0000762   3.0070E+02 -1.1184E+02 -1.1054E+02
0000763   4.8529E+02 -2.1097E+02 -1.2837E+01
0000764   6.0513E+01  5.2538E+01  1.7787E+02
0000765   2.4667E+02 -3.6002E+01  1.7563E+02
0000766   4.7831E+02 -3.3464E+01 -1.8634E+02
0000767   5.5064E+02 -1.6321E+02  8.1773E+01
0000768   4.4915E+02 -1.3287E+02  5.8995E+01
0000769   5.0994E+02 -1.9711E+01 -1.7471E+02
0000770   3.8602E+02 -7.7574E+00  4.4055E+01
0000771   5.7385E+01  2.6609E+01  3.8854E+02
0000772   1.8977E+02  1.0553E+02  1.9963E+02
0000773   4.9091E+02 -1.0499E+02  6.3468E+01
0000774   2.2960E+02 -9.7306E+01  1.0086E+02
0000775   7.6732E+01 -6.1340E+01 -9.7062E+01
0000776   1.4509E+02  1.1820E+02 -1.5536E+02
0000777   1.6681E+02 -1.7892E+01  6.6906E+01
0000778   4.9273E+02 -2.7834E+02  1.8027E+02
0000779   3.6663E+02 -4.6102E+01  9.6066E+01
0000780   4.4013E+02 -1.4248E+02  4.7638E+01
0000781   4.3832E+01 -5.5213E+01 -5.7703E+01
0000782   1.7043E+02  2.2146E+02  1.2257E+02
0000783   2.9137E+02  5.6036E+01  3.3422E+01
0000784   4.2740E+02  1.0310E+02  4.7559E+01
0000785   1.5816E+02  8.7988E+01 -2.4681E+02
0000786   3.9892E+02 -7.7213E+00 -2.0557E+02
0000787   1.2758E+02  1.0077E+02  2.4870E+01
0000788   3.5843E+02 -8.3377E+00  6.1009E+01
0000789   5.0412E+02 -6.7610E+01 -2.7158E+02
0000790   4.6114E+02  4.4003E+01  9.1894E+01
0000791   3.8181E+01 -6.4524E+00 -8.9485E+01
0000792   6.4274E+02 -2.0496E+02 -1.1339E+02
0000793   5.0041E+02  4.9464E+00 -9.3229E+01
0000794   4.3561E+02 -1.2742E+02 -8.0858E+00
0000795   3.3363E+02 -1.5353E+02 -1.1020E+02
0000796   3.8039E+02  1.8424E+02 -2.8179E+01
0000797   2.3488E+02 -2.2554E+02 -9.2946E+01
0000799   3.9227E+02  3.8822E+02  4.9313E+01
0000800   1.5772E+02 -1.6515E+02  1.1915E+02
0000801   4.5300E+02 -1.8894E+02  1.2698E+02
0000802   1.9487E+02 -3.4774E+02 -3.0698E+02
0000803   1.6285E+02  3.4218E+02 -6.3684E+01
0000804   4.4123E+02 -1.2366E+02 -1.0659E+02
0000805   5.5704E+02  1.2040E+02 -2.7099E+02
0000806   4.9504E+02  1.3550E+02 -2.2027E+02
0000807   6.7385E+01  1.9804E+02  1.1366E+02
0000808   8.6935E+01  2.9264E+02  1.1996E+01
0000809   7.2428E+01  9.4885E+01 -9.5994E+01
0000810   4.4815E+02  1.3542E+01  1.1817E+02
0000811   2.1502E+02 -8.4703E+01  1.2037E+02
0000812   5.5509E+02 -5.5353E+01  4.0349E+01
0000813   3.1614E+02  8.3183E+00  7.6305E+01
0000814   1.6266E+02  2.4520E+02  1.4853E+02
0000815   2.7453E+02  2.8175E+02 -2.4482E+02
0000816   2.1565E+02 -1.4639E+02  1.0353E+02
0000817   5.5226E+02 -9.4625E+01  4.3323E+00
0000818   4.4613E+02 -2.0709E+02 -2.0455E+01
0000819   4.0903E+02  1.6435E+02 -9.9027E+01
0000820   7.3660E+01 -1.6695E+02 -9.2907E+01
0000821   1.5307E+02  4.1696E+00  2.9199E+02
0000823   5.2519E+01 -1.0037E+02 -6.6105E+01
0000824   4.7356E+02 -7.1220E+01 -1.6796E+02
0000825   1.3799E+02 -2.5448E+02 -3.4728E+01
0000826   3.2093E+02  4.7264E+02  8.4202E+01
0000827   4.1547E+02  1.0445E+01  1.8460E+02
0000828   3.2941E+02  6.0197E+01  2.5811E-01
0000829   2.6474E+02  1.5003E+01  1.2450E+02
0000831   3.8294E+02  3.2047E+01 -1.6133E+02
0000832   4.0097E+02 -1.5692E+02 -3.5320E+01
0000833   5.7047E+02  1.8936E+02 -2.2531E+02
0000834   2.2254E+02 -1.6253E+02 -1.3234E+02
0000835   3.4758E+02 -2.0412E+02  4.6563E+02
0000836   3.2596E+01 -4.3044E+01  1.9004E+02
0000837   3.9439E+02  9.4176E+00  8.1744E+01
0000838   2.9022E+02 -5.6076E+00 -7.3330E+01
0000839   2.6832E+02  5.5076E-01  1.5734E+02
0000840   2.8769E+02 -9.4829E+01 -6.9743E+00
0000841   3.7148E+02  9.1400E+01  2.6658E+01
0000842   1.9770E+02  8.7479E+01  5.9149E+01
0000843   4.5279E+02  3.5545E+02 -1.7060E+02
0000844   1.8927E+02  2.4859E+02 -1.5431E+01
0000845   5.2997E+02 -5.8162E+00  2.4647E+02
0000846   3.1820E+02 -5.2143E+00 -5.2386E+01
0000847   7.2483E+02 -1.3679E+02 -1.4577E+02
0000848   3.2420E+02  3.1526E+02  4.7895E+01
0000849   2.6562E+02 -9.8828E+01  1.6299E+02
0000850   6.8655E+01 -7.8722E+01  6.6604E+01
0000851   4.4193E+02 -9.6689E+00  3.3002E+01
0000852   3.7519E+02  3.1741E+02  1.4182E+02
0000853   3.4664E+02  2.0690E+02 -1.7625E+02
0000854   4.2419E+02 -1.4253E+02 -6.6401E+01
0000855   8.3622E+02 -1.0755E+02  1.1835E+02
0000856   2.0951E+01 -2.6500E+02 -2.3714E+02
0000857   5.1217E+02 -6.3434E+01 -4.1665E+01
0000858   2.7333E+02 -1.7553E+02 -1.4823E+01
0000859   3.4889E+02 -1.6042E+02  4.5900E+02
0000860   4.8813E+02  1.2838E+02 -1.3515E+02
0000861   4.2483E+02  5.3515E+01 -6.4988E+01
0000862   2.8450E+02  2.5317E+02 -1.6398E+02
0000863   2.0622E+02  2.8861E+01  2.4308E+02
0000864   3.5182E+02 -1.3701E+02  9.6135E+01
0000865   6.7553E+01 -8.9229E+01  1.3348E+02
0000866   9.6613E+01  1.5403E+02 -1.1662E+02
0000867   4.3853E+02  1.7364E+02 -2.1851E+02
0000868   3.3723E+02  5.0908E+01  8.0537E+01
0000869   4.4346E+02  4.8084E+01  1.4438E+02
0000870   4.4097E+02  2.3431E+02  5.9981E+01
0000871   1.7762E+01 -9.2053E+01  3.7146E+02
0000872   4.2462E+02 -2.8165E+02  1.2497E+02
0000873   2.2942E+02  1.8364E+02 -4.6115E+01
0000874   1.0131E+02  8.1501E+01 -2.6629E+02
0000875   2.4244E+02 -2.0639E+02  1.7984E+02
0000876   2.9202E+02  2.2793E+02  1.1549E+02
0000877   2.2882E+02 -3.6733E+01 -1.1903E+02
0000878   3.7427E+02 -4.5388E+01 -1.1738E+02
0000879   5.4885E+02 -1.8119E+02  3.2424E-01
0000880   2.2224E+02  2.3340E+02 -2.0943E+02
0000881   2.9735E+02  4.2673E+02 -5.1544E+01
0000882   3.9851E+02  2.7709E+02 -1.7692E+01
0000883   3.4978E+02  1.8729E+02  6.2383E+01
0000884   8.9436E+01 -1.8234E+02 -1.4738E+02
0000885   2.3676E+02 -3.2561E+02 -3.8948E+01
0000886   3.9426E+02 -1.3620E+02  2.3991E+02
0000887   4.8571E+02  2.9124E+02  5.0450E+01
0000888   3.2371E+02 -1.4603E+02 -6.2000E+01
0000889   3.5169E+02  1.4782E+02 -2.1246E+02
0000890   4.2128E+02 -4.5880E+01  1.9909E+02
0000892   2.8167E+02 -3.0532E+02 -3.2153E+01
0000893   1.4491E+02  3.6232E+01 -2.8946E+02
0000894   2.3300E+02 -2.4887E+02 -8.6027E+01
0000895   5.2133E+02  1.9870E+02  1.4770E+02
0000896   2.1508E+02 -2.3358E+02 -1.1801E+02
0000897   5.4320E+02  3.8694E+02 -9.5394E+01
0000898   7.4189E+02 -3.0133E+01 -2.7721E+02
0000899   2.8653E+02 -6.2566E+01  2.6556E+01
0000900   3.9367E+02 -1.9195E+02  1.8027E+02
0000901   3.9965E+02 -1.6145E+02 -1.8642E+02
0000902   2.7213E+02  1.8406E+01 -2.2373E+02
0000903   1.6801E+02  1.3704E+02 -9.7162E+01
0000904   3.9523E+02 -5.0744E+00  1.9623E+02
0000905   9.1336E+01 -2.9173E+02 -8.9949E+01
0000906   4.0403E+02 -8.6201E+01 -2.1901E+02
0000907   3.0718E+02  5.5152E+02 -1.7797E+02
0000908   5.1413E+02 -1.0702E+02 -1.1350E+02
0000909   2.3856E+02 -1.1493E+02  1.6409E+02
0000910   2.2838E+02 -1.7533E+02  4.1182E+02
0000911   3.2778E+02 -2.0013E+02 -1.4749E+02
0000912   2.8236E+02 -1.5548E+02 -2.7070E+02
0000913   6.4859E+02 -6.7040E+01  1.1250E+01
0000914   4.0770E+02  1.2963E+02  7.7766E+01
0000915   3.0419E+01  5.0217E+01  2.2483E+02
0000917   4.8859E+02 -1.1075E+02 -2.4259E+02
0000918   2.8854E+02 -1.3349E+02 -1.4233E+02
0000919   7.5724E+01 -2.6159E+02 -1.7746E+02
0000920   5.1423E+02  1.9049E+02  2.9760E+01
0000921   5.4196E+02 -5.6058E+01 -1.7134E+02
0000922   4.4027E+02 -4.0138E+01  2.6581E+02
0000924   3.4996E+02 -1.4505E+02 -2.5632E+02
0000925   2.5750E+02 -2.2365E+02  8.2619E+01
0000926   3.1162E+02 -2.5727E+00  3.8389E+02
0000927   1.7001E+02 -2.8934E+02  1.1336E+02
0000928   2.8103E+02  5.4868E+01 -7.3857E+01
0000929   1.2941E+02 -2.7805E+01  1.9590E+02
0000930   1.5584E+02  7.9738E+00  7.4181E+00
0000931   3.0283E+02  1.4473E+02 -1.4546E+01
0000932   5.4918E+02 -3.3245E+02  2.9763E+02
0000933   3.1194E+02  1.3911E+02 -3.6642E+01
0000934   3.1975E+02  5.8676E+01 -6.3996E+01
0000935   1.9304E+02  3.2926E+02  3.1481E+02
0000936   5.3580E+02  2.1282E+02  1.1581E+02
0000937   3.3993E+02 -2.2546E+02  3.7638E+01
0000938   3.8475E+02  1.3252E+02  4.2791E+01
0000939   5.0867E+02 -8.4777E+01 -5.7899E+01
0000940   4.0005E+02 -3.1457E+02  1.8702E+02
0000941   5.3366E+02  6.9294E+01  3.9258E+02
0000942   2.0072E+02 -1.1951E+02  1.8053E+02
0000943   2.9135E+02  1.1078E+02 -3.3412E+02
0000944   2.5793E+02  1.1139E+02  8.8515E+01
0000945   5.0468E+02  2.8552E+02 -1.4138E+02
0000946   3.2817E+02 -2.3812E+02  1.0268E+02
0000947   2.2019E+02  5.4043E+01 -1.9805E+02
0000948   1.3305E+02 -2.5552E+01  1.0795E+01
0000950   1.5669E+02 -1.8770E+00 -2.6135E+02
0000951   2.9147E+02 -1.4349E+02 -8.4763E+01
0000952   3.5685E+02 -2.0938E+02  1.5361E+02
0000953   6.1505E+02 -6.0443E+01 -2.4771E+01
0000954   2.5822E+02 -1.1834E+02  4.3966E+01
0000955   3.1112E+02 -2.0491E+02  2.8328E+02
0000956   2.0865E+02  1.3067E+02  1.5008E+01
0000957   3.9724E+01 -2.0947E+01 -4.1017E+01
0000958   6.4145E+02 -3.2550E+01  1.3367E+02
0000960   5.5115E+02  4.3800E+01  8.5509E+01
0000961   2.9204E+02 -8.3285E+01  1.0880E+02
0000962   2.8129E+02 -3.4570E+01 -1.6937E+02
0000963   1.0796E+02  2.8697E+02  1.3180E+02
0000964   2.4796E+02 -4.0541E+01 -1.5578E+01
0000965   4.2862E+02 -1.3725E+02 -4.3628E+01
0000966   2.6889E+02  7.9394E+01  2.6525E+02
0000967   5.7647E+02 -4.0008E+01  4.2961E+01
0000968   2.5778E+02  3.0975E+02  5.6667E+01
0000969   4.7833E+02  2.6353E+02 -1.2483E+02
0000970   1.2711E+02 -1.1999E+02  1.2613E+01
0000971   5.9687E+02  5.2387E+00 -1.3020E+02
0000972   1.4423E+02 -1.0927E+02 -1.3051E+02
0000973   3.8958E+02  3.4330E+02 -5.7552E+01
0000974   3.4166E+02  5.6529E+01  6.2747E+01
0000975   6.2722E+02 -3.1046E+02 -1.0631E+02
0000977   4.1066E+02 -3.8196E+01  1.9131E+02
0000978   2.5975E+02 -1.5781E+02 -5.0558E+01
0000979   1.8026E+02  1.5683E+02  2.5017E+02
0000980   9.9203E+01 -2.6384E+02 -2.5264E+02
0000981   5.0224E+02  9.8070E+01 -2.0699E+02
0000982   2.3246E+02  4.4379E+01 -6.1704E+00
0000983   3.9953E+02 -9.7312E+01  1.2704E+02
0000984   3.1610E+02  3.9064E+01 -1.6488E+02
0000985   3.7298E+02  1.6798E+01 -8.1139E+01
0000986   5.0171E+02 -2.6255E+02 -3.6405E+02
0000987   4.2786E+02  1.3520E+02  1.5185E+01
0000988   1.1982E+02 -4.4073E+01  1.3978E+01
0000989   2.8132E+02  2.0470E+02 -1.9319E+02
0000990   2.7847E+02  6.1794E+01  1.7900E+01
0000991   5.4513E+02 -1.3730E+02 -1.8632E+02
0000992   4.0402E+02  1.7303E+02  7.3022E+01
0000993   3.7183E+02 -4.1478E+01 -8.7923E+01
0000994   3.8407E+02  2.4982E+02 -6.8718E+01
0000995   3.3841E+02  8.3450E+01 -7.0774E+01
0000996   8.5633E+01 -7.2567E+01  3.6717E+02
0000997   3.8448E+02 -1.1819E+02 -8.5397E+01
0000998   2.4462E+02 -8.0987E+01  2.3090E+02
0000999   2.2703E+02  4.2356E+00 -9.9480E+01
0001000   2.1877E+02  6.5041E+01  1.9504E+02
