============================== SRIM-2013.00 ==============================
==============================================================================
====== SRIM Outputs\RANGE_3D.txt : File of Final Ion Positions =====

Ion =  F (09)   Ion Mass= 018.9984
Energy  = 3000000.E-05 keV
Ion Angle to Surface = 00.0 degrees
==================== TARGET =======================
  Layer # 1 - None
  Layer # 1 - Bottom Depth=500000.E-01 A
  Layer # 1 - Density =0007.8700 g/cm3
  Layer # 1 -  100 % of Fe
ÍÍÍÍÍÍÍÍÍÍÍÍÍÍÍÍÍÍÍÍÍÍÍÍÍÍÍÍÍÍÍÍÍÍÍÍÍÍÍÍÍÍÍÍÍÍÍÍÍÍÍÍ
                                            
Ion       Depth  X   Lateral Y   Lateral Z  
Number    (Angstrom) (Angstrom)  (Angstrom) 
-------  ----------- ----------- -----------
0000001   3.5789E+02  1.4590E+02  1.8204E+02
0000002   3.0694E+02  9.9505E+00 -5.5724E+01
0000003   2.2627E+02  1.2901E+02 -4.7910E+01
0000004   2.5459E+02 -1.4052E+02 -1.1347E+02
0000005   3.5294E+02  1.8757E+02  2.6428E+01
0000006   1.9963E+02 -3.5889E+02 -1.0157E+02
0000007   1.6411E+02 -8.1846E+01 -9.8969E+01
0000008   3.3137E+02 -5.4860E+01  1.0887E+02
0000009   1.8623E+02  1.3057E+02  4.9704E+01
0000011   4.9165E+02  1.2404E+02 -1.8630E+00
0000012   3.1914E+02 -4.1538E+01  2.5664E+01
0000013   2.2423E+02 -1.0872E+02  3.0927E+02
0000014   4.0493E+02  1.6493E+02 -1.7972E+02
0000015   2.9439E+02 -2.7955E+02  7.3444E+01
0000016   2.2062E+02 -6.1762E+01 -9.0828E+01
0000017   6.4774E+02 -4.9684E+01 -4.9346E+01
0000018   1.5371E+02  6.0420E+01 -5.4941E+01
0000019   1.5679E+02 -8.0758E+01  3.0466E+02
0000020   3.4123E+02 -5.6797E+01  2.2578E+02
0000023   3.6972E+02  2.5845E+02  2.2826E+02
0000024   3.1562E+02  2.5581E+02  1.8248E+02
0000025   6.2405E+02 -1.4301E+02  2.1712E+02
0000026   3.9616E+02 -3.2319E+01 -5.2318E+01
0000027   3.3701E+02 -5.8982E+01  2.7207E+01
0000028   3.3948E+02 -1.6302E+02 -7.3190E+01
0000029   9.8267E+01 -8.9011E+01 -3.6913E+01
0000030   1.5150E+02 -2.9768E+02 -3.9964E+01
0000031   1.4842E+02  1.3756E+01 -5.3988E+00
0000032   1.5811E+02 -1.0126E+02  6.9155E+01
0000033   3.9475E+02  8.4579E+01 -8.1946E+01
0000034   5.6349E+02  9.0139E+01  1.3652E+02
0000035   3.5477E+02 -3.9288E+01 -1.2085E+02
0000036   2.0394E+02 -1.4746E+02 -4.0692E+01
0000037   2.0092E+02 -8.7651E+01  2.3951E+02
0000038   6.8701E+01  6.2198E+01 -1.7963E+02
0000039   4.2995E+02 -1.5850E+02  1.4179E+02
0000040   4.1542E+02 -3.1185E+02 -3.9865E+01
0000041   2.6809E+02 -9.2026E+01  2.9486E+01
0000042   3.0501E+02  2.5897E+02 -1.3298E+02
0000043   6.3978E+02 -2.8709E+02 -6.5932E+01
0000044   5.0342E+01  1.0391E+02  4.0806E+01
0000045   1.1052E+02  3.8782E+02 -4.5694E+01
0000046   2.9994E+02  1.8981E+02  6.6267E+01
0000047   5.2270E+02  7.7770E+01  1.3905E+02
0000049   2.2632E+02 -3.5462E+00 -4.2896E+01
0000050   3.4262E+02  7.2822E+01  4.2185E+02
0000051   2.9832E+02 -2.2305E+02  1.0941E+02
0000052   4.5419E+02 -2.0934E+02  2.3157E+02
0000053   1.1337E+01 -9.5294E+01 -5.4907E+01
0000054   6.1885E+02 -1.9260E+02  1.6691E+01
0000055   1.3379E+02 -6.8788E+01  2.3321E+02
0000057   1.3604E+02  5.1777E+01 -1.4490E+02
0000058   3.0969E+02 -1.9753E+02 -3.2275E+01
0000059   5.5076E+02  2.6418E+02 -5.0846E+01
0000060   2.6893E+02 -4.9469E+01 -1.3866E+02
0000061   4.1065E+02  2.2810E+02  8.5441E+00
0000062   2.7279E+02 -5.2288E+00  9.6122E+01
0000063   1.7190E+01 -3.3313E+01 -2.1240E+02
0000064   2.6358E+02  2.5828E+01 -1.7470E+02
0000065   1.6888E+02 -1.4818E+01 -2.1853E+02
0000066   3.8839E+02 -2.2474E-01  9.0145E+01
0000067   2.5721E+02 -1.7199E+02 -2.8803E+02
0000068   1.9179E+02 -9.7064E+01 -5.1874E+01
0000069   2.7655E+01 -9.1013E+01 -1.2650E+02
0000070   4.5538E+02 -2.9620E+02 -4.2893E+01
0000071   2.9756E+02 -1.1123E+00 -1.4996E+02
0000072   5.1291E+02  2.0307E+02  3.3824E+00
0000073   3.8301E+02 -2.4272E+00 -9.9712E+01
0000074   5.5945E+02  2.0774E+01  3.2626E+02
0000075   4.1917E+02 -1.6022E+02 -2.4362E+01
0000076   4.8238E+02  2.0712E+01  4.4224E+02
0000077   1.7246E+02 -2.3102E+02  2.6301E+02
0000078   2.9641E+02 -1.2547E+02  6.6036E+01
0000079   1.7314E+02 -5.2355E+01  1.4716E+01
0000080   3.5956E+02 -4.6379E+01  3.5654E+00
0000081   2.3503E+02  3.0872E+02 -1.1451E+02
0000082   2.4449E+02 -1.4534E+01 -3.3078E+02
0000083   2.2002E+02 -7.1986E+01 -5.8404E+01
0000084   4.0804E+02  1.8658E+01 -7.4458E+01
0000085   5.3731E+02  2.8254E+02 -1.6608E+02
0000086   3.7367E+02  1.8562E+02 -1.9569E+01
0000088   3.6946E+02  4.0896E+01  1.1338E+02
0000089   8.1298E+01 -1.7650E+02  9.8579E+01
0000090   3.4376E+02 -9.5064E+01  1.2020E+02
0000092   1.0001E+02  2.8163E+00 -1.7797E+02
0000093   3.3096E+02 -8.0539E+01  2.8518E+02
0000094   5.1457E+02 -2.9876E+01 -1.1945E+02
0000095   3.4581E+02  2.2952E+02 -1.9161E+02
0000096   5.2478E+02 -3.2653E+02  2.1616E+01
0000097   3.1363E+02 -1.4328E+02  9.5590E+00
0000098   3.4196E+02  3.4277E+01 -6.6863E+01
0000099   2.5558E+02 -1.6656E+02 -4.2434E+01
0000100   3.5267E+02 -4.0216E+02  7.1139E+01
0000101   2.1894E+02  9.9136E+01 -2.3699E+02
0000102   3.0248E+02 -6.4103E+01  4.9454E+01
0000103   3.1793E+02 -8.9693E+01  6.8911E+01
0000104   2.4988E+02  1.7476E+02 -2.2107E+01
0000105   1.1988E+02 -9.6864E+01  1.8865E+02
0000106   3.3526E+02 -4.3620E+01 -7.5364E+01
0000107   4.1737E+02 -1.9693E+02  3.1772E+02
0000108   2.9124E+02 -1.5192E+02  2.4225E+02
0000109   4.7797E+02 -3.7952E+02  3.0450E+02
0000110   3.8762E+02  1.2686E+02  1.5210E+02
0000111   1.9503E+02  6.7600E+01 -7.3204E+01
0000112   2.4400E+02 -8.9814E+01 -8.0841E+01
0000113   6.5987E+02 -1.0580E+01  5.3487E+01
0000114   2.7345E+02 -9.9539E+01  1.2303E+02
0000115   4.5178E+02 -3.5926E+01  1.8950E+02
0000116   5.8094E+02 -3.0218E+02 -5.0299E+01
0000117   3.0719E+02 -1.5867E+01 -7.1965E+01
0000118   4.5061E+02 -1.6013E+02 -1.8620E+02
0000120   3.0129E+02 -1.3430E+02  1.3548E+01
0000121   7.4181E+01  5.9425E+01 -1.9182E+02
0000122   1.6188E+02  3.3765E+02  2.2207E+02
0000123   4.2927E+02 -1.3574E+02 -2.0431E+02
0000125   2.4216E+02 -2.4049E+02 -1.9825E+02
0000126   2.3978E+02 -4.1973E+01 -1.0397E+02
0000127   2.9351E+02 -2.5870E+02  5.0149E+01
0000128   3.9639E+02  1.4798E+02  3.8521E+02
0000130   1.6204E+02 -8.7276E+01 -1.1920E+02
0000131   3.3397E+02 -1.0507E+02  1.7979E+02
0000132   5.6357E+00 -3.7774E+01 -1.7303E+02
0000133   4.5408E+02 -2.3134E+00  2.2553E+01
0000135   2.7296E+02  2.0906E+01  9.3277E+01
0000136   6.9353E+02  1.3766E+02 -1.6235E+02
0000137   4.5963E+02 -2.5072E+02 -3.9866E+02
0000138   6.9837E+02  2.4738E+02  3.4986E+01
0000139   1.3521E+02 -2.9518E+02  6.5709E+01
0000140   1.5843E+02  5.8066E+00 -1.0278E+02
0000141   3.8852E+02 -1.4020E+01  2.1456E+02
0000142   1.3439E+02 -2.8114E+01  1.8098E+01
0000143   4.3024E+02  1.8129E+02 -5.0521E+01
0000145   6.4440E+02 -5.6729E+00 -1.1714E+02
0000146   2.7253E+02  4.0247E+02 -1.9858E+02
0000147   3.8058E+02 -1.6578E+01  6.0760E+01
0000148   2.7493E+02  9.8422E+00  1.6800E+02
0000149   2.4439E+02 -2.8905E+01 -1.7085E+02
0000150   1.4043E+02  2.0631E+01  8.5916E+01
0000151   2.3577E+02 -9.1582E+01 -1.1940E+02
0000152   1.3101E+02 -9.5875E+01 -1.7515E+02
0000153   2.9538E+02 -5.3119E+01 -1.4491E+02
0000154   3.5558E+02 -9.9788E-01 -6.0766E+01
0000155   6.4704E+02  3.6788E+01  9.5329E+00
0000156   1.7495E+02 -6.0016E+01  1.4068E+02
0000157   4.7029E+02 -2.2404E+01 -2.1395E+02
0000158   5.7333E+01  1.5166E+01 -1.4267E+02
0000159   3.1844E+02 -1.5137E+02  9.8771E+01
0000160   2.3209E+02 -1.1844E+02  1.3533E+02
0000161   1.2842E+02  2.1349E+01 -3.5484E+02
0000163   2.3979E+02  4.5225E+01  2.1717E+02
0000164   9.5997E+01  1.2374E+02 -1.7826E+01
0000165   3.3981E+02  1.1186E+02  1.9934E+02
0000166   2.2989E+02 -1.8151E+02  1.1835E+02
0000167   2.3220E+02 -1.3993E+02  9.9558E+00
0000168   2.0817E+01 -3.3862E+01  2.7431E+02
0000169   1.6672E+02 -2.0707E+02  1.1300E+02
0000170   2.0940E+02  2.4992E+02  2.4272E+01
0000171   2.3509E+02 -3.4394E+01 -2.7836E+02
0000172   1.2678E+02 -7.7778E+01  4.5162E+01
0000173   1.4243E+02 -2.3671E+02 -1.2943E+02
0000174   2.1168E+02  4.5467E+01  1.3373E+02
0000175   2.6315E+01  4.1296E+02 -2.8106E+01
0000176   2.4639E+02  1.0067E+02 -1.2248E+02
0000177   3.8307E+02  2.2443E+01  3.6947E+01
0000178   3.3931E+02 -1.5086E+02 -1.2307E+01
0000179   9.3085E+01  4.1871E+02 -4.3860E+02
0000180   3.3255E+02  5.0258E+01 -1.9523E+02
0000181   2.1558E+02 -1.8210E+02  1.0769E+02
0000182   2.2057E+02 -3.5078E+01  1.5025E+02
0000183   4.0073E+02 -1.5230E+01  3.7571E+02
0000184   5.8391E+02 -7.1083E+01  1.5159E+02
0000185   2.5367E+02 -1.3378E+02  1.9427E+02
0000186   2.0439E+02 -5.1405E+01 -9.9686E+01
0000187   6.3071E+01 -1.0354E+02  1.7349E+02
0000188   1.8579E+02  7.3597E+01  2.6020E+02
0000189   2.4624E+02  1.9295E+02  1.3327E+02
0000190   1.4194E+02  1.8323E+02  2.4093E+02
0000191   1.6804E+02 -2.7380E+02  1.2200E+02
0000192   5.7140E+02  8.3987E+01 -1.1760E+02
0000193   3.3564E+02  1.9576E+02 -8.5484E+01
0000194   1.4736E+02 -3.7731E+01 -1.6530E+02
0000195   3.5760E+02  3.4425E+02 -5.7082E+01
0000196   4.6295E+02 -2.1797E+01  3.0839E+02
0000197   5.3056E+02  2.2438E+02 -7.4508E+01
0000198   4.2714E+02  3.2888E+02  1.1907E+02
0000199   2.8915E+02  2.2646E+02 -1.6547E+02
0000200   2.6195E+02 -3.1869E+01 -2.2154E+01
0000201   1.7693E+02  1.4763E+02 -2.5277E+01
0000202   4.6304E+02  5.2189E+01 -7.5484E+01
0000203   2.3836E+02 -9.7130E+01 -1.0981E+02
0000204   4.1161E+02 -1.0637E+02 -9.6243E+00
0000205   9.3045E+00 -8.3814E+01  1.0047E+02
0000206   1.9379E+02  2.2606E+02 -2.5276E+02
0000207   2.4965E+02 -9.4037E+00  1.8637E+02
0000208   2.0261E+02 -5.7647E+01 -1.4618E+01
0000209   3.3756E+02  2.6328E+02 -2.7054E+02
0000210   4.4472E+02  6.4318E+01  3.1316E+02
0000211   4.0029E+02 -2.2843E+02  4.0506E+01
0000212   2.2536E+02 -7.8635E+01  1.5044E+02
0000213   2.1858E+02  1.8056E+02  1.7368E+02
0000214   1.6590E+02  2.3117E+02 -3.9963E+01
0000215   3.4980E+02 -8.2664E-01 -4.5857E+01
0000216   3.6239E+02 -2.0334E+02  9.6920E+00
0000217   6.1472E+02 -2.2677E+01 -3.1137E+02
0000218   3.2805E+02  1.2417E+02 -1.1179E+02
0000219   3.5312E+02 -1.5863E+02  2.6731E+02
0000220   2.2793E+02  1.0948E+02  1.8618E+02
0000221   3.9419E+02  9.0114E+01 -2.0284E+02
0000222   4.7635E+02 -5.0915E+01 -2.1067E+02
0000223   7.7624E+01 -4.2151E+00 -7.7218E+01
0000224   1.7134E+02 -1.3643E+02  9.7953E+01
0000225   3.0289E+02 -3.3284E+02 -2.3222E+02
0000226   1.9146E+02  3.0541E+02  1.4220E+02
0000227   2.6681E+02  5.6437E+00  1.1824E+02
0000228   6.6022E+01  3.8288E+02 -5.5290E+01
0000229   2.6634E+02 -2.4214E+02  1.2725E+02
0000230   5.3326E+02 -9.1725E+01 -2.0064E+02
0000231   4.2244E+02 -2.3850E+01  3.7322E+02
0000232   3.6115E+02 -2.7357E+01  1.4815E+02
0000233   4.2295E+02  2.6036E+02 -1.2658E+02
0000234   4.4005E+02 -4.1257E+02  3.2256E+01
0000235   2.6044E+02  2.7866E+02  2.1587E+01
0000236   2.6692E+02 -5.1278E+01 -1.7008E+02
0000237   4.5598E+02  3.2028E+02 -3.2732E+01
0000238   4.2720E+02 -6.6410E+01  7.8690E+01
0000239   1.1533E+02  2.1798E+02 -2.2226E+02
0000241   5.8361E+02  6.7375E+01  3.6443E+01
0000242   2.4490E+02  3.0634E+02 -1.6272E+02
0000243   5.6117E+02  1.0917E+02 -9.9321E+00
0000244   1.7184E+02  1.3197E+02 -2.8888E+02
0000245   1.4535E+02  1.4234E+02  3.8467E+02
0000246   8.6030E+01  1.2910E+02  2.7417E+02
0000247   4.0389E+02 -5.7388E+01 -2.6863E+02
0000248   3.1152E+02  1.2473E+02  1.1877E+02
0000249   5.3416E+02  1.0005E+02  1.7745E+02
0000250   2.4590E+02  1.0627E+02 -3.9170E+01
0000251   3.4371E+02  3.7067E+01 -2.3015E+02
0000252   2.2817E+02 -8.0149E+01  2.4637E+02
0000253   1.5479E+02 -2.0585E+02  7.1095E-01
0000254   2.1050E+02  1.4617E+01  1.3690E+02
0000255   4.0063E+02 -4.6405E+01 -6.5754E+01
0000257   2.1265E+02  3.4939E+02 -1.6178E+02
0000258   2.0273E+02 -7.4803E+01  9.8143E+01
0000259   3.6189E+02  2.0763E+02 -4.5984E+02
0000260   1.1501E+02 -3.6105E+01 -1.7680E+02
0000261   3.6878E+02  1.1337E+02  5.0598E+01
0000262   1.4550E+02  1.3140E+02  4.2664E+01
0000263   2.7743E+02 -1.3388E+02  2.2595E+02
0000264   9.3051E+01  1.0022E+02 -1.0341E+02
0000265   2.3042E+02 -8.4359E+01  1.1850E+02
0000266   2.6483E+02  2.4383E+02  2.1745E+02
0000267   2.4462E+02 -2.4430E+02 -2.5481E+02
0000268   2.8041E+02 -1.6648E+02  1.5522E+02
0000269   2.5461E+02 -1.9939E+02 -1.0923E+02
0000270   1.8492E+02  2.1180E+02  1.3273E+02
0000271   2.8070E+01  3.3094E+02  1.5176E+01
0000272   1.4251E+02 -5.1208E+00 -3.6168E+02
0000273   6.6522E+01  2.5764E+02  3.3870E+02
0000274   4.5110E+01  1.1211E+02  8.0884E+01
0000275   1.8104E+02  9.2919E+01 -2.2149E+02
0000278   2.6142E+02  2.0699E+02  1.5254E+02
0000279   3.7427E+02 -5.3016E+01  9.4937E+01
0000280   3.5432E+02 -6.6735E+01 -7.4542E+01
0000281   5.4826E+02 -1.1486E+02  2.5801E+02
0000282   1.8738E+02  1.4511E+02  2.1208E+02
0000283   8.2981E+01 -3.5839E+01 -9.8463E+01
0000284   3.2909E+02  2.9025E+02  2.0479E+02
0000285   2.0445E+02  9.5466E+00  1.6945E+02
0000286   2.0937E+02 -4.1573E+01 -2.2022E+02
0000287   4.4835E+02 -1.4153E+00  6.3957E+01
0000288   4.1693E+02  9.8264E+01 -1.8505E+02
0000289   2.5288E+02  2.3162E+01 -1.4482E+02
0000291   2.6730E+02  2.0342E+02  1.6574E+02
0000292   2.7021E+02  3.6749E+01  2.1154E+02
0000293   3.0576E+02  7.0186E+00  2.1987E+02
0000294   2.0512E+02 -8.5589E+01  3.0287E+01
0000296   2.3332E+02 -1.3533E+02  9.5394E+01
0000297   2.9454E+02  5.5786E+01 -2.3001E+02
0000298   4.3644E+02 -1.2752E+02 -1.2622E+02
0000299   6.5539E+02  9.6235E+01  1.2497E+02
0000300   3.6822E+02 -1.5590E+02  2.4494E+02
0000301   3.8971E+02  3.4071E+02 -5.2305E+01
0000302   3.9473E+02 -1.0303E+02 -2.3976E+01
0000303   1.2397E+02  1.6342E+01 -3.1314E+01
0000304   3.4108E+01 -1.8048E+02  6.3497E+01
0000305   2.1696E+02  1.7218E+02 -3.3936E+02
0000306   3.1891E+02  1.4944E+02 -7.0593E+01
0000307   1.6810E+02  1.1573E+02  1.5640E+01
0000308   4.3549E+02  2.1116E+01 -3.2202E+01
0000309   6.0382E+02 -6.6959E+01 -1.7090E+02
0000310   2.7566E+02  6.5219E+01  6.1194E+01
0000311   4.6447E+02  1.0887E+01 -7.1766E+01
0000312   3.1005E+02 -1.0676E+02 -3.5517E-01
0000313   3.0768E+02 -2.8184E+02  3.2989E+02
0000314   2.8527E+02  3.5487E+02  1.5570E+02
0000315   2.2678E+02 -2.5575E+02 -1.0297E+02
0000316   1.4784E+02  7.3807E+01 -1.0467E+02
0000317   5.0083E+02 -1.4250E+02 -1.3135E+01
0000318   2.8888E+02 -2.5975E+02 -2.4773E+02
0000319   4.8620E+02  7.2577E+01 -1.0748E+02
0000320   1.7928E+02 -1.5826E+02 -1.3776E+02
0000321   6.1567E+01  1.7992E+02 -4.0966E+01
0000322   1.8997E+02  1.7458E+02 -1.3354E+02
0000323   2.2432E+02  7.4322E+01  3.0176E+01
0000324   2.5513E+02  2.1847E+01  1.5902E+02
0000325   1.8248E+02  6.8637E+01 -3.0488E+02
0000326   1.3726E+02  4.2030E+02 -4.7142E+01
0000327   2.8202E+02 -1.3514E+02  1.0162E+02
0000328   3.2882E+02 -1.0995E+02  5.2479E+01
0000329   1.3306E+02 -4.8138E+01  3.3230E+01
0000330   1.2152E+02  2.6868E+01 -3.7822E+02
0000331   4.0155E+02 -1.7283E+02  3.8340E+02
0000332   1.8555E+02 -1.5610E+02 -2.9404E+01
0000334   3.0021E+02  1.2557E+02  4.1233E+02
0000336   2.6030E+02  3.7979E+01  3.1962E+02
0000337   7.6307E+01 -1.4108E+02  1.0253E+02
0000338   1.7105E+02  3.6289E+01  1.1404E+02
0000339   2.4162E+02  4.9311E+01  1.7451E+02
0000340   1.2400E+02  2.9303E+02 -1.7222E+02
0000341   4.6318E+02 -2.3675E+02  3.2729E+02
0000342   1.0173E+02 -3.8420E+02 -2.0538E+02
0000343   2.3298E+02 -3.1166E+02  1.5649E+02
0000344   3.0800E+02  2.8489E+01 -2.8778E+02
0000345   5.0283E+02  2.4684E+02  9.4940E+01
0000346   5.4476E+02 -2.7553E+02 -1.2660E+02
0000347   3.7082E+02  5.2908E+02 -2.0682E+02
0000348   1.6281E+02 -1.1912E+02 -1.1484E+01
0000349   1.9946E+02 -3.5368E+01 -6.6884E+00
0000350   2.0964E+02  1.6934E+01  2.0124E+02
0000351   3.6340E+02  4.9069E+01 -1.6318E+02
0000352   4.3673E+02  2.7684E+02  1.5757E+02
0000353   2.7085E+01 -1.6592E+02  5.3461E+01
0000354   1.2308E+02 -3.0739E+00 -3.2864E+02
0000355   4.8198E+02 -1.3454E+02  9.1903E+01
0000356   4.3094E+02 -1.1938E+02  7.8016E+01
0000357   4.0178E+02 -3.5146E+02 -1.1757E+02
0000358   3.0349E+02  1.4161E+02  1.3118E+01
0000359   1.2566E+02 -2.4894E+02 -1.0109E+02
0000360   2.0319E+02  3.9915E+02  2.1776E+02
0000361   3.8198E+02  1.2526E+02  1.3282E+02
0000362   2.6209E+02  8.3836E+01  2.8762E+02
0000363   3.5023E+02  2.1207E+01  7.9522E+01
0000364   5.2599E+02 -2.5433E+01  6.4207E+01
0000365   2.8055E+02  1.4186E+02 -1.0577E+02
0000366   6.7879E+01 -1.1633E+02 -2.0280E+02
0000367   2.9256E+02 -2.9518E+02  8.2991E+01
0000368   2.6818E+02 -1.7083E+02 -4.9921E+01
0000369   1.6718E+02 -1.5917E+02  8.9482E+01
0000370   2.4001E+01  2.9790E+02 -1.6283E+02
0000371   2.4172E+02 -8.4943E+01 -3.2699E+02
0000372   2.2355E+02  1.0742E+02  3.5987E+02
0000373   4.4515E+02  1.3565E+02 -1.2133E+02
0000374   2.3914E+02  4.0977E+02 -2.6587E+00
0000375   1.7908E+02  1.7371E+02 -7.7855E+01
0000376   2.1135E+02 -2.3666E+02  1.9896E+02
0000377   3.4195E+02  2.4535E+01 -3.1629E+02
0000378   3.1953E+02 -7.6280E+01 -6.2460E+01
0000379   3.5514E+02  1.2983E+02 -4.2357E+02
0000380   1.7293E+02  3.6238E+01 -5.0290E+01
0000381   1.0804E+02 -1.6684E+02 -2.6985E+02
0000382   3.7183E+02 -2.0455E+02  8.1913E+01
0000383   2.2575E+02 -1.2930E+02  1.1721E+02
0000384   1.7183E+02 -1.1721E+02  1.3285E+02
0000385   3.3198E+02  2.1471E+02  3.0884E+01
0000386   3.1570E+02  2.5195E+02 -1.0186E+01
0000387   1.6589E+02 -7.1350E+01 -2.6034E+02
0000388   6.1537E+02  7.1688E+01  3.7615E+02
0000389   2.9135E+02  1.6400E+02  4.5338E+01
0000390   4.1217E+02 -2.0828E+02 -1.7443E+01
0000391   3.7422E+02  1.2314E+02  3.0645E+02
0000392   1.2609E+02 -1.5677E+02  2.4020E+02
0000393   2.2177E+02 -1.4536E+01 -1.8900E+02
0000394   1.7765E+02 -2.1227E+02 -1.5115E+02
0000395   4.3925E+02 -7.9598E+01  1.5938E+02
0000396   2.9961E+02 -4.6924E+01  2.0680E+02
0000397   2.5505E+02 -8.6564E+01 -2.6305E+02
0000398   3.4115E+02  2.3046E+02  2.9179E+01
0000399   2.4586E+02  1.1743E+02  4.5975E+00
0000400   1.3312E+02  4.7434E+01 -6.1382E+01
0000401   1.9205E+02 -1.3939E+02  1.6221E+02
0000402   3.0092E+02  9.1209E+01 -4.6065E+01
0000403   6.5867E+01  6.5533E+01  2.2910E+02
0000404   3.9238E+02  4.1704E+01  1.4523E+02
0000405   2.1996E+02  1.8146E+02  1.2181E+02
0000406   3.4914E+02 -9.4106E+01  1.7143E+02
0000407   2.1004E+02  1.2718E+02 -1.9179E+02
0000408   2.8522E+02  2.6095E+02  4.1140E+01
0000409   3.1249E+02 -1.7693E+02 -1.5014E+02
0000410   4.1796E+02 -1.9953E+02 -1.7707E+02
0000411   2.3861E+02 -1.3909E+02  6.0349E+01
0000412   4.8236E+02  3.1528E+02 -1.2960E+02
0000413   3.3116E+02  2.4087E+01  1.2195E+02
0000414   3.1829E+02  1.3512E+01  1.1265E+02
0000415   2.9796E+02 -3.1403E+02  3.4716E+02
0000416   3.0682E+02  3.3232E+01 -1.0749E+02
0000417   2.9664E+02  2.1964E+02  1.2366E+02
0000418   3.2460E+02  1.0286E+02  7.2855E+01
0000420   4.7950E+02  1.9834E+02 -2.1571E+02
0000421   6.6538E+02  1.2603E+02 -6.2223E+01
0000423   2.2225E+02  1.8566E+01  1.1651E+01
0000424   7.4537E+01  2.9555E+02  1.4934E+02
0000425   4.1789E+02 -2.4237E+02  5.6600E+01
0000426   4.2419E+02  1.8502E+02  2.9405E+02
0000427   1.7356E+02  2.2982E+02 -2.9601E+02
0000428   1.2768E+00  4.1320E+02  3.4945E+02
0000429   1.8246E+02 -5.4746E+00 -5.0350E+01
0000430   3.9715E+02  1.1501E+02 -2.2167E+02
0000431   2.4715E+02 -4.4038E+01 -1.0279E+02
0000432   2.9655E+02 -1.4982E+02  2.5404E+02
0000433   3.1639E+02 -4.5582E+01  9.8975E+01
0000434   5.3321E+02  1.0033E+02  3.1688E+02
0000435   4.9336E+02 -1.5637E+02  8.1054E+01
0000436   2.6167E+02 -1.0957E+02  1.0124E+01
0000437   1.8757E+02 -1.1404E+01  3.2245E+02
0000438   4.8860E+02  6.3650E+01  2.7030E+01
0000439   2.2897E+02  2.6038E+02 -3.1493E+02
0000440   2.6393E+02 -6.6272E+01  2.5154E+02
0000441   4.6268E+02 -9.8303E+01  2.5444E+00
0000442   9.3887E+01  6.6852E+01  6.8522E+01
0000443   4.1392E+02 -1.4554E+02  1.3537E+02
0000444   5.4964E+02  1.0754E+02 -6.6775E+01
0000445   1.8189E+02  9.5736E+01  3.6298E+02
0000447   1.2846E+02 -2.0340E+02  2.9877E+02
0000448   3.3395E+02 -4.4119E+01  1.4803E+01
0000449   2.0600E+02 -3.8844E+02  1.5368E+01
0000450   3.6968E+01 -1.1346E+02 -1.9908E+01
0000451   2.9011E+02 -5.6420E+01  9.4208E+01
0000452   2.8187E+02  1.5328E+02  2.5391E+01
0000453   1.4825E+02  1.4329E+02  6.5525E+01
0000454   3.0398E+02  5.3377E+01 -2.4762E+02
0000455   4.6389E+02  1.1435E+01 -1.1420E+02
0000457   2.1599E+02 -1.8842E+02  2.5755E+02
0000458   7.1627E+01  2.6498E+02  2.7602E+01
0000459   3.5283E+02 -8.2027E+01  1.0010E+01
0000460   2.7794E+02  6.8435E+01  3.2048E+01
0000461   3.9127E+02  2.8553E+02 -2.7410E+02
0000462   2.2466E+02 -3.0079E+02 -6.1891E+00
0000463   5.3078E+02  1.5981E+01  9.9651E+01
0000464   6.1685E+02  1.3599E+02  6.4479E+01
0000465   5.8415E+02  9.1284E+01 -1.7480E+02
0000466   6.5701E+01  1.1363E+02 -6.7956E+01
0000467   2.6873E+01 -6.5525E+01 -8.8963E+01
0000468   2.6654E+02  1.7091E+02 -1.1185E+02
0000469   9.8868E+01  1.3651E+02  6.9612E+01
0000470   1.9120E+02 -1.5190E+01  2.5948E+01
0000471   1.7885E+02 -1.5574E+02 -6.1550E+01
0000472   3.8600E+02  3.3831E+01 -7.7161E+01
0000475   5.4916E+02  4.4354E+01  3.0661E+01
0000476   4.1368E+02  7.3025E+01 -1.6072E+02
0000477   4.7244E+02 -3.7528E+02  6.8653E+00
0000478   1.8902E+02  4.1227E+02  3.4683E+02
0000479   3.6147E+02 -1.6518E+02 -2.0636E+02
0000480   1.9848E+02  1.0911E+02 -2.3010E+02
0000481   1.4686E+02 -2.4405E+02 -1.7591E+01
0000483   6.9880E+01  7.5690E+01 -1.3308E+02
0000484   2.9556E+02  7.5123E+01 -8.4434E+01
0000485   1.4103E+02  1.0646E+02  3.5459E+02
0000487   4.0756E+02  1.4426E+00  4.2745E+02
0000488   2.8689E+02 -3.2804E+02  3.8529E+01
0000489   2.0458E+02 -3.6032E+02 -4.4878E+02
0000490   3.0819E+02  1.1933E+02 -1.2880E+02
0000491   4.1511E+01  1.7276E+02 -5.5811E+01
0000492   3.0035E+01  8.3205E+01  7.2538E+01
0000493   2.8769E+02 -1.9927E+02  1.6513E+02
0000494   2.0059E+02  7.8745E+01  1.2237E+02
0000495   1.7257E+02  6.3289E+01  1.4696E+02
0000496   3.1901E+02  1.5565E+02 -2.8762E+02
0000497   2.0987E+02  6.6853E+01 -2.5966E+00
0000498   2.8298E+02  1.9930E+02  1.1779E+02
0000499   4.1736E+02 -4.1617E+01 -1.0753E+02
0000500   4.2941E+02  1.0781E+02  1.5262E+02
0000501   3.8991E+02 -5.9860E+01 -1.2231E+01
0000502   2.5876E+02  1.3788E+02 -4.9724E+01
0000504   2.5809E+02 -4.2529E+01  1.0070E+00
0000505   1.4592E+02 -3.4194E+01  3.1574E+02
0000506   4.0053E+02 -4.4051E+01  2.4136E+02
0000507   4.0990E+02  6.8758E+01 -1.9445E+01
0000508   4.5725E+02  3.0310E+02 -4.0988E+01
0000509   5.8029E+02 -2.0833E+01  2.0823E+01
0000510   2.1882E+02 -4.7811E+01 -1.3765E+02
0000511   3.1989E+02  7.2533E+01  1.6670E+02
0000512   5.0554E+02  1.2865E+00 -1.8732E+02
0000513   5.2885E+02  1.9777E+02  2.8319E+02
0000514   4.4830E+02  1.0968E+02  1.4914E+02
0000515   4.4458E+02  2.4031E+02  1.2614E+02
0000516   3.7223E+02  2.9294E+01  1.6364E+02
0000517   3.7398E+02 -3.8247E+01 -9.2242E+01
0000518   5.4242E+01 -1.1839E+02 -4.1414E+00
0000519   9.0387E+01 -9.8411E+01 -1.0835E+02
0000520   5.3369E+02 -1.0008E+02  2.7660E+02
0000521   1.8971E+02  1.2391E+02 -6.0843E+01
0000522   3.8401E+02  1.4212E+02 -2.0656E+02
0000523   4.1110E+02  2.7440E+02  1.4310E+02
0000524   1.7464E+02  8.5587E+01 -5.0521E+01
0000525   2.3957E+02  1.1964E+02 -9.6284E+01
0000527   9.3998E+01 -2.0304E+02  7.0691E+01
0000528   2.8430E+02  2.3511E+02 -2.8810E+02
0000529   1.4094E+02 -5.8316E+01  2.6896E+02
0000530   3.8036E+02 -1.7794E+01  1.4544E+02
0000531   3.6047E+02 -1.5202E+01 -1.8322E+01
0000532   3.6770E+02 -2.2250E+02 -2.6181E+02
0000533   3.9427E+02 -3.4056E+02 -1.5853E+02
0000534   2.9344E+02 -1.1513E+02 -2.6040E+02
0000535   2.7751E+02  7.8974E+01 -6.3212E+01
0000536   2.1337E+02  6.7355E+01  1.3554E+02
0000537   2.2957E+02  3.1641E+02  5.7736E+02
0000538   5.7420E+02  7.7558E+01 -1.3431E+02
0000540   3.5540E+02 -4.2018E+01 -1.5008E+02
0000541   4.6100E+02  1.3444E+02 -1.5155E+02
0000542   1.9836E+02  1.2376E+02 -6.8801E+01
0000543   2.8068E+02  3.0491E+02  3.7248E+01
0000544   6.6387E+02  1.5752E+02 -1.9026E+02
0000545   5.8574E+02  2.0670E+02  1.2755E+02
0000546   3.0484E+02  1.7016E+02 -3.5639E+02
0000547   2.6723E+02  1.2295E+02 -4.5530E+01
0000548   3.7033E+02  3.4131E+01  1.0404E+02
0000549   1.8383E+02 -1.1834E+02 -1.6555E+02
0000550   2.5138E+02 -2.3291E+01  6.7836E+01
0000551   5.1478E+02  3.0965E+02 -2.1155E+02
0000552   1.5415E+02 -2.3729E+02  2.0801E+02
0000553   2.9424E+02 -2.4559E+02 -5.5886E+01
0000554   1.9510E+02  9.3420E+01  1.3859E+02
0000555   3.5423E+02 -6.4643E+01  1.0313E+02
0000556   4.3924E+01 -8.9347E+00 -2.3729E+02
0000557   5.9945E+01  1.1949E+01 -3.4271E+01
0000558   4.0693E+02  1.3228E+02 -6.1305E+01
0000559   5.0900E+01  1.5396E+02 -2.8048E+01
0000560   2.4187E+02 -6.3021E+01 -1.9400E+02
0000561   2.1198E+02 -7.7578E+01  2.8663E+02
0000562   3.1855E+02 -2.2395E+02 -8.6414E+01
0000563   3.7183E+02  8.1608E+01  2.4461E+02
0000564   5.5691E+02  1.2198E+02  5.2014E+01
0000565   7.3584E+01 -1.4775E+02 -1.0491E+02
0000566   5.2460E+02 -2.7320E+02  1.9556E+02
0000567   4.1854E+02  4.4156E+02  3.0112E+01
0000568   1.9327E+02 -1.9489E+02 -2.6368E+01
0000569   3.7535E+02  2.1082E+02  1.0287E+02
0000570   4.6125E+02 -1.5559E+02 -2.3462E+02
0000571   4.0885E+02 -4.4320E+01 -1.4863E+02
0000572   3.8606E+01 -3.4222E+01  1.7976E+02
0000573   5.2055E+02  1.2979E+02 -1.7498E+02
0000574   4.2725E+02 -1.4100E+02  1.1100E+02
0000575   8.9972E+01  3.6022E+02  2.0472E+02
0000576   3.1020E+02  1.7862E+02  1.1291E+02
0000578   3.0885E+02 -1.3537E+01  5.7810E+01
0000579   4.0532E+01  2.9462E+01 -1.5506E+02
0000580   4.1623E+02  4.5664E+01 -1.5580E+02
0000581   3.4975E+01  1.7783E+02 -5.1919E+01
0000582   2.9613E+02 -2.5125E+02  8.9360E+01
0000583   3.8792E+02 -5.5590E+01  1.2901E+02
0000584   2.5272E+02 -3.1535E+02 -2.5669E+02
0000585   6.6608E+02  2.2488E+00  4.3731E+01
0000586   2.5208E+02  1.5931E+02 -9.7680E+01
0000587   7.3309E+02 -1.3594E+02  1.3927E+02
0000588   4.1507E+02  1.2396E+02  2.7322E+02
0000589   1.3253E+02 -6.3262E+00  1.4633E+01
0000590   2.1042E+02  3.2310E+00 -5.2744E+01
0000592   8.0254E+02  1.7096E+02  2.0935E+02
0000593   1.8340E+02  1.2654E+02  4.6583E+02
0000594   2.4181E+02 -1.4502E+01 -2.4958E+02
0000595   2.9112E+02 -1.0401E+02  1.1813E+02
0000596   5.0116E+02 -2.4084E+02  1.9161E+02
0000597   1.3333E+02 -1.0416E+02  2.8325E+02
0000598   1.3434E+02  8.7978E+01  9.3313E+01
0000600   2.6615E+02 -2.4253E+02 -2.8859E+02
0000601   3.9577E+02  1.3727E+02 -1.3961E+02
0000602   1.4440E+02 -5.7485E+01  9.9531E+01
0000604   3.7930E+02  1.3126E+02 -1.6080E+01
0000605   5.3073E+02  1.4847E+02 -5.8567E+01
0000606   4.1624E+02  1.3494E+02  1.1772E+02
0000607   3.5423E+02  2.0224E+02  3.7114E+02
0000608   2.3388E+02 -1.2085E+02 -1.2197E+02
0000609   4.3581E+01  8.8460E+01  3.8884E+00
0000610   2.8947E+01 -3.2076E+02  2.3919E+02
0000611   1.5233E+02  2.6627E+01  1.6020E+00
0000612   9.6544E+00 -5.7485E+01 -8.2199E+01
0000613   5.0224E+02 -2.5637E+02  3.7870E+00
0000614   2.0553E+02 -4.1762E+01  9.8464E+01
0000615   2.7157E+02  2.1305E+02 -2.2305E+02
0000616   1.6389E+02  2.1893E+02  1.9191E+02
0000617   4.5294E+02  5.1801E+01 -1.3821E+02
0000618   1.3735E+02  3.5207E+01 -4.1338E+02
0000619   4.3115E+02  7.7501E+01 -2.8679E+02
0000620   3.7557E+02 -7.2735E+01 -2.0985E-01
0000621   1.3930E+02 -7.4506E+01  2.2751E+02
0000622   4.8524E+02 -3.9934E+01 -1.1742E+02
0000623   2.6877E+02 -5.2648E+00  3.4113E+01
0000624   3.0156E+02 -1.4996E+02 -4.4393E+01
0000625   3.8893E+02  2.6404E+02 -4.6093E+02
0000626   2.1632E+02 -9.0621E+01 -2.3642E+02
0000627   1.9305E+02 -2.5572E+01 -3.4991E+02
0000628   3.7899E+02  1.8631E+02 -5.2434E+01
0000629   2.0779E+02  3.5430E+02 -6.6186E+00
0000630   1.4472E+02 -1.1567E+02  3.0031E+02
0000631   3.0037E+02  3.6793E+02 -1.7483E+02
0000632   8.4552E+01 -6.6554E+01 -4.8933E+01
0000633   3.7386E+02 -9.1873E+01  3.7217E+01
0000634   3.0736E+02  2.9091E+01  2.4322E+01
0000635   1.0365E+02  2.1199E+02 -1.0237E+02
0000636   8.4642E+01  4.2854E+01  8.6828E+01
0000637   2.9881E+02 -1.1326E+02 -1.5145E+02
0000638   5.3870E+01 -3.9679E+01 -1.1791E+02
0000639   5.1826E+02 -2.5335E+02  2.6514E+02
0000640   4.3873E+02 -1.7618E+02  2.5426E+02
0000641   2.8274E+02  1.0062E+02 -2.0059E+02
0000643   9.3754E+01  9.4561E+01 -1.4981E+02
0000644   3.5850E+02 -9.0180E+01  2.6968E+02
0000645   1.3309E+02 -3.3195E+01  1.6522E+02
0000646   1.0143E+02 -2.9383E+02 -1.9154E+02
0000647   1.1933E+02 -4.7774E+00  1.8789E+01
0000648   5.1320E+01 -4.4889E+01  4.6682E+01
0000650   3.9358E+02  8.0543E+00  1.7190E+02
0000651   5.5674E+02 -1.0308E+02  5.0887E+01
0000652   9.5427E+01 -1.7626E+02  1.3930E+02
0000653   3.7592E+01  6.9002E+01  7.4030E+01
0000654   4.2580E+02 -1.2981E+02 -3.2259E+02
0000656   5.5779E+02  2.0780E+01 -5.3657E+00
0000657   3.0776E+02  5.9251E+00  5.1922E+01
0000658   4.2037E+02 -1.4203E+01  2.8052E+01
0000659   3.5603E+02 -2.5647E+02 -1.9388E+02
0000660   1.6505E+02 -2.1985E+02 -2.3948E+02
0000661   1.9865E+02  1.0786E+02  6.9155E+00
0000662   1.5062E+02  1.4270E+01 -3.6396E+01
0000663   2.6302E+02 -1.5388E+02 -1.1181E+02
0000664   3.2220E+02  1.3434E+01 -6.6193E+01
0000665   1.3081E+02 -1.6797E+02 -1.8111E+02
0000666   1.8320E+02  3.9607E+01 -4.0779E+01
0000667   3.0903E+02  1.7673E+02 -7.6182E+00
0000668   4.9153E+02 -1.5749E+02  2.1210E+02
0000669   4.4766E+02  7.6598E+01  1.6585E+02
0000670   2.9949E+02 -2.4593E+02 -1.3995E+00
0000671   2.1292E+02 -5.9351E+01 -1.2384E+02
0000672   1.3046E+02 -1.5880E+02  3.0526E+02
0000673   2.4498E+02  2.2521E+02  1.2768E+02
0000674   3.9196E+02  7.7871E+01  4.1966E+01
0000675   3.5500E+02  2.0752E+02 -2.5362E+02
0000676   2.9081E+02  2.3042E+01  1.8642E+02
0000677   1.1107E+02 -1.4664E+02  4.7950E+01
0000679   4.8728E+02 -4.4824E+01  9.4833E+01
0000680   5.1272E+02  1.5097E+01 -7.8605E+00
0000681   4.7000E+02 -1.5773E+02 -5.3556E+01
0000682   1.6047E+02 -1.1483E+02 -2.7341E+02
0000683   5.0061E+02  1.8307E+02  6.0145E+01
0000684   2.5307E+02 -5.6680E+01 -7.9482E+01
0000685   2.0729E+02  2.7265E+02 -5.0341E+01
0000686   5.0393E+02 -2.1884E+02 -1.5339E+02
0000687   1.0458E+02  2.4330E+01  2.1632E+02
0000688   2.6889E+02 -1.6947E+02 -3.4653E+01
0000689   1.5204E+02  3.3472E+01 -3.5885E+02
0000690   2.0627E+02  2.4702E+00  1.4487E+01
0000691   5.0732E+02 -2.1401E+02 -1.2805E+02
0000692   5.2943E+02 -6.8476E+01 -8.9053E+01
0000693   3.5913E+01 -8.2689E+01  1.0156E+02
0000694   2.5121E+02 -1.1266E+01  2.1575E+02
0000695   1.6886E+02  2.1174E+01  1.5727E+02
0000696   8.5713E+00  1.2769E+02 -4.0595E+01
0000697   2.7736E+02 -4.3568E+01  3.3878E+02
0000698   2.7148E+02  1.6020E+02 -9.5736E+01
0000699   4.2228E+02  2.4203E+01 -4.5723E+01
0000700   2.5813E+02 -1.5581E+02  8.8375E+01
0000701   4.7112E+01  3.4498E+02 -2.4191E+02
0000702   5.7233E+02 -4.5635E+01 -1.2013E+02
0000703   2.4592E+02 -2.7697E+01  2.0929E+02
0000704   4.1881E+02  1.3026E+02  4.9563E+01
0000705   3.8757E+02  4.4867E+01 -1.9832E+02
0000707   5.4448E+02 -1.9660E+02  1.9342E+02
0000708   3.3982E+02 -1.7442E+02  3.3741E+01
0000709   5.8686E+02  1.1742E+02  1.6684E+02
0000710   5.9405E+02 -2.8183E+02 -1.1205E+02
0000711   4.2842E+02  5.5429E+01 -3.6891E+01
0000712   1.6462E+02 -1.0412E+00  2.0726E+01
0000713   2.9691E+02  1.1164E+02 -2.9727E+02
0000714   5.2137E+02 -2.8650E+02  4.5918E+02
0000715   5.5129E+02  1.6320E+02  6.0097E+01
0000716   3.6416E+02  1.1204E+02  1.2043E+02
0000717   3.3262E+02  6.1093E+01 -3.7163E+01
0000718   1.5342E+01 -6.5007E+01  9.4338E+01
0000719   2.4535E+02  1.9687E+02 -8.7787E+00
0000720   6.7138E+01 -9.5457E+01  3.2164E+01
0000721   4.8845E+02  3.3754E+00 -1.6394E+02
0000722   4.7581E+02 -1.6338E+02  5.2069E+01
0000723   6.6211E+02  6.3347E+01 -2.1454E+02
0000724   1.7915E+02 -3.1811E+01  5.9648E+01
0000725   3.6898E+02  1.6602E+02  1.7327E+02
0000726   1.6411E+02  1.8665E+02 -1.4575E+02
0000727   6.0259E+01 -1.0771E+02 -5.7668E+01
0000729   3.9167E+02  2.3158E+02  1.7422E+02
0000730   2.8519E+02  8.1696E+01  1.5441E+01
0000731   1.4167E+02  2.0588E+02 -6.8131E+01
0000732   3.9501E+01  1.2181E+02 -9.3618E+01
0000733   5.9584E+02  1.4299E+02 -1.5042E+02
0000734   1.6760E+02 -1.6745E+02 -6.3828E+01
0000735   4.9356E+02  1.3685E+02 -3.2621E+01
0000736   1.8842E+02  2.5319E+02 -1.3141E+02
0000737   2.7737E+02 -6.8837E+01  1.7560E+01
0000738   1.9823E+02  5.7975E+01  1.6291E+02
0000739   3.2500E+02  1.9073E+02 -8.3628E+01
0000740   2.1008E+02 -1.3080E+02  2.5419E+01
0000741   6.2768E+02  1.7658E+01 -1.8131E+02
0000742   2.9419E+02  2.5260E+01 -2.2177E+02
0000743   1.6163E+02 -1.7306E+02 -1.0206E+02
0000744   2.4858E+02  1.0550E+02  3.4331E+00
0000745   5.3819E+02 -1.7222E+01  1.3541E+02
0000747   2.2372E+02  1.6217E+02 -2.4340E+02
0000748   4.7629E+02 -2.3435E+02  2.1111E+02
0000749   3.4613E+02  5.2803E+01  8.0929E+01
0000750   4.0375E+02 -3.5533E+02 -1.5751E+02
0000751   3.3428E+02  2.8296E+01  4.0746E+01
0000752   1.0114E+02 -1.3404E+02 -1.7003E+02
0000753   2.3100E+02  3.2007E+02  1.9690E+02
0000755   5.1089E+02  5.0926E+00  3.6455E+02
0000756   4.9489E+02 -7.1829E+01 -9.7235E+01
0000757   2.0210E+02  3.2746E+02  1.2260E+02
0000758   3.8505E+02 -8.7563E+00  2.0153E+02
0000759   2.2155E+02 -2.4390E+02  4.1457E+02
0000760   7.6147E+01  8.7277E+01 -1.1956E+02
0000761   2.8309E+02 -9.4659E+00  1.9172E+02
0000763   1.6552E+02 -3.5617E+01  6.0292E+01
0000764   4.7892E+01  3.2209E+01  1.6555E+01
0000765   3.9277E+02 -3.4149E+02 -3.3891E+01
0000766   4.1548E+02  5.7237E+00  2.8075E+02
0000768   2.4867E+02  1.1197E+02 -2.6068E+01
0000769   4.6530E+01 -1.6034E+01  7.6768E+01
0000770   6.9479E+02 -1.6786E+02  2.6029E+02
0000771   4.0564E+02  1.5687E+01  1.7652E+01
0000772   4.2058E+02  1.1461E+02  1.5212E+02
0000773   1.5834E+02 -3.5710E+02  1.2571E+01
0000774   3.8171E+02  5.3684E+01  1.6644E+02
0000775   2.4211E+02  4.5679E+01 -1.3436E+02
0000776   1.2586E+02  6.0068E+01 -6.9364E+01
0000777   2.2772E+02 -4.0258E+01  2.0576E+02
0000778   1.8586E+01 -1.9199E+02 -3.1480E+01
0000779   1.1849E+02 -2.4559E+01 -7.2108E+01
0000780   5.2115E+01 -1.6160E+02 -4.0697E+02
0000781   2.7815E+02  2.7564E+00 -9.7106E+01
0000782   3.3384E+02  6.8314E+01  1.0981E+02
0000783   1.9312E+02 -1.0046E+02  4.2848E+01
0000784   3.6861E+02  5.3931E+01  1.6653E+02
0000785   5.1776E+02  3.9227E+02  2.8935E+02
0000786   3.1969E+02 -1.2964E+02  1.0940E+02
0000787   3.9679E+02  3.4332E+02  4.4637E+01
0000788   2.1871E+02  2.4671E+02 -1.5086E+02
0000789   3.3434E+02  6.6648E+01 -1.8130E+02
0000790   2.7612E+02 -9.9468E+00  1.5153E+02
0000791   1.2800E+02  2.5574E+02  1.2625E+02
0000792   1.1523E+02 -7.8129E+01 -1.9861E+01
0000793   3.1509E+02 -2.7091E+01 -1.7374E+02
0000794   4.4492E+02  1.2952E+02  2.5104E+02
0000795   2.8440E+02  1.0985E+02  1.9373E+01
0000796   6.9658E+01  1.4726E+02  1.3452E+02
0000797   2.8569E+02 -1.1880E+02  1.2352E+02
0000798   4.5208E+02 -9.5201E+01 -1.0179E+02
0000799   3.8352E+02 -1.1178E+02 -4.5622E+01
0000800   4.9650E+02 -8.5618E+01 -8.3936E+01
0000801   2.4999E+02 -1.0197E+02  1.6166E+02
0000802   3.2815E+02  7.2842E+01 -2.1178E+02
0000803   6.0583E+01  1.9380E+01 -4.2567E+01
0000804   4.4793E+02  1.5852E+01 -6.9046E+01
0000805   5.4335E+02  1.4850E+02 -3.2177E+02
0000806   2.3910E+02  1.8413E+02  1.2355E+02
0000807   5.4624E+02  7.4073E+01 -6.4779E+01
0000808   3.1852E+02  1.0578E+02 -4.5017E+01
0000809   2.5130E+02  1.1069E+02 -4.1931E+01
0000810   3.8656E+02  2.1202E+02  6.0552E+01
0000811   9.3107E+01  1.0295E+02 -3.8137E+02
0000812   2.7726E+02  1.1043E+02 -4.7902E+01
0000813   1.1156E+02  8.2309E+01  1.8969E+02
0000814   1.5502E+02  9.8542E+01  3.1503E+02
0000815   1.5875E+02  1.7117E+02 -3.4493E+02
0000817   3.1248E+02 -4.9484E+01 -1.4043E+02
0000819   4.2913E+02  5.0239E+01 -2.2784E+01
0000820   1.2918E+02  1.9307E+02 -1.1204E+02
0000821   2.3211E+02 -2.7338E+02  1.9408E+02
0000822   2.4110E+02  1.2444E+02 -2.0265E+02
0000823   3.9718E+02  3.2399E+02  3.2914E+02
0000824   3.7058E+02 -7.9439E+01 -6.7686E+01
0000825   2.9140E+02 -7.3667E+01 -1.2094E+02
0000826   2.9546E+02  1.1412E+02 -2.1854E+02
0000827   1.5477E+02 -6.8461E+01 -4.0482E+02
0000828   1.5391E+02  1.1075E+02 -5.6303E-01
0000829   2.0746E+02  5.0595E+01 -8.8316E+01
0000830   4.3936E+00  2.4198E+02 -2.0390E+02
0000831   2.7715E+02  3.4476E+02 -4.8235E+01
0000832   3.8593E+02 -4.8336E+01  7.0860E+01
0000833   2.0169E+02 -5.5273E+01  1.4711E+02
0000834   6.9095E+01  1.0132E+02 -2.5018E+01
0000835   1.4350E+02  1.1653E+02  3.5766E+01
0000836   5.1624E+02  5.7053E+01 -3.4472E+02
0000838   2.1947E+02 -1.3688E+02  2.6658E+02
0000839   3.3051E+02  8.6181E+01  5.5796E+00
0000840   3.0006E+02  2.2756E+01 -2.6273E+02
0000841   4.8653E+02 -1.6218E+02 -1.3711E+02
0000842   4.4121E+02 -1.8139E+02 -3.2001E+02
0000843   1.8081E+02 -1.1910E+02 -4.2782E+01
0000844   3.6143E+02  2.6665E+02 -1.9264E+01
0000846   8.3679E+01 -1.9501E+02  3.8793E+02
0000847   2.5438E+02  4.7457E+01  3.8552E+01
0000848   1.3534E+02  8.8162E+00 -2.1826E+02
0000849   2.0828E+02 -2.0083E+02 -6.2080E+01
0000851   2.9841E+02 -2.8104E+02  1.5081E+02
0000852   2.4339E+02  4.0815E+01 -2.6847E+02
0000853   1.5411E+02 -3.1837E+02 -8.9597E+01
0000854   2.4070E+02  3.2809E+00  1.0214E+02
0000855   2.6749E+02 -5.2778E+02 -1.6470E+01
0000856   2.5577E+02 -1.1728E+02 -3.0305E+02
0000857   3.8412E+02 -5.1954E+01  9.2452E+01
0000858   4.7546E+01 -7.0706E+01 -1.7065E+01
0000859   8.0445E+02 -1.0708E+02 -1.2059E+01
0000860   9.1213E+01 -4.6511E+01 -4.2757E+01
0000861   3.4404E+02  2.7696E+02 -2.5683E+02
0000862   4.2445E+02 -1.0938E+02  7.3091E+01
0000863   3.1164E+02 -1.0433E+02 -2.9613E+00
0000864   3.7907E+02  9.4675E+01 -1.1735E+02
0000865   1.7725E+02  1.2137E+02 -2.0303E+02
0000866   3.4955E+02 -2.0944E+02 -1.8681E+02
0000867   5.7231E+02  3.2098E+02  2.3297E+02
0000868   3.7040E+02  1.1543E+02  2.8602E+01
0000869   4.1506E+02 -1.8410E+02  8.0471E+01
0000870   6.6766E+01  2.9003E+01  1.4019E+01
0000871   4.2468E+02  1.2186E+02  9.8146E+01
0000872   2.7853E+02 -1.0312E+02 -4.5891E+01
0000873   2.2948E+02  9.0457E+01 -7.1311E+01
0000874   3.3850E+02  1.4142E+01  1.5861E+02
0000875   4.6142E+02  2.1587E+02 -6.1760E+01
0000876   5.5253E+02  1.4685E+02  1.9525E+02
0000877   3.4387E+02 -7.1540E+01  4.4637E+01
0000878   4.7665E+02 -5.8432E+01  1.5641E+02
0000880   3.0031E+02  1.2763E+01  5.4666E+01
0000881   1.1434E+02  3.7000E+02 -1.9829E+02
0000882   3.1853E+02  1.0612E+02  1.7880E+02
0000883   1.1355E+02 -1.6365E+02 -2.9955E+02
0000884   3.6376E+02 -7.3488E+01 -2.2336E+02
0000885   2.4829E+02  8.2329E+01 -1.2554E+02
0000886   3.0964E+02 -3.6499E+02  1.3578E+02
0000887   3.8235E+02 -2.0457E+01  2.1615E+02
0000888   1.4514E+02  6.4320E+01 -1.3508E+01
0000889   5.6745E+01  1.1522E+00 -2.8533E+02
0000890   1.7801E+02  4.0014E+01  1.9246E+01
0000891   2.6834E+02 -3.0005E+02  1.3787E+02
0000892   1.7244E+02  1.0582E+01  4.0042E+01
0000893   3.6288E+02  3.2574E+02  2.0453E+02
0000894   3.9604E+02 -1.0864E+02 -1.1200E+02
0000895   6.6734E+01  4.8733E+01  2.3459E+02
0000896   3.4399E+02  4.0414E+01  1.2695E+02
0000897   2.7203E+02 -2.3879E+02 -1.9254E+02
0000898   3.4265E+02 -2.4938E+02  6.5481E+01
0000899   7.5768E+02 -1.3777E+01  1.6304E+02
0000900   2.6792E+02  1.8591E+01  8.6352E+01
0000901   4.3165E+02  1.6257E+02 -3.0715E+02
0000902   4.4294E+02 -9.5940E+01 -4.4464E+01
0000903   3.4415E+02 -4.0786E+01  2.2600E+02
0000904   1.9639E+02  2.6130E+02 -1.2404E+02
0000905   3.0900E+02  2.1674E+02 -1.5105E+02
0000906   2.2280E+02  1.2600E+02 -1.3860E+02
0000907   3.8804E+02  1.5341E+02  1.1103E+02
0000909   9.7102E+01  1.7348E+02 -1.2975E+02
0000910   6.6853E+02 -1.9244E+02  9.9216E+01
0000911   2.1235E+02  1.5273E+02  3.7655E+02
0000912   4.3989E+02  1.0450E+02  3.1664E+01
0000913   4.8334E+02 -1.8401E+02  4.3799E+02
0000914   2.2365E+02 -2.0753E+02 -1.8735E+02
0000915   2.9385E+02 -2.1427E+02 -5.2103E+01
0000916   5.8287E+02  2.1418E+01 -1.4939E+02
0000917   2.8646E+01  2.6805E+02  2.2091E+02
0000918   2.3223E+02  1.3061E+01  5.4241E+01
0000919   1.7651E+02  2.4439E+01 -1.2585E+02
0000920   3.5648E+02 -1.8208E+02 -9.4425E+01
0000921   1.9615E+02  2.2201E+01  2.1628E+02
0000922   5.4974E+02 -2.0100E+02  2.3568E+01
0000923   2.7055E+02  3.1468E+02  6.4628E+01
0000924   2.2649E+02 -1.4188E+02 -5.0325E+01
0000925   1.4440E+02 -5.3872E+00 -5.7767E+01
0000926   1.5033E+02  1.0242E+02  2.2446E+02
0000927   3.9452E+02 -1.8865E+01 -2.3480E+02
0000928   7.3026E+01  9.3563E+01 -6.4197E+01
0000930   4.3916E+02 -1.2346E+02 -5.2660E+02
0000931   7.3408E+01  8.6014E+01  1.9692E+02
0000932   1.5474E+02  8.2271E+01  9.9705E+01
0000933   2.5298E+02  1.1554E+02 -5.2447E+01
0000934   6.0938E+02 -3.6768E+01 -4.0318E+01
0000935   2.5621E+02 -1.3359E+02 -1.6012E+02
0000936   3.2666E+02  1.3108E+02 -8.2813E+01
0000938   4.6152E+02  3.7750E+01 -2.3755E+01
0000939   3.0198E+02 -6.0450E+01 -1.5844E+02
0000940   7.9003E+01 -1.4595E+02  3.8064E+01
0000941   6.4882E+02 -1.4395E+01  1.8462E+01
0000942   4.1291E+02 -2.7329E+01 -2.2907E+02
0000943   6.9268E+02 -1.2273E+02 -1.2474E+02
0000944   1.8385E+02  2.9886E+02 -1.4609E+01
0000945   3.0088E+01 -7.2281E+01  1.5968E+02
0000946   4.4254E+02 -1.9316E+02  1.4625E+00
0000948   3.1464E+02 -9.8883E+01  9.4784E+01
0000949   4.5091E+02 -6.3540E+01  1.7747E+02
0000950   4.4027E+02 -1.3721E+02  1.0455E+02
0000951   3.4311E+02 -3.6591E-01 -7.1513E+01
0000952   3.7994E+02 -4.3151E+01  3.1810E+02
0000953   4.3194E+02  1.2323E+01 -3.0233E+01
0000954   6.6018E+01 -2.2502E+01  4.1840E+02
0000955   5.0805E+02 -1.0253E+02  2.2195E+01
0000956   4.6380E+02  1.5438E+02 -2.9132E+02
0000957   3.0078E+02 -2.6582E+01 -9.9397E+00
0000958   2.4576E+02  3.3221E+02 -8.3003E+01
0000959   3.4075E+02  8.6079E+01 -2.8946E+01
0000960   3.4740E+02 -2.2944E+01  3.4633E-01
0000961   4.7953E+02  3.4252E+02  1.7948E+01
0000962   1.5172E+02  1.4071E+02 -9.8464E+01
0000963   2.8376E+02 -1.6367E+02 -2.7810E+02
0000964   1.9758E+02  2.0349E+01 -8.2770E+01
0000965   5.3403E+02 -2.0915E+02  2.2482E+02
0000966   2.2602E+02  6.5578E+01 -2.2783E+02
0000967   2.8970E+02 -3.0050E+02 -5.0714E+01
0000968   1.9497E+02 -1.5661E+02  1.3055E+02
0000969   1.1693E+02 -2.5095E+01  1.1864E+02
0000971   1.9400E+02  1.6199E+02  9.1063E+01
0000972   3.2878E+02  4.9800E+01 -7.4382E+01
0000973   3.5904E+02  1.3616E+01 -4.7072E+01
0000974   1.9686E+02  1.7682E+02  5.5976E+01
0000975   2.9251E+02  1.1942E+02  7.1802E+01
0000976   2.2699E+02  1.6175E+02  1.8243E+02
0000977   5.0621E+02  1.8615E+01  6.1935E+01
0000978   1.0507E+02  1.4138E+02  1.4363E+00
0000979   3.3209E+02 -3.0899E+02 -1.8385E+02
0000980   2.3632E+02 -4.8544E+02 -3.1747E+01
0000981   3.2511E+02 -1.2867E+02 -2.3587E+02
0000982   4.7321E+02 -2.0699E+02  1.2311E+02
0000983   2.2141E+02  2.3202E+02  1.4564E+02
0000984   3.3313E+02  1.0262E+02  1.3537E+02
0000985   3.2740E+02  6.4127E+01 -2.0377E+02
0000986   2.6800E+02  1.1320E+02  2.7003E+01
0000987   1.4624E+02  3.4572E+02 -6.8967E+01
0000988   8.7212E+01 -1.2793E+02 -5.6501E+01
0000989   3.3221E+02  2.2821E+02 -2.8445E+02
0000990   2.0759E+02 -3.9918E+01 -1.3031E+01
0000991   3.3996E+02  3.3769E+02 -3.1893E+01
0000992   2.5228E+02  3.8188E+01  7.6265E+01
0000993   3.6870E+02 -7.2485E+01 -4.2612E+01
0000994   3.6538E+02  9.6559E+01 -1.6993E+02
0000995   4.8607E+01 -6.7789E+01  3.3445E+02
0000996   2.4229E+02 -1.3229E+02  5.0332E+00
0000998   7.0986E+02 -1.6216E+02  1.1687E+02
0000999   2.3907E+02  1.8517E+01 -7.0171E+01
0001000   3.3890E+02 -2.4472E+02 -2.4961E+02
