============================== SRIM-2013.00 ==============================
==============================================================================
====== SRIM Outputs\RANGE_3D.txt : File of Final Ion Positions =====

Ion =  F (09)   Ion Mass= 018.9984
Energy  = 3000000.E-05 keV
Ion Angle to Surface = 00.0 degrees
==================== TARGET =======================
  Layer # 1 - None
  Layer # 1 - Bottom Depth=500000.E-01 A
  Layer # 1 - Density =0007.8700 g/cm3
  Layer # 1 -  100 % of Fe
ÍÍÍÍÍÍÍÍÍÍÍÍÍÍÍÍÍÍÍÍÍÍÍÍÍÍÍÍÍÍÍÍÍÍÍÍÍÍÍÍÍÍÍÍÍÍÍÍÍÍÍÍ
                                            
Ion       Depth  X   Lateral Y   Lateral Z  
Number    (Angstrom) (Angstrom)  (Angstrom) 
-------  ----------- ----------- -----------
0000001   4.6196E+02  4.1676E+01 -2.0079E+01
0000002   1.8311E+02 -3.3314E+01  2.1073E+02
0000004   3.0304E+02  3.7888E+02 -1.9428E+02
0000005   3.8822E+02 -6.9474E+01 -6.0554E+01
0000006   3.3467E+02 -7.8775E+01  3.0574E+02
0000008   5.2387E+02  2.6516E+01  6.5872E+01
0000009   3.9551E+02 -9.0282E+01 -1.8163E+02
0000010   6.7036E+01  2.0654E+01 -2.6377E+02
0000011   6.7414E+02 -1.3994E+02 -1.0003E+01
0000012   9.9177E+01  1.0540E+02  1.7604E+02
0000013   3.6269E+01 -1.6335E+02  1.2899E+02
0000015   3.6399E+02 -4.2169E+02 -3.0412E+01
0000016   3.8936E+02 -3.7887E+02 -1.1844E+01
0000017   2.2569E+02  1.5266E+02  4.8004E+01
0000018   3.7929E+02  1.4307E+02  1.8741E+02
0000019   3.4089E+02 -4.9714E+01  6.1249E+01
0000020   6.2176E+01 -8.6289E+01 -9.5762E+01
0000021   2.9142E+02  2.1853E+02 -3.7766E+02
0000022   1.3065E+02 -2.3020E+02 -3.3734E+01
0000023   1.8737E+02  8.8273E+01 -8.8017E+01
0000024   2.9384E+02  3.1620E+01 -1.1757E+02
0000025   3.3385E+02  2.0668E+02  1.4166E+02
0000026   6.6709E+02  4.4572E+01 -7.4015E+01
0000027   5.8261E+01 -3.1236E+01  7.2011E-01
0000028   1.5124E+01  1.0902E+02 -9.1711E+01
0000029   3.4237E+02 -2.9984E+02  1.1960E+02
0000030   9.0472E+01 -6.8886E+01  8.3792E+01
0000031   4.3696E+02 -9.1293E+01 -1.6402E+02
0000032   4.2971E+02 -7.7724E+01  1.7126E+01
0000033   1.6497E+02 -3.3027E+02 -1.9138E+02
0000034   4.2026E+02  9.8143E+01 -2.8054E+02
0000035   5.1386E+01 -3.8661E+01  1.1373E+02
0000036   4.8228E+02 -2.2869E+02  1.2696E+02
0000037   3.4466E+02 -9.9913E+01 -1.1003E+02
0000038   3.4895E+02  1.8937E+02 -9.0052E+01
0000039   2.9622E+02 -3.0342E+01  1.0398E+01
0000040   1.0314E+02  1.9757E+02 -7.6193E+01
0000041   2.5405E+02 -2.9859E+02  1.1186E+01
0000042   2.4365E+02  3.2112E-01  2.1704E+02
0000043   3.2816E+02 -2.1062E+02 -9.1201E+01
0000045   1.3349E+02 -1.8844E+02  4.1621E+01
0000046   4.4993E+02  3.5401E+02 -4.3103E+01
0000047   4.4910E+02  2.1784E+02  1.3942E+02
0000048   4.6478E+02  7.3678E+01 -3.8812E+01
0000049   3.9648E+02 -3.5461E+00 -5.8762E+01
0000050   1.0434E+02  1.2355E+02 -3.0853E+02
0000051   1.9830E+01  3.9433E+01  1.8010E+02
0000052   2.3446E+02 -1.0969E+02 -1.8387E+02
0000053   7.1619E+02  2.3877E+02  6.7766E+01
0000054   1.9169E+02 -4.3353E+01 -2.7844E+02
0000055   4.2249E+02  2.4020E+02 -2.0160E+02
0000056   5.6546E+02  2.3647E+02 -1.0259E+02
0000057   2.4622E+02 -1.1958E+02  1.3896E+02
0000059   5.5357E+02 -2.7225E+01 -7.4672E+01
0000060   9.9624E+01 -1.7975E+02 -2.3389E+02
0000062   4.7164E+02  1.5415E+02  8.8849E+01
0000063   1.0642E+02  1.7397E+02  8.4841E+01
0000064   3.6692E+02  1.8380E+02 -7.0700E+01
0000065   2.6802E+02 -1.0437E+02 -1.0401E+02
0000066   4.4773E+02  1.3316E+02 -1.0168E+02
0000067   1.7853E+02  1.9662E+02 -6.3493E+01
0000068   2.8344E+02 -9.1597E+01 -1.0863E+02
0000069   3.5340E+02  1.7029E+02 -8.9839E+01
0000070   3.8316E+02 -1.8496E+02 -2.7834E+01
0000071   2.4524E+02 -3.7588E+02  5.6157E+01
0000072   1.2421E+02  1.1611E+02 -9.9873E+01
0000073   3.9104E+02  1.9685E+02  4.5374E+01
0000074   2.0029E+02 -1.5079E+02 -4.0789E+02
0000075   8.4375E+01 -3.4265E+01 -4.5660E+01
0000076   2.9032E+02 -2.3991E+02  8.0960E+00
0000077   3.6519E+02 -9.1211E+01  1.2219E+02
0000078   3.7327E+02 -2.9238E+01 -1.1759E+02
0000079   1.6266E+02 -7.9150E+00 -2.2518E+02
0000080   9.0341E+01  8.2193E+01 -1.4551E+00
0000081   3.8475E+02  7.5683E+01 -3.8320E+01
0000082   3.6221E+02 -2.1356E+02 -2.0169E+02
0000083   4.5731E+02 -2.7691E+02  7.8087E+01
0000084   6.2550E+02  2.7306E+01  1.9516E+01
0000085   2.9679E+02 -9.6637E+01 -4.3673E+01
0000086   4.3776E+02  2.7875E+02 -1.6689E+02
0000087   4.7529E+02 -3.0607E+02  2.0171E+02
0000088   2.4548E+02 -2.8316E+01 -2.7940E+00
0000089   3.7994E+02 -1.6877E+02 -2.8654E+02
0000090   2.0820E+02  1.7543E+02  1.5438E+02
0000091   3.7578E+02 -9.8097E+01  2.1493E+01
0000092   4.0636E+02  1.1919E+02 -4.0695E+02
0000093   3.0091E+02 -2.5710E+02 -3.0800E+01
0000094   1.1566E+02  7.4238E+01  1.5367E+02
0000095   2.2443E+02 -2.8842E+02 -9.2356E+01
0000096   2.6859E+02 -6.2857E+01  9.8089E+00
0000097   3.9848E+02  1.2042E+02  3.8164E+02
0000098   1.9866E+02  4.6978E+02 -3.8627E+01
0000099   1.4699E+02  4.6235E+01  1.6506E+02
0000100   3.2322E+02  2.4174E+02 -1.6199E+02
0000101   7.0641E+01 -3.5729E+02 -3.8366E+01
0000102   1.1932E+02  7.0834E+01  1.1034E+02
0000104   3.3151E+02  9.2329E+01  7.1259E+01
0000105   1.3784E+02  2.1054E+02  2.5780E+02
0000106   3.0785E+02  3.2735E+02  1.1602E+02
0000107   4.2436E+02  3.5091E+01  1.0913E+02
0000108   3.7963E+02  4.0477E+01 -2.7788E+02
0000109   3.8522E+02 -1.3125E+02 -2.5514E+00
0000110   2.0187E+02 -2.6920E+02 -3.3744E+01
0000111   6.5299E+01 -1.8700E+02  1.8070E+01
0000112   4.9384E+02  4.5564E+01 -1.4329E+02
0000113   4.0522E+02 -2.1332E+02 -8.9092E+01
0000114   1.9346E+02  2.4209E+02  1.3667E+02
0000115   3.7849E+02  8.1456E+01 -1.2306E+01
0000116   3.7598E+02  1.7630E+01 -1.2433E+02
0000117   1.2383E+02  1.8127E+01 -2.7899E+02
0000118   2.3858E+02 -3.9286E+01  6.6760E+01
0000119   3.3352E+02 -1.6706E+02 -3.2162E+02
0000120   3.4195E+02 -1.8865E+02 -1.9593E+02
0000121   2.2946E+02  8.9136E+00  2.4578E+02
0000124   6.9906E+02  4.1676E+02  4.5445E+01
0000125   4.3455E+02 -1.9698E+02 -1.8480E+02
0000126   3.7520E+02  1.3364E+02 -1.4605E+01
0000127   4.7403E+02  9.4789E+01  1.2606E+02
0000128   2.1456E+02  3.2433E+01 -7.0589E+01
0000129   3.6233E+02  3.6704E+02 -3.2468E+01
0000130   1.0589E+01 -1.0678E+02  2.1796E+02
0000131   3.1879E+02 -3.0027E+01 -2.0403E+02
0000132   2.0599E+02 -7.3044E+01 -4.3545E+01
0000133   3.4204E+02 -2.6686E+02 -1.1771E+02
0000134   4.3475E+02 -5.4630E+01 -1.4939E+02
0000135   3.2811E+02 -5.5656E+01 -7.1597E+01
0000136   2.2114E+02  4.2773E+01 -4.6285E+01
0000137   3.0616E+02  6.7418E+01  1.6181E+02
0000138   3.6430E+02 -3.8963E+01  4.7967E+01
0000139   3.5470E+02  5.0763E+01 -3.6475E+02
0000140   2.2371E+02  7.5793E+01 -6.4497E+01
0000141   2.5157E+02 -9.4545E+01 -4.4183E+01
0000142   3.1883E+02  4.4792E+01 -2.7364E+02
0000143   3.8990E+02 -4.0393E+01  5.6643E+01
0000144   1.9009E+02 -2.0548E+02  1.1852E+02
0000145   1.8424E+02 -3.4431E+02  9.1502E+00
0000146   3.4707E+02  1.1082E+02 -2.4561E+02
0000147   2.8019E+02 -9.1120E+01 -1.0436E+02
0000148   1.9632E+02 -1.9900E+01 -3.3949E+02
0000149   3.0981E+02  1.4844E+02  1.7894E+02
0000150   4.6074E+02  3.4739E+02  9.0159E+00
0000151   3.8409E+02  1.5011E+02  1.0014E+01
0000152   3.6293E+01  1.2024E+02  6.3662E+01
0000153   2.3894E+02 -1.7032E+02  9.8977E+01
0000154   3.4251E+02 -4.2366E+02 -6.3671E+01
0000155   1.5836E+02 -1.4674E+01 -1.2271E+01
0000156   6.8201E+01  1.6460E+02 -2.3832E+01
0000157   3.7717E+02  1.9710E+02 -1.5734E+02
0000158   2.9293E+02 -2.7700E+02  1.9318E+02
0000159   1.1070E+02 -5.1543E+02  5.1257E+01
0000160   4.0036E+02  3.1544E+02 -1.1357E+00
0000161   3.6864E+02 -1.6439E+01  1.1607E+02
0000162   4.1783E+02  2.6983E+01 -2.2266E+02
0000163   4.2145E+02 -1.4850E+02 -6.3053E+00
0000164   2.8833E+02  1.6351E+02 -2.7718E+02
0000165   7.5336E+02  1.7326E+02  1.9566E+02
0000166   1.5422E+02  8.8364E+01 -3.0147E+01
0000167   3.5040E+02 -9.1878E+01 -2.6401E+02
0000168   2.1200E+02 -3.6795E+02 -1.7248E+01
0000169   1.9210E+02 -5.4395E+01 -4.4185E+01
0000170   2.2095E+02 -1.6678E+02  2.1791E+02
0000171   4.1462E+02  1.5217E+02  1.3017E+02
0000172   3.2561E+02 -2.2383E+02  9.2311E+01
0000174   1.4229E+02 -2.0630E+02  8.0972E+01
0000175   3.9844E+02 -1.7862E+02  1.9693E+02
0000176   5.2501E+02  9.1158E+01 -2.0893E+01
0000177   1.3020E+02 -3.2094E+02 -2.2218E+02
0000178   3.5531E+02 -1.4211E+02  2.4581E+02
0000180   2.8188E+02 -7.0440E+01 -3.0812E+02
0000181   5.5506E+02  1.8870E+02  1.0463E+02
0000182   2.8598E+02  4.0090E+01 -2.6277E+02
0000183   2.3121E+02  1.1431E+02 -1.2553E+02
0000184   3.9103E+02 -2.8447E-01 -1.4649E+02
0000185   3.0542E+02  2.0871E+02  9.0835E+01
0000186   3.0124E+02 -3.4620E+00  1.9549E+02
0000187   2.9533E+02  7.9122E+01 -1.3203E+02
0000188   6.3914E+01  1.9871E+02 -1.3728E+02
0000190   2.6100E+02  1.0047E+02  1.9764E+01
0000191   2.8143E+02 -1.3526E+02  1.4863E+02
0000192   6.1894E+02 -1.1177E+01  3.4276E+01
0000193   1.7509E+02 -1.9311E+00 -1.1646E+02
0000194   1.6621E+02 -1.5777E+02  4.7334E+00
0000195   1.8267E+02 -9.5102E+01  9.0839E+01
0000197   4.0391E+02 -1.3940E+02  9.9396E+01
0000198   3.7542E+02 -3.3347E+02  1.8923E+02
0000199   1.8000E+02  1.3600E+02  2.6124E+01
0000200   2.2893E+02 -4.7026E+01  3.8237E+01
0000201   4.6403E+02  3.6768E+02 -6.0889E+01
0000202   2.3092E+02 -1.6877E+01  2.9604E+02
0000203   3.4728E+02 -1.3612E+02  1.3082E+02
0000204   1.8909E+02 -3.0270E+01  1.8639E+02
0000205   3.5979E+02  2.0259E+02  2.5205E+02
0000206   1.6205E+02 -2.9453E+02  1.1373E+02
0000207   3.3392E+02 -1.1120E+02 -1.8597E+02
0000208   2.4121E+02 -1.0335E+02  4.1760E+01
0000209   4.1511E+02 -1.6420E+02 -7.2470E+01
0000210   1.3695E+02 -2.3117E+02 -3.7092E+02
0000211   2.0096E+02 -1.4228E+02  2.1198E+02
0000212   2.1163E+02  9.1852E+00 -1.7242E+02
0000213   3.6750E+02 -1.0269E+02 -7.6675E+01
0000214   1.9493E+02  1.9067E+01  1.0068E+02
0000215   3.4657E+02  8.4972E+01 -1.5201E+01
0000216   5.5144E+02  1.6605E+02  1.6136E+02
0000217   4.4728E+02 -2.5452E+02 -2.2448E+01
0000218   2.3668E+02 -1.5198E+02  1.3482E+02
0000219   4.0126E+02  8.7750E+01 -7.8783E+01
0000220   3.0061E+02  2.0682E+02 -4.3793E+01
0000221   1.8345E+02  3.8632E+02  9.3478E+01
0000223   6.0357E+02  4.0634E+02  7.7680E+01
0000224   6.6090E+02  7.2264E+01 -9.4641E+01
0000225   3.9433E+02  5.2246E+01 -8.7091E+01
0000226   9.5265E+01 -3.7856E+01  1.9688E+02
0000227   1.4830E+02  3.4350E+02  1.3363E+02
0000228   2.5301E+02 -3.4029E+01 -3.5949E+01
0000229   1.6455E+02  6.0697E+00  1.2394E+02
0000230   3.7899E+02  1.0984E+02 -5.9426E+01
0000231   9.2283E+01  1.0586E+02 -1.6641E+02
0000232   2.0136E+02  1.7001E+02  9.3451E+01
0000233   2.0399E+02  2.4545E+02 -5.5929E+01
0000234   6.1832E+02  7.6395E+01 -4.7307E+01
0000235   4.9215E+02 -1.5333E+01  3.4522E+02
0000236   3.2874E+02  2.1504E+02 -1.3326E+02
0000237   1.6097E+02  2.5869E+01  1.1319E+02
0000238   1.7118E+02  4.3595E+01  1.4303E+02
0000239   1.8943E+02  2.1339E+02 -1.7003E+02
0000240   4.5824E+02 -3.1673E+02  3.5799E+01
0000241   2.7613E+02  1.2820E+02  9.4391E+01
0000242   5.1764E+02  6.2365E+00 -3.5210E+02
0000243   3.3661E+02 -1.9041E+02 -2.9626E+00
0000244   3.4089E+02  6.7469E+01  1.0587E+02
0000245   2.4795E+02 -8.6597E+01  1.6138E+02
0000246   2.8013E+02 -2.3316E+01  1.3376E+02
0000247   4.6292E+02  1.7261E+02  1.4882E+02
0000248   3.9317E+02  2.2799E+01  3.8359E+01
0000249   4.6045E+02  2.0429E+02 -3.1918E+01
0000250   1.2715E+02  7.3799E+01 -7.7014E+01
0000251   3.6454E+02  7.0773E+01  8.7844E+00
0000252   1.6931E+02 -1.7109E+02 -1.8486E+02
0000253   5.1437E+02  4.1318E+02 -3.1650E+01
0000255   1.5372E+02 -6.4089E+01 -1.9119E+02
0000256   2.6003E+02  4.0567E+02 -1.9431E+02
0000257   4.0695E+02  2.2575E+01 -7.1207E+01
0000258   4.5977E+02 -2.3574E+01  9.3192E+00
0000259   4.2858E+01 -7.6335E+01 -7.7425E+01
0000260   2.1016E+02 -3.0374E+02 -1.0318E+02
0000261   4.5319E+02 -4.0077E+01 -4.3937E+02
0000262   3.8144E+02 -1.9607E+01  4.0350E+02
0000263   2.5130E+02  1.5912E+02  2.6004E+02
0000264   6.9827E+00 -1.0261E+02  1.9983E+02
0000265   7.7591E+02  1.1548E+02  8.5555E+01
0000266   2.7029E+02  1.3367E+02 -7.2837E+01
0000267   1.9418E+02  2.3663E+02 -4.6771E+01
0000268   4.2322E+02 -3.1371E+02 -1.6796E+02
0000269   3.1020E+02  8.1760E+01  5.5358E+01
0000270   4.1934E+02  3.1934E+01 -1.2894E+02
0000271   2.5364E+02 -2.4329E+02 -1.3055E+02
0000272   5.0353E+02 -8.0762E+01  1.1739E+02
0000273   4.2817E+02 -3.4998E+02 -7.1589E+01
0000274   4.2465E+02  1.6368E+02 -6.7186E+01
0000275   4.3126E+02  9.3675E+00 -2.0563E+02
0000276   3.8380E+02  1.0145E+02  1.3877E+02
0000277   4.2062E+02 -8.3816E+01 -2.1493E+02
0000278   5.5489E+02  1.2214E+02 -1.9404E+02
0000279   1.8196E+02  2.0417E+02 -1.3265E+02
0000281   2.2723E+02  9.0399E+01 -1.3057E+02
0000282   3.7356E+02 -4.4360E+01 -2.3073E+02
0000283   2.0480E+02 -2.0687E+02 -1.5620E+02
0000284   3.0008E+02 -1.0563E+02  9.6982E+01
0000285   3.7704E+02 -1.2931E+02  1.9509E+02
0000286   3.6368E+02  1.5640E+02  3.0053E+02
0000287   3.0427E+01  9.3093E+01 -1.8530E+02
0000288   6.6751E+02 -2.3873E+02 -6.6124E+01
0000289   1.5182E+02 -2.3753E+02  1.4809E+02
0000290   2.7564E+02  1.5382E+01  1.4964E+02
0000291   1.1284E+02 -1.1932E+02 -2.1264E+02
0000292   2.1008E+02  5.0458E+01  1.2481E+02
0000293   3.5608E+02  2.9970E+01 -2.7673E-01
0000294   2.6627E+02  3.2727E+01 -2.2248E+01
0000295   5.6242E+02  2.8125E+02  2.0553E+02
0000296   5.3282E+02 -8.8649E+01 -9.5240E+01
0000297   8.1976E+01  2.2428E+02  2.3530E+02
0000298   1.9846E+02 -1.7993E+02 -2.2039E+02
0000299   5.5293E+02  3.4106E+02  4.5226E+02
0000300   5.6568E+01 -1.4818E+02  4.1314E+01
0000301   4.7788E+01  1.3783E+02 -2.2186E+01
0000302   1.0753E+02  1.1291E+01  6.9217E+01
0000303   3.6876E+02  2.0572E+01 -1.0012E+02
0000304   5.0640E+02  2.7254E+02 -4.1818E+01
0000306   6.3441E+02 -3.2717E+01 -4.5366E+01
0000307   3.2937E+02  1.8151E+02  1.3911E+01
0000308   2.6106E+02 -3.5963E+02 -1.9844E+02
0000309   4.3675E+02 -1.9544E+02  1.5404E+02
0000310   3.2637E+02  5.8546E+01  6.1784E+00
0000311   3.0777E+02  4.6190E+02  1.3877E+02
0000312   1.5543E+02 -1.2473E+02 -4.1839E+01
0000313   2.4090E+02 -4.8342E+00 -1.4124E+01
0000314   2.3732E+02  2.5724E+02 -2.5359E+02
0000315   2.4633E+02  1.0057E+02 -3.5437E+02
0000316   1.8952E+02 -3.0484E+02  2.8137E+02
0000317   4.1415E+02 -9.9619E+01 -2.2111E+02
0000318   2.2480E+02  6.5525E+01 -9.7738E+01
0000319   1.6511E+02 -2.7258E+02  1.3552E+02
0000320   2.7830E+02 -2.3649E+02 -6.6889E+01
0000321   1.2520E+02  5.9025E+01 -3.5891E+02
0000322   2.6571E+02  4.0557E+01 -1.5346E+02
0000323   1.7652E+02  2.0057E+02  2.6252E+01
0000326   3.1943E+02  1.1231E+02 -1.4968E+02
0000327   1.4653E+02 -7.1310E+01  3.3449E+01
0000328   4.2932E+02 -9.9075E+01 -1.1797E+02
0000329   5.2856E+02  1.7809E+02 -1.1033E+01
0000330   6.7881E+01  1.1550E+02 -1.2234E+02
0000331   9.3317E+01  3.5844E+01 -6.4651E+01
0000332   2.0864E+02 -1.8117E+02 -1.1053E+01
0000334   2.6087E+02  1.4287E+02 -2.2622E+02
0000335   2.7282E+02  2.6781E+02 -3.8283E+01
0000336   4.4282E+02 -6.5271E+01  2.5177E+02
0000338   3.1851E+02 -3.6472E+01 -7.1831E+00
0000339   3.3344E+02 -2.4571E+02  1.7738E+02
0000340   2.2448E+02 -2.4522E+02  3.0229E+01
0000341   2.6420E+02  1.0489E+02  2.6542E+02
0000342   1.9059E+02  2.2252E+02 -2.1225E+02
0000343   3.1807E+02 -3.0467E+01  1.1919E+02
0000344   4.4569E+02  9.6946E+01  8.1911E+00
0000345   3.4093E+02  9.8282E+01  2.6969E+02
0000346   9.8319E+01 -3.2548E+02 -4.1322E+01
0000347   4.0105E+02 -2.4245E+02 -1.7316E+02
0000348   3.9186E+02 -9.3768E+01 -4.5658E+02
0000349   3.1286E+02  1.3840E+02  3.9718E+01
0000350   2.2933E+02 -5.9464E+01  1.0187E+02
0000351   4.0658E+02  1.1280E+02  1.3165E+02
0000352   3.0655E+02  1.9820E+02 -1.4431E+02
0000353   7.3778E+02  5.4083E+01 -7.8273E+01
0000354   5.3470E+02  9.3159E+01 -3.8775E+02
0000355   1.2177E+01 -4.0890E+01 -1.4322E+02
0000356   2.6620E+02 -2.1665E+02  7.0132E+01
0000357   3.4428E+02 -2.8277E+01  7.1400E+01
0000358   1.5982E+02 -5.7621E+01 -4.4190E+01
0000359   5.0403E+02  8.0070E+01 -2.7333E+02
0000360   2.1477E+02  1.3158E+02 -7.3480E+01
0000361   2.1715E+02 -3.6087E+02  5.0908E+00
0000362   2.4545E+02  9.4371E+01  1.0743E+02
0000363   5.3784E+02 -1.6791E+02 -3.6990E+02
0000365   7.5007E+02 -1.1439E+02  2.1085E+02
0000366   1.6003E+02 -3.5380E+00 -1.3292E+02
0000367   2.0612E+02  2.3546E+02  1.2155E+02
0000368   1.2485E+02  1.8212E+01  6.1250E+00
0000369   5.9251E+01 -1.4700E+02 -8.7410E+01
0000370   4.5230E+02  4.8317E+01  6.2648E+01
0000371   9.5696E+01  5.0055E+01 -4.0498E+01
0000372   4.7370E+02 -7.2124E+01 -2.0636E+02
0000373   1.4368E+02  1.4148E+02  1.2557E+02
0000374   9.5600E+01  6.8831E+01 -1.3574E+02
0000376   2.8905E+02 -2.5474E+01  1.5249E+01
0000378   5.6331E+02  6.0200E+01 -7.4176E+01
0000379   4.7015E+02 -2.4864E+02  2.2316E+02
0000380   3.6927E+02  4.7369E+02 -3.2566E+01
0000381   1.5285E+02 -1.5602E+01 -2.2692E+02
0000382   3.1458E+02  4.4567E+01  1.0980E+01
0000383   4.5517E+02 -1.1102E+02  1.5950E+02
0000384   3.4717E+02 -7.0871E+01 -4.1159E-01
0000385   7.0886E+01  2.3207E+02 -5.2696E+01
0000386   3.8645E+02  3.1038E+00  2.3626E+02
0000387   5.5163E+02  7.1026E+01 -9.3332E+01
0000388   1.9811E+02  8.5452E+01  2.9144E+01
0000389   6.7463E+01 -9.7323E+01 -6.2962E+01
0000390   3.5600E+02 -2.1083E-01 -1.3969E+02
0000391   3.0829E+02 -2.2138E+01  7.1446E+01
0000392   4.6276E+01  1.1768E+02 -3.0644E+01
0000393   6.3225E+02 -1.6128E+02 -2.2466E+02
0000394   1.9624E+02 -2.1881E+02  4.4375E+01
0000395   1.4189E+01 -7.8164E+01  3.6765E+02
0000396   1.9182E+02  1.8683E+01  4.2649E+02
0000397   2.6697E+02  9.4135E+01  1.3434E+02
0000398   5.3496E+02  3.2142E+01  4.8309E+01
0000399   1.0443E+02 -3.0572E+01  7.4910E+01
0000400   2.6248E+02 -4.1988E+02 -1.1144E+02
0000401   3.3781E+02 -2.8725E+02  2.6919E+02
0000402   5.6997E+01  6.6956E+01 -8.9326E+01
0000403   3.2569E+02  2.6898E+00 -2.0556E+02
0000404   5.6363E+02 -1.5990E+02  2.0303E+02
0000406   5.1412E+02  4.2475E+01 -1.1463E+02
0000407   5.5059E+02 -2.2511E+01 -3.4507E+02
0000408   9.8857E+01  1.7152E+02 -1.2405E+02
0000409   2.9973E+02  1.3313E+02  1.6283E+02
0000410   4.9143E+02  7.1369E+01 -8.3789E+01
0000411   2.3047E+02 -2.1549E+02 -9.5601E+01
0000412   2.9934E+02  3.2484E+02  9.6883E+01
0000413   3.4415E+02  1.8658E+02 -4.9747E+01
0000414   4.3258E+02 -1.2233E+02  1.5128E+02
0000417   2.7193E+02  9.3768E+01 -5.6251E+01
0000418   2.6889E+02 -1.9345E+02  1.9062E+02
0000419   1.8172E+02  1.2518E+02  4.0678E+01
0000420   3.3108E+02  6.0518E+01  2.2499E+02
0000421   1.2832E+02 -7.4962E+01  2.2532E+02
0000423   1.4304E+02 -1.3486E+02 -4.0664E+01
0000424   3.6185E+02  8.4996E+01 -9.5056E+00
0000425   1.7277E+02 -3.1522E+02 -1.7061E+02
0000426   2.4441E+02 -1.5194E+01  3.1051E+02
0000427   4.2418E+02  3.7990E+02 -1.7781E+02
0000428   4.0199E+02  1.3993E+01  1.5198E+02
0000429   5.7604E+01  1.1849E+02  1.3119E+02
0000430   2.2100E+02 -3.8875E+02 -8.1403E+00
0000431   4.4746E+02  2.8839E+01  4.9851E+00
0000432   3.5867E+02  2.5369E+02  1.3279E+02
0000433   4.2416E+02 -1.2491E+02  2.6675E+02
0000434   9.1028E+01 -1.3862E+02 -2.2380E+01
0000435   4.6911E+02 -1.3422E+02 -1.3175E+02
0000436   4.8034E+02  2.0301E+02 -7.3542E+01
0000437   1.1138E+02  2.7778E+02 -2.8473E+02
0000438   2.5268E+02  7.0710E+01  1.8054E+02
0000439   4.4610E+02  1.9070E+02 -1.2266E+02
0000440   1.0820E+02  2.6257E+02  8.1171E+01
0000441   5.7803E+02  4.3407E+01  7.9318E+01
0000442   3.0323E+02  1.1825E+02  4.6203E+01
0000443   6.4743E+02 -1.2413E+02 -4.8321E+01
0000444   4.6091E+02 -1.7456E+01 -6.4021E+01
0000445   2.2909E+02 -3.1888E+02  3.3980E+01
0000446   4.9099E+02  2.2096E+02  1.2159E+02
0000447   1.4716E+01  1.4124E+02  1.7880E+01
0000448   2.4742E+02 -1.6855E+02 -6.9523E+01
0000449   5.9625E+02 -7.0048E+01  6.6635E+01
0000450   1.8838E+02 -4.6840E+01 -3.4961E+02
0000451   3.4596E+02  1.8152E+02 -3.3888E+02
0000452   6.5827E+02 -2.0719E+02  3.7004E+01
0000453   1.1104E+02  2.8947E+01  9.2355E+01
0000454   1.8510E+02 -1.3726E+02  3.2403E+02
0000455   3.3315E+02 -3.1335E+02 -7.2307E+00
0000456   2.1045E+02  5.5729E+01 -1.0012E+02
0000457   2.2489E+02  1.0291E+02 -2.6065E+01
0000458   2.3547E+02  2.4078E+01  8.9460E+01
0000459   1.3772E+02 -8.3341E+01 -1.5987E+02
0000460   2.1339E+02  2.2798E+01 -1.4141E+02
0000461   3.7194E+02  1.2417E+02 -2.2591E+02
0000463   5.0594E+02 -3.0160E+02  2.2014E+01
0000464   2.2650E+02  2.9679E+02 -2.8971E+02
0000465   1.0052E+02 -9.5660E+01  2.6352E+02
0000466   1.5294E+02  1.1564E+02 -3.4930E+02
0000467   1.9907E+02 -2.8704E+00 -8.2257E+01
0000468   2.6269E+02 -2.9248E+02  1.2950E+02
0000469   4.6079E+02  1.0307E+02 -2.1582E+02
0000470   6.1620E+01 -4.1427E+02 -6.5928E+01
0000472   3.0325E+02 -1.4669E+02  2.6080E+02
0000473   1.1812E+02  4.0728E+01  2.0616E+02
0000474   3.4591E+02 -2.1570E+02  7.3297E+01
0000475   1.3872E+02  1.8996E+02  1.4500E+02
0000476   2.0072E+02 -1.1422E+02 -7.1443E+00
0000477   4.4324E+02 -2.2308E+02  2.0205E+02
0000478   7.6237E+01 -2.3092E+02 -1.9711E+02
0000479   4.1329E+02  1.8313E+02 -1.2873E+01
0000481   3.4605E+02  8.4418E+01 -1.8519E+02
0000482   3.3047E+02  1.9612E+02 -4.7435E+01
0000483   9.8063E+01 -1.3583E+02  1.6958E+02
0000484   6.9498E+02 -6.8860E+00 -1.3684E+02
0000485   1.7955E+02 -3.9058E+01  1.2318E+02
0000486   2.7251E+02 -5.2628E+01  2.5160E+02
0000487   3.6438E+02 -2.6607E+00  8.3353E+01
0000488   3.3877E+02 -4.4868E+01  1.9559E+02
0000489   5.1016E+01  1.1587E+02  2.2238E+02
0000490   3.1057E+02 -1.8376E+02 -1.8341E+02
0000491   4.0622E+02 -2.2678E+02 -1.8964E+01
0000492   3.0769E+02 -2.9693E+02  1.8998E+02
0000493   3.4884E+02  8.2277E+01  1.3854E+02
0000494   5.5697E+02  3.3499E+02  1.2546E+02
0000496   3.9107E+02  8.2573E+01 -2.6547E+02
0000497   5.1281E+01  1.9794E+02 -3.1761E+01
0000498   3.8816E+02  6.6455E+01  2.8684E+02
0000499   7.1029E+02  1.5237E+02  1.0885E+02
0000500   2.7875E+02 -2.2693E+02 -1.5412E-02
0000501   3.4228E+02 -1.0406E+02 -1.6603E+02
0000502   1.8238E+02 -8.1215E+01  2.5748E+02
0000503   3.2735E+02 -1.8367E+02  9.7838E+01
0000504   3.3693E+02 -2.0537E+01 -7.1660E+01
0000505   3.3375E+02 -5.0870E+01  3.3639E+02
0000506   7.5316E+01  9.7958E+00  2.7361E+01
0000507   5.1095E+02  1.3568E+02  2.3404E+02
0000508   3.5344E+02 -2.8044E+02 -4.0000E+01
0000509   4.9972E+02  1.4881E+02  5.3410E+01
0000510   4.6525E+02  1.0406E+02 -1.3093E+02
0000512   5.1373E+02  2.0902E+02 -2.2453E+02
0000514   4.2064E+02 -2.5212E+01  9.3399E+01
0000515   2.7906E+02 -9.7899E+01 -9.2179E+01
0000516   2.0807E+02  1.9381E+02 -3.8438E+02
0000517   1.9663E+02  3.6561E+02  2.2118E+00
0000518   9.9811E+01  2.9336E+02 -7.1248E+01
0000519   9.8318E+01  9.4802E+01  2.8514E+01
0000520   5.6490E+02  6.0875E+01  5.4896E+01
0000521   5.7860E+02 -3.9593E+02  3.4895E+02
0000522   2.7441E+01  3.6805E+02 -1.2578E+00
0000523   2.8451E+02  1.9609E+02 -3.8952E+01
0000524   3.4570E+02  7.4569E+00 -1.6673E+02
0000525   3.5786E+02  9.8699E+01 -2.5578E+02
0000526   5.8180E+02 -2.9426E+02  5.1700E+00
0000527   4.0144E+02  2.2195E+02  2.8595E+02
0000528   2.1565E+02  9.0943E+01 -1.5379E+02
0000529   2.5487E+02 -3.8311E+02 -2.2051E+02
0000530   3.2715E+02  4.4960E+01  1.8563E+02
0000532   4.3050E+02 -2.3104E+02  1.1988E+02
0000533   4.9186E+01  3.3744E+02 -1.3757E+02
0000534   2.1342E+02 -1.4198E+02  1.9648E+02
0000535   3.2854E+02 -1.2915E+01  1.5163E+02
0000536   3.7073E+02  1.8496E+02  2.4228E+02
0000538   2.3020E+02 -5.3326E+01  6.9203E+01
0000539   2.8228E+02  1.9191E+02  9.8160E+01
0000540   3.0913E+02  3.9430E+01 -1.4602E+02
0000541   3.5968E+02  1.2016E+02  2.9537E+02
0000542   7.7951E+01 -1.6607E+02  1.7650E+02
0000543   1.9580E+02 -1.9211E+02 -6.7084E+01
0000544   6.6037E+02  1.0851E+01 -1.0890E+00
0000545   2.4110E+02  2.4076E+02 -8.3621E+01
0000546   5.3324E+02  2.2610E+02  2.0002E+02
0000547   2.7037E+02  2.1312E+02 -1.1048E+02
0000548   3.0663E+02  6.8784E+01 -1.8584E+02
0000549   4.2599E+02 -2.1367E+02 -1.3241E+02
0000550   3.3203E+02 -1.0854E+02  1.5228E+02
0000551   5.7911E+02  3.9748E+01  1.1396E+02
0000552   2.3494E+02  3.2677E+02 -6.5689E+01
0000553   1.6482E+02  3.0932E+01 -2.1477E+01
0000554   4.1934E+02  7.5858E+01 -1.9961E+02
0000555   3.9850E+02 -1.9594E+02  1.1569E+01
0000556   1.4592E+02 -3.4290E+01  9.1650E+01
0000557   4.2540E+02 -6.8083E+01  2.2726E+00
0000558   3.3130E+02 -7.2100E+01  5.9239E+01
0000559   1.4388E+02  1.1236E+02 -9.0588E+01
0000560   9.7173E+01  9.7713E+01  2.4499E+02
0000561   3.5251E+02 -3.1926E+02  3.8699E+01
0000562   6.9773E+01 -3.5743E+01 -7.5703E+01
0000563   2.3487E+02  2.1865E+02 -1.5823E+02
0000564   3.5607E+02 -4.1284E+01  3.5182E+01
0000565   5.3112E+02  2.6107E+01  1.2218E+02
0000566   1.1626E+02 -1.8574E+02 -1.5382E+02
0000567   3.1341E+02 -1.5120E+01  1.8764E+02
0000568   1.4016E+02  1.0427E+02 -1.0071E+02
0000569   5.0274E+02 -1.8108E+02  2.0017E+02
0000570   2.4450E+02 -7.1442E+01 -2.5568E+02
0000571   4.6625E+02 -4.1239E-01 -3.8601E+01
0000572   3.4516E+02 -5.8368E+01  2.0078E+01
0000573   2.7258E+02  1.3868E+01  3.0433E+01
0000574   2.9790E+02 -4.4152E+00 -8.9265E+01
0000575   2.9580E+02 -3.9297E+01  8.4009E+01
0000576   1.9315E+02  1.3523E+01 -4.5050E+02
0000577   2.9992E+02  4.1541E+01 -2.5391E+01
0000578   2.7262E+02  1.5176E+02 -3.0289E+00
0000579   1.7706E+02 -1.1269E+02  7.3542E+01
0000580   3.7937E+02  2.5692E+02 -2.4698E+02
0000581   6.1604E+01  2.0127E+02  2.1432E+02
0000582   3.7848E+02 -6.2029E+01 -3.6126E+02
0000583   4.1645E+02  4.6617E+01  1.3710E+02
0000584   4.1641E+02  9.9340E+01 -1.2396E+02
0000585   4.2151E+02 -1.9466E+02  1.1729E+02
0000586   4.9437E+02 -9.0892E+01 -3.7669E+01
0000587   1.1737E+02  1.1125E+01 -9.2940E+01
0000588   1.1357E+02  3.5526E+01  3.2790E+02
0000589   4.1229E+02  1.3135E+02 -6.3064E+01
0000590   2.4686E+02  1.4739E+02 -4.7341E+02
0000591   4.7122E+01  8.7230E+00 -6.6246E+01
0000592   9.6043E+01  6.6694E+01 -3.2299E+02
0000593   3.3565E+02  8.5612E+01 -2.2187E+02
0000594   7.5819E+01  1.1597E+02 -3.8930E+01
0000595   2.4978E+02 -5.3759E+01  1.4893E+00
0000596   6.2461E+01  1.8659E+02  9.5357E+01
0000597   1.4596E+02  3.8828E+01  2.4152E+01
0000598   7.1680E+01 -1.4898E+02 -9.6902E+01
0000599   6.4564E+02 -1.3995E+02  8.7265E+01
0000600   2.1226E+02  1.3621E+02  9.2164E+01
0000601   3.6540E+02  3.2400E+02  1.6635E+02
0000602   9.6784E+01  1.0209E+02  1.1661E+02
0000604   4.3104E+02  1.3184E+02  1.6527E+02
0000605   3.0366E+02 -1.1418E+02  4.4170E+00
0000606   2.8205E+02  3.7322E+00 -1.5641E+02
0000607   1.6409E+02  1.3835E+02 -1.8405E+02
0000608   4.1370E+02 -1.5480E+02  2.5883E+02
0000609   2.1393E+01  8.6892E+00  1.1282E+01
0000610   4.0410E+02  1.0049E+02  2.1341E+01
0000611   6.0355E+02 -1.7208E+02 -9.0243E+00
0000612   1.9756E+02 -4.2548E+02  4.2404E+01
0000613   2.1613E+02  2.5122E+01  1.3003E+01
0000614   2.4014E+02  2.1769E+02  2.7286E+01
0000615   5.0736E+02  7.3786E+01  4.6641E+01
0000617   1.5989E+02 -1.8158E+02  8.0896E+01
0000618   2.8205E+01 -1.1709E+02 -1.3699E+02
0000619   1.0627E+02 -6.3924E+01 -1.4873E+02
0000620   4.6719E+01 -1.1783E+01 -3.2675E+01
0000621   4.6835E+02 -2.8707E+02 -2.4758E+02
0000622   3.2652E+02 -1.6771E+02  1.9121E+02
0000624   1.4286E+02 -3.4892E+02 -8.2156E+01
0000625   9.0415E+00  6.0308E+01 -1.5442E+02
0000626   3.6921E+02  1.6009E+02  1.0475E+02
0000627   3.4213E+02  1.3825E+02 -2.2060E+01
0000628   3.1880E+02  1.8003E+02 -2.5134E+02
0000629   3.0053E+02  1.0775E+02 -1.7068E+02
0000630   2.2156E+02  3.0518E+02  2.5324E+02
0000631   1.6278E+02  1.6736E+02  2.7839E+01
0000632   3.5868E+01 -5.9661E+01  2.4997E+02
0000633   2.1398E+02 -3.4988E+02  3.6273E+02
0000634   2.1591E+02 -1.3589E+02 -1.6101E+02
0000635   1.5775E+02  7.2753E+01  7.0705E+01
0000636   3.7577E+02 -2.3229E+02 -9.9281E+01
0000637   6.2026E+02 -8.3059E+01 -1.3952E+02
0000639   4.5295E+02  2.0594E+02 -2.4111E+02
0000640   4.3425E+02  2.0317E+02 -5.7122E+01
0000641   2.5724E+02  8.4435E+01 -2.0024E+02
0000642   4.4849E+02  2.9629E+02  3.9324E+01
0000643   7.1239E+02  2.1395E+01  1.5810E+00
0000644   5.7189E+02  7.2006E+01  1.9261E+02
0000646   6.3088E+02 -2.4239E+02 -7.5181E+01
0000647   3.3962E+02 -5.2036E+00  9.8484E+01
0000648   4.0494E+02  2.0795E+01 -2.8209E+01
0000649   3.0790E+02 -4.4943E+01 -1.6218E+02
0000650   1.8889E+02  1.5113E+02 -2.4242E+02
0000651   3.7912E+01  2.8660E+02  2.6087E+02
0000652   2.3672E+02 -2.1450E+01  1.5275E+02
0000653   4.5824E+02  3.9926E+01 -2.1249E+02
0000654   5.0845E+02 -3.0942E+02  1.5965E+01
0000655   2.3452E+02  3.5037E+01  4.0014E+02
0000656   5.2867E+02 -8.9074E+01  3.2793E+02
0000657   5.1430E+02 -5.5118E+01 -1.8570E+02
0000658   2.4233E+02 -1.5332E+02 -1.2108E+02
0000659   1.6111E+02  2.7455E+02 -3.2498E+01
0000660   1.7693E+02  1.3903E+02 -7.3914E+01
0000661   3.1679E+02 -2.1406E+02 -8.7098E+01
0000662   2.9528E+02 -1.1930E+02  1.3829E+02
0000664   1.7866E+02 -7.9455E+01  7.4567E+01
0000665   5.7886E+02 -6.3360E-01 -1.8345E+02
0000666   2.5559E+02  1.0605E+02 -1.5501E+00
0000667   2.6806E+02 -1.8026E+01  1.5938E+02
0000668   2.7794E+02 -8.7843E+00  8.9942E+00
0000669   1.9855E+02 -3.1134E+02 -1.1983E+02
0000670   2.1106E+02  1.1058E+02 -3.7939E+01
0000671   6.1609E+02  5.5052E+01 -1.3453E+02
0000672   1.3550E+02 -3.2253E+01 -1.0876E+02
0000673   3.7941E+02 -3.3564E+02  4.5071E+01
0000674   4.9324E+02 -4.3572E+02  5.7609E+01
0000675   4.0645E+01 -6.5613E+01 -2.8962E+01
0000676   5.2621E+02  5.2075E+02  5.9893E+01
0000677   2.6112E+02  4.8859E+02  1.6552E+01
0000678   4.9208E+02  1.9544E+02 -3.6257E+02
0000679   4.2460E+02 -1.3442E+02 -1.5939E+01
0000680   5.9506E+01  2.4648E+02  3.2791E+02
0000681   2.5163E+02 -1.8622E+02 -2.6831E+02
0000682   3.8703E+02  2.4174E+02 -1.4143E+02
0000683   1.9279E+02 -4.2461E+02  2.2005E+02
0000684   1.2783E+02  1.4323E+02  7.7124E+01
0000685   3.4014E+02  1.2505E+02 -6.5224E+01
0000686   4.6783E+02 -8.3220E+01 -4.9423E+01
0000687   1.8949E+02  2.6952E+01  5.9926E+01
0000688   4.1415E+02 -1.9888E+02 -1.8605E+02
0000689   3.9810E+02 -2.7389E+02 -1.9634E+02
0000690   3.9682E+02 -6.2124E+01  1.8424E+02
0000691   3.8244E+02 -2.0890E+02 -3.1197E+02
0000692   5.0557E+02 -3.7072E+02 -3.3028E+02
0000694   2.4623E+02  2.3818E+01 -1.1239E+02
0000695   7.9371E+02  2.0997E+02  1.3782E+02
0000697   2.3521E+02  1.0468E+02 -1.6466E+02
0000698   2.8282E+02  2.5370E+02  2.9344E+02
0000699   2.6768E+02  1.0572E+02  3.1484E+02
0000700   2.3723E+02 -1.0567E+02  3.7503E+01
0000701   2.7832E+02 -2.2935E+02 -1.0608E+02
0000702   3.1064E+02  2.1118E+01  1.1276E+02
0000703   3.9155E+02  6.7342E+01 -9.1164E+00
0000704   4.2360E+02 -8.6143E+01  8.0447E+01
0000705   5.3201E+02 -2.4825E+02 -1.8048E+02
0000706   2.8442E+02 -5.0494E+01 -1.0744E+01
0000707   6.7490E+01 -3.3458E-01  1.7476E+02
0000708   4.3975E+02  9.3793E+01 -2.2351E+02
0000709   1.1006E+02  1.7334E+01  6.4771E+00
0000710   2.5492E+02 -1.5333E+02 -3.3644E+01
0000711   2.5713E+02 -4.6985E+02  1.6382E+01
0000712   3.1347E+02 -3.2782E+01  6.1547E+02
0000713   1.0005E+02 -6.5330E+02 -2.3147E+02
0000714   1.0577E+01  2.0417E+02 -2.4240E+02
0000715   3.7841E+02  1.5065E+02 -1.1353E+02
0000716   3.3418E+02 -2.0768E+01  1.1996E+02
0000717   2.4364E+02 -6.5090E+01  1.6027E+02
0000718   6.9703E+01 -1.7139E+01 -5.0634E+00
0000719   2.8203E+02 -3.0537E+02  8.3694E+01
0000720   2.8332E+02  3.7025E+02  1.0418E+01
0000721   5.9679E+02 -9.3736E+00 -1.9683E+02
0000722   2.9554E+02  2.1782E+01  2.0754E+02
0000723   3.5394E+02  4.5628E+01 -4.6113E+01
0000724   3.6459E+02  1.8379E+02 -2.0131E+02
0000725   1.0767E+02  6.8055E+01 -3.9076E+01
0000726   3.2771E+02 -6.7005E+01  2.5787E+02
0000727   3.8077E+02  1.5130E+02 -8.1510E+00
0000728   3.0356E+02  7.1987E+01 -1.4939E+02
0000729   4.5806E+02  5.2872E+01 -1.4605E+02
0000730   1.9087E+02 -3.5682E+01  2.0109E+01
0000731   8.2949E+01  1.4829E+02  7.9357E+01
0000732   3.2281E+02 -4.4839E+01 -4.0527E+01
0000733   3.9518E+02 -1.8755E+02 -2.1288E+02
0000734   6.2526E+02  6.4588E+01  6.1431E+01
0000735   3.9069E+02  2.1466E+02  6.0207E+01
0000736   6.0090E+02  1.2432E+02 -1.0969E+02
0000737   2.0385E+02 -5.9737E+01  3.1130E+02
0000738   4.7804E+02  8.0253E+01 -1.7473E+02
0000739   2.6688E+01  1.3609E+02 -1.9029E+02
0000740   4.2787E+02 -5.7374E+01  1.6837E+02
0000741   1.5885E+02 -5.1195E+01 -9.5634E+01
0000742   8.4697E+01  1.3515E+02 -3.1416E+02
0000743   1.7451E+02 -7.7520E+01 -1.7743E+02
0000744   1.9594E+02 -7.7611E+00 -4.8667E+01
0000745   3.5380E+02 -8.8080E+01  4.8433E+01
0000746   3.6326E+02  2.2358E+02  7.2961E+01
0000747   5.7089E+02  7.8407E+00  7.4616E+01
0000748   3.3093E+02 -1.5394E+01 -1.7143E+02
0000749   2.7047E+02  2.7263E+01 -6.9100E+01
0000750   3.4783E+02  5.5342E+01  1.6907E+02
0000751   5.5542E+02  3.2847E+02  1.7120E+02
0000752   5.9607E+02  4.4041E+02  1.7247E+02
0000753   2.4007E+02 -1.1460E+02 -2.1805E+02
0000754   4.5084E+02 -9.6507E+01 -1.0454E+02
0000755   2.1045E+02 -6.3273E+01  1.7515E+01
0000756   5.7154E+02 -2.6484E+02  2.4823E+02
0000757   5.0348E+02 -1.2741E+02 -1.8322E+02
0000758   2.4132E+02 -1.2357E+02  1.4191E+02
0000759   3.2760E+02  5.8233E+01  1.6760E+02
0000760   1.6079E+02  6.1561E+01 -2.6355E+01
0000761   1.7008E+02  9.5010E+01 -3.6920E+02
0000762   4.5683E+02  3.2574E+02  2.3735E+02
0000763   6.5059E+02  8.7951E+01  2.6203E+01
0000764   2.4835E+02 -1.2096E+02  6.6764E+01
0000765   3.4612E+02  8.8218E+01 -2.6980E+02
0000766   2.9527E+02 -1.8790E+01 -4.2488E+01
0000767   3.8901E+02  8.9881E+01 -6.5607E+01
0000768   2.6710E+02 -2.2302E+00 -3.9131E+02
0000769   3.4883E+02 -8.9299E+01  3.6463E+01
0000770   3.7845E+02  1.5548E+02 -3.6265E+02
0000771   1.7437E+02 -1.8816E+02 -4.3245E+02
0000772   3.2809E+02 -2.5983E+02 -6.5400E+01
0000773   3.3705E+02  6.6711E+01 -5.8337E+01
0000774   3.5422E+02 -1.3208E+01 -3.3337E+02
0000775   2.2892E+02 -1.6534E+02 -1.3737E+02
0000776   3.3259E+02  8.9039E+01  1.7155E+02
0000777   4.2914E+02 -1.7149E+02  1.2647E+02
0000778   8.8991E+01  1.4280E+02  4.0046E+02
0000779   2.9223E+02  2.1579E+02 -2.5390E+02
0000780   2.9428E+02 -8.9810E+01  4.3572E+01
0000781   4.6895E+02  8.5011E+01 -9.8326E+01
0000782   1.3826E+02 -1.3679E+01 -6.6622E+01
0000783   3.2701E+02 -1.7145E+02 -9.9928E+01
0000784   3.3696E+02 -5.5781E+01 -6.0728E+01
0000785   3.4226E+02  1.1688E+01  3.8332E+02
0000786   3.6886E+02  1.6190E+02  3.9412E+02
0000787   1.7062E+02  1.5920E+02  1.4681E+02
0000788   1.4207E+02 -1.5337E+02 -1.3559E+02
0000789   1.8568E+02  1.6211E+02 -1.6803E+02
0000790   5.9830E+02 -1.7486E+02 -1.6798E+02
0000791   2.0088E+02  1.6523E+02 -1.8316E+02
0000792   3.5070E+02  2.2599E+02 -5.1431E+01
0000793   2.7531E+02  1.9613E+02  8.9061E+01
0000794   2.7255E+02 -1.8405E+02  3.5612E+01
0000795   1.1797E+02  3.4428E+01  3.0304E+02
0000799   1.9799E+02  4.5528E+02  5.3981E+01
0000800   2.7750E+02  3.8170E+01 -1.8910E+02
0000801   3.6284E+02  2.8924E+01  2.4737E+02
0000802   7.9460E+01 -5.1259E+01  1.7261E+01
0000803   6.5720E+02 -4.8543E+01  1.2316E+02
0000804   1.8437E+02  5.5397E+00 -3.8149E-01
0000805   1.5371E+02 -6.5844E+00 -1.3824E+02
0000806   2.3529E+02  1.7361E+02  3.5822E+01
0000807   2.2222E+02 -1.9100E+02 -1.8793E+02
0000808   2.8792E+02  6.6120E+01  3.4488E+02
0000809   5.1614E+02  2.6872E+02  4.0184E+01
0000810   2.7763E+02 -1.8976E+02  3.0814E+02
0000811   4.0068E+02  5.5018E+01  2.0235E+01
0000812   3.6280E+02 -1.8508E+02  1.7325E+01
0000813   1.2896E+02  2.6656E+02 -7.4320E+01
0000814   3.6173E+02 -1.3660E+02  4.9062E+01
0000815   3.7549E+02  1.7691E+02 -2.6031E+02
0000816   3.3345E+02  6.4467E+01  2.5177E+01
0000817   1.5623E+02 -1.3079E+02  2.5406E+02
0000818   2.7739E+02  9.0520E+01  1.1653E+02
0000819   3.5882E+02 -2.0533E+02 -6.1575E+01
0000820   1.1336E+02  1.1914E+01  1.2868E+02
0000821   1.7388E+02  2.2551E+01 -5.7088E+00
0000822   2.8894E+01 -1.0469E+00 -7.9043E+01
0000823   1.2278E+02  1.1868E+02 -2.3271E+02
0000824   4.1309E+02 -2.9800E+02  2.1691E+02
0000825   2.3013E+02  1.5748E+02  2.3870E+02
0000826   1.9140E+02 -1.1829E+02 -1.3307E+01
0000827   3.6818E+02 -1.8185E+02 -7.5075E+01
0000828   5.4883E+02 -7.5788E+00 -2.3210E+01
0000829   3.5715E+02  6.5070E+01  2.2113E+02
0000830   1.0295E+02  9.3305E+01 -1.1324E+02
0000831   4.1288E+02 -4.9727E+01  6.9465E+01
0000832   1.9277E+02 -1.8867E+01  1.3597E+02
0000833   3.7248E+02  2.5917E+02  9.5643E+01
0000834   1.0921E+02 -6.7652E+01 -1.4870E+02
0000835   3.9707E+02  2.5204E+02 -2.8389E+01
0000836   6.3088E+02  1.1544E+02 -1.1905E+01
0000837   2.3367E+02  1.5413E+02 -3.2029E+01
0000838   2.0816E+02  3.2932E+02 -1.0402E+02
0000839   6.1616E+02  2.2888E+02 -1.7852E+02
0000840   6.9750E+00 -2.9024E+02 -3.3089E+02
0000841   1.2628E+02 -1.3360E+02 -7.7741E+01
0000842   4.0303E+02 -1.2881E+02 -4.3085E+01
0000843   3.7775E+02  1.4044E+02  8.3064E+01
0000844   4.8457E+02  2.6184E+02  8.7168E+01
0000845   5.2770E+02 -2.1067E+02 -3.2761E+02
0000846   2.8233E+02  1.3774E+02  3.8103E+01
0000847   4.5937E+02 -1.8711E+02  8.2919E+01
0000848   1.0161E+02 -1.1460E+02  1.3561E+02
0000849   4.4218E+01  4.7392E+01 -4.3554E+01
0000850   3.0014E+02  2.5170E+02 -1.2055E+02
0000851   1.0468E+02 -1.8953E+01 -1.4191E+01
0000852   5.0934E+01 -2.6256E+02 -1.8514E+02
0000853   5.5010E+02 -8.8950E+01  2.2986E+01
0000854   4.8729E+02 -3.3362E+02  2.1986E+02
0000856   1.1492E+02  2.1631E+02  2.5978E+02
0000857   4.4380E+02  3.3047E+01  1.4606E+02
0000858   4.5413E+01 -9.4167E+01 -1.7991E+01
0000859   3.2889E+02 -1.4440E+02 -1.1115E+02
0000860   4.7979E+02  6.2235E+01  3.1192E+02
0000861   3.0106E+02 -4.4260E+01  3.5089E+01
0000862   3.5512E+02 -2.6175E+01  1.7188E+02
0000863   3.7180E+02  1.0187E+02 -5.4385E+01
0000864   2.8531E+02  1.2820E+02 -9.4005E+01
0000865   2.3383E+02 -1.0524E+01 -1.4109E+02
0000866   4.0410E+02  6.6552E+01 -1.1068E+02
0000867   5.7011E+02  2.6717E+02  4.7408E+01
0000868   2.5942E+02 -2.4717E+02  2.7534E+02
0000869   4.1211E+02 -3.3365E+02  1.9209E+02
0000870   7.7607E+01  2.5246E+02 -6.3081E+00
0000871   6.1747E+02  8.4753E+01  9.6548E+00
0000872   4.0619E+02 -1.9712E+02 -3.7106E+01
0000873   1.7406E+02  1.9527E+02  2.4590E+01
0000874   5.8310E+02  2.8121E+01  8.8913E+00
0000875   4.7394E+02  1.8192E+02  2.0630E+02
0000876   3.8817E+02  2.2246E+02  1.5732E+02
0000877   7.5790E+01  3.5670E+02 -1.4628E+02
0000878   6.2339E+02  1.3661E+02  1.2799E+02
0000879   4.7068E+02  2.3156E+01  1.2218E+01
0000880   1.2943E+02 -4.7451E+00 -2.5086E+02
0000881   2.7268E+02  1.8188E+02 -7.0284E+01
0000882   3.4866E+02 -2.8778E+02 -1.4232E+02
0000883   3.2400E+02  1.5178E+02 -1.4835E+02
0000884   1.8706E+02 -1.1787E+02 -2.2556E+02
0000885   4.4544E+02  3.3351E+01 -1.9229E+02
0000886   1.6348E+02 -1.5784E+02 -9.9165E+00
0000887   3.4220E+02 -6.6760E+01 -1.1559E+02
0000888   3.3383E+02 -7.6994E+01 -3.8077E+02
0000889   9.1625E+01 -2.4112E+02 -1.1575E+02
0000890   5.0827E+02 -6.5821E-01  1.6947E+01
0000891   3.7835E+02 -1.5649E+02  2.9961E+02
0000892   7.0560E+01  9.4140E+01 -9.1156E+01
0000893   2.6615E+02 -1.0192E+02 -3.0103E+02
0000894   3.0108E+02 -1.8315E+02  2.9235E+01
0000895   7.0564E+01  1.5520E+02 -1.1027E+02
0000896   3.5210E+02 -2.9178E+01 -1.0113E+02
0000897   1.7946E+02 -1.4468E+02  1.0886E+02
0000898   2.0993E+02 -4.4861E+01  1.1645E+02
0000899   3.5401E+02 -5.3406E+01 -2.0965E+02
0000900   3.6409E+01  1.1486E+02 -2.1589E+00
0000901   2.0779E+02  1.4586E+02  1.3374E+02
0000903   2.2013E+02 -2.1856E+02 -5.3198E+01
0000904   1.6799E+02 -2.0273E+01 -1.4262E+02
0000905   2.9812E+02  6.1471E+01  6.3320E+01
0000906   4.9494E+02  1.4436E+01 -7.7541E+01
0000907   1.5353E+02 -5.5568E+01  1.0829E+02
0000908   4.1865E+02 -6.8491E+01  1.7029E+02
0000909   2.4200E+02 -2.6821E+02  6.6822E+01
0000910   4.5521E+02  9.0405E+01 -3.3741E+01
0000912   2.9370E+02  1.3247E+02  2.4395E+02
0000913   3.2523E+02 -3.2142E+00 -7.2189E+01
0000914   8.5887E+01  1.6153E+02 -2.2400E+01
0000915   4.5116E+02  1.3430E+02 -1.0059E+02
0000916   1.5723E+02 -1.9656E+02 -3.4200E+01
0000917   4.1758E+02 -3.1340E+02  1.6731E+02
0000918   3.9887E+02 -1.9295E+02  1.9286E+01
0000919   1.5813E+02  6.8301E+01  1.8514E+02
0000920   1.9348E+02  6.1118E+01 -3.6434E+01
0000921   3.1517E+02 -1.2425E+02  2.3532E+02
0000922   3.8190E+02 -2.3647E+02  1.0280E+02
0000923   2.2912E+02 -1.3085E+02  2.4868E+02
0000924   2.0688E+01 -3.4984E+01  6.4132E+01
0000925   3.0978E+02 -2.6193E+02  1.8366E+02
0000926   2.9309E+02  3.2441E+01 -3.8953E+02
0000927   4.5441E+02  2.4728E+01 -5.8047E+01
0000928   3.2009E+02  1.3912E+02 -2.0487E+02
0000929   4.5005E+02 -2.3066E+02  4.2665E+01
0000930   3.3036E+02 -2.8701E+01 -1.6400E+01
0000931   2.0007E+02  5.0746E+01 -2.1093E+02
0000932   3.2416E+02  8.8525E+01 -1.3445E+02
0000933   1.6455E+02 -7.0270E+01 -1.1335E+01
0000934   2.6704E+02  1.4372E+02 -1.7491E+01
0000935   2.7601E+02 -3.6042E+02 -3.9887E+02
0000936   3.5514E+02  2.1207E+02  1.8157E+02
0000937   4.4943E+02 -3.0704E+02 -1.3326E+01
0000938   5.4775E+02 -1.6642E+02 -3.2060E+02
0000939   2.8628E+02 -6.1623E+01 -1.2751E+02
0000940   4.0201E+02 -8.5973E+01  3.1269E+01
0000941   4.2523E+02 -2.1486E+02  3.1405E+01
0000942   4.2940E+02  1.5867E+01 -3.3489E+02
0000944   2.7021E+02 -8.9198E+01 -9.2008E+00
0000946   4.4629E+02  1.9817E+02 -1.1784E+02
0000947   4.3780E+02  2.5991E+02  5.8251E+01
0000948   1.9746E+02 -1.5516E+02 -2.0478E+02
0000949   8.0107E+01  9.3469E+01  2.2502E+02
0000950   3.6612E+02 -1.3094E+01 -6.8567E+01
0000951   5.1683E+02 -3.8984E+01  3.9042E+00
0000952   2.6537E+02  2.4731E+02 -1.3881E+02
0000953   1.6074E+02  1.1436E+01  7.5534E+01
0000954   2.9528E+02 -3.4049E+02 -2.2888E+02
0000955   4.0154E+02 -1.0664E+02  3.1906E+02
0000956   4.8543E+02  5.5140E+01  1.2680E+02
0000957   5.5040E+02  1.9070E+02 -1.6387E+02
0000958   4.6977E+02  1.8139E+02  1.8218E+02
0000959   3.4062E+02  5.5916E+01 -6.3401E+01
0000960   3.6220E+02 -4.3877E+00  1.7755E+01
0000961   2.5548E+02 -3.7341E+01  2.2640E+02
0000962   1.6355E+02  1.0679E+01  4.3510E+01
0000963   1.2160E+02  8.1851E+01 -3.1948E+02
0000964   2.8042E+02 -5.8802E+01  7.9208E+01
0000965   1.3678E+02 -3.2626E+02 -1.7303E+02
0000966   1.9111E+02 -5.4223E+01  2.9973E+01
0000967   3.5890E+02  5.3928E+00  1.4343E+02
0000968   3.4941E+02  8.7074E+01  1.4491E+02
0000969   3.1286E+02 -1.8801E+02  1.9002E+02
0000970   1.7668E+01  1.3805E+02 -1.4925E+02
0000971   3.8169E+02 -4.0515E+01 -2.6190E+01
0000973   2.1856E+02  8.6754E+01 -1.1470E+02
0000974   4.0184E+02  7.9863E+01 -1.2653E+02
0000975   2.4585E+02 -7.3972E+00 -2.2598E+01
0000976   5.1581E+02 -1.1363E+02 -2.4954E+02
0000977   3.7561E+01 -8.9804E+01  3.9794E+01
0000978   5.5415E+02  3.1695E+01 -1.3704E+02
0000979   4.4518E+02 -3.0864E+02 -1.4400E+02
0000980   3.6084E+02 -4.6517E+01  2.9538E+02
0000981   1.6318E+02 -2.4025E+01 -7.6666E+01
0000982   9.6751E+01 -2.1515E+01  6.5003E+01
0000983   4.6040E+02 -9.1581E+01 -7.1609E+01
0000984   4.1214E+02 -2.8242E+02 -4.2328E+01
0000985   4.2349E+02  1.1140E+02 -5.5723E+01
0000986   1.7224E+02 -2.7608E+01 -1.3230E+02
0000987   2.9419E+02 -7.3251E+01  1.9502E+02
0000988   3.3386E+02  2.3808E+01  1.7147E+02
0000989   2.7108E+02 -4.9972E+01  1.7862E+02
0000990   2.7464E+02  1.2471E+02  1.3092E+01
0000992   4.2119E+02 -1.1167E+02  1.7339E+02
0000993   5.5856E+02  2.8799E+02 -1.4914E+02
0000994   3.4232E+02  6.7510E+01  1.5560E+02
0000995   1.1612E+02 -2.3535E+01 -1.5558E+02
0000996   3.5276E+02 -4.0096E+01 -1.4636E+02
0000997   3.8147E+02 -3.7918E+00  1.0648E+02
0000998   2.3603E+02 -9.8043E+01 -2.7684E+02
0000999   6.5103E+02 -1.0080E+01  3.6006E+01
0001000   1.7221E+02  5.8808E-01 -2.3362E+02
