============================== SRIM-2013.00 ==============================
==============================================================================
====== SRIM Outputs\RANGE_3D.txt : File of Final Ion Positions =====

Ion =  F (09)   Ion Mass= 018.9984
Energy  = 3000000.E-05 keV
Ion Angle to Surface = 00.0 degrees
==================== TARGET =======================
  Layer # 1 - None
  Layer # 1 - Bottom Depth=500000.E-01 A
  Layer # 1 - Density =0007.8700 g/cm3
  Layer # 1 -  100 % of Fe
ÍÍÍÍÍÍÍÍÍÍÍÍÍÍÍÍÍÍÍÍÍÍÍÍÍÍÍÍÍÍÍÍÍÍÍÍÍÍÍÍÍÍÍÍÍÍÍÍÍÍÍÍ
                                            
Ion       Depth  X   Lateral Y   Lateral Z  
Number    (Angstrom) (Angstrom)  (Angstrom) 
-------  ----------- ----------- -----------
0000001   1.5279E+02  2.5854E+02  5.5348E+01
0000002   4.8189E+02  3.9563E+02  7.4976E+01
0000003   5.9164E+02 -2.2019E+02  5.5165E+01
0000005   6.3061E+01 -3.8205E+01  3.6000E+01
0000006   1.1964E+02 -1.4157E+02  1.0011E+02
0000007   2.7337E+02  5.1487E+01  1.2396E+02
0000008   2.3587E+02 -1.6422E+02  1.3623E+02
0000009   3.7653E+02 -3.0311E+01 -3.3091E+01
0000010   1.4680E+02  1.3158E+01 -1.6671E+01
0000011   4.0803E+02 -3.9446E+02 -1.8083E+02
0000012   6.3725E+02 -7.4703E+01  2.9043E+02
0000013   4.3421E+02 -3.1208E+02  1.4247E+02
0000014   4.7411E+02  4.1044E+01  2.3778E+02
0000015   3.2868E+02  1.1161E+02  4.7699E+01
0000016   4.9130E+02 -1.7116E+02 -3.1464E+01
0000017   2.0875E+02 -2.8124E+02  5.4737E+01
0000018   2.6649E+02 -1.1521E+01 -1.1716E+02
0000019   1.9444E+02 -2.8324E+01 -1.2576E+02
0000020   4.3102E+02 -6.4546E+01 -1.3475E+02
0000021   3.5288E+02  7.8307E+01 -1.0634E+02
0000022   4.4773E+02 -1.4226E+02  1.2861E+02
0000023   7.5925E+01 -1.3058E+02  8.1179E+01
0000024   5.3900E+02  2.8941E+01  2.7091E+02
0000025   1.5077E+02  5.0170E+01  1.5809E+02
0000026   4.0404E+02  1.1071E+02  1.9992E+02
0000027   4.6796E+02 -2.2399E+02 -6.0824E+01
0000028   3.5954E+02  1.2014E+02 -9.0202E+01
0000029   4.6227E+02  2.0235E+02  2.7825E+02
0000030   3.5922E+02  5.3952E+01  1.1678E+02
0000031   2.6917E+02 -5.2244E+01 -2.6956E+02
0000033   8.5028E+01  1.9197E+01 -2.7248E+01
0000034   3.0861E+02 -7.2013E+01  3.6700E+02
0000035   8.1792E+02  1.1850E+02 -2.5710E+02
0000037   8.8402E+01  3.9102E+02  1.1991E+01
0000038   3.7549E+02 -3.3220E+02  1.3661E+02
0000039   2.6825E+02  4.4933E+01  1.4148E+02
0000040   4.0455E+02  2.9586E+01  1.1640E+02
0000041   2.6824E+02  1.7406E+02 -1.1405E+01
0000042   2.0231E+01  1.7816E+01  8.2108E+01
0000043   4.4736E+02 -3.8197E+02 -1.2418E+02
0000044   5.1089E+02  4.2251E+02 -3.1967E+01
0000045   4.4884E+02 -4.7462E+00 -3.1037E+01
0000046   1.9461E+02 -1.9324E+02 -1.9407E+02
0000047   2.4235E+02  1.1781E+02  3.1705E+02
0000048   2.0470E+02  1.5726E+02 -1.1882E+02
0000049   3.9397E+02 -1.4486E+02 -2.4382E+02
0000050   1.3761E+02 -3.0246E+01  9.3818E+01
0000051   3.5845E+02  1.6135E+02  1.2051E+02
0000052   2.5033E+02  2.0332E+02  1.1796E+02
0000053   3.1576E+02 -1.5865E+02  1.7637E+02
0000054   1.5572E+02 -1.8200E+02  2.0118E+02
0000055   4.6383E+02  1.4637E+02  1.2394E+02
0000056   2.1095E+02  8.6568E+01 -2.0753E+02
0000057   1.7597E+02 -1.0625E+02  2.5273E+02
0000058   2.6801E+02 -1.2417E+02  1.5659E+01
0000059   3.6519E+02 -1.3254E+02 -1.8365E+02
0000060   1.7910E+02  1.4957E+02 -2.7137E+02
0000061   6.5613E+02  3.7087E+02  9.5834E+01
0000063   5.3700E+02  9.0107E+01 -3.5109E+02
0000064   4.1169E+02 -1.7812E+02 -1.7007E+02
0000065   2.1571E+02  2.0847E+02 -3.0647E+02
0000066   5.4567E+02 -2.1975E+02 -5.0509E+01
0000067   5.0448E+02 -4.3006E+01  1.1657E+01
0000068   2.3257E+02  1.4176E+02 -2.6389E+02
0000069   4.7943E+02 -1.7227E+02 -2.8884E+02
0000070   3.3820E+02 -7.5013E+01 -1.9198E+02
0000071   2.0519E+02 -3.5350E+02 -3.9315E+02
0000072   3.6692E+02  7.5866E+01  7.7212E+01
0000073   2.5558E+02  2.5191E+02  1.8118E+02
0000074   1.5750E+02  1.4467E+02  5.0220E+01
0000075   3.0368E+02 -2.2943E+02 -2.9935E+01
0000076   3.3839E+02  5.0989E+01 -2.0798E+02
0000077   3.0265E+02  1.9335E+02  1.0600E+02
0000078   4.4988E+02 -4.6446E+01 -8.6766E+01
0000079   2.4999E+02  2.8973E+02 -1.7511E-01
0000080   3.0019E+02  9.2868E+01 -3.1249E+02
0000081   5.5786E+02 -1.1163E+02 -2.6425E+02
0000082   4.7453E+02  1.7675E+02 -8.3490E+01
0000083   1.1589E+02  1.1175E+02 -3.4761E+01
0000084   1.3154E+02 -4.6488E+00  8.6694E+00
0000085   5.0882E+02 -3.0329E+01 -1.2432E+02
0000086   6.1148E+02 -2.5899E+01  1.1199E+02
0000087   3.2734E+02 -2.5771E+02 -9.5191E+01
0000088   6.9814E+01  4.8006E+00  2.9644E+01
0000089   5.2802E+02  2.4085E+02  1.0397E+02
0000090   1.8016E+02  1.2912E+02  2.8312E+01
0000091   4.6205E+02 -1.7603E+02 -4.5075E+01
0000092   3.3359E+02  2.1430E+02  2.3634E+02
0000093   4.0172E+02 -2.3934E+02 -7.7202E+01
0000094   3.6247E+02  6.2005E+01  1.1873E+02
0000096   2.2855E+02 -6.4284E+01  1.6029E+02
0000097   3.9133E+02 -1.3059E+02 -2.8301E+02
0000098   2.5444E+02 -8.2680E+01 -4.5957E+01
0000099   3.7583E+02 -1.9940E+02  2.0888E+01
0000100   3.2349E+02 -2.1411E+02  2.9657E+00
0000101   2.7682E+02 -8.4046E+01  4.4141E+01
0000102   2.1373E+02  3.4257E+02  8.4136E+01
0000103   6.7600E+02 -1.5876E+02 -1.2098E+02
0000104   1.8816E+02  2.8892E+02  1.3724E+02
0000105   5.7565E+02  1.2050E+02 -3.1938E+02
0000106   1.8818E+02  2.8759E+02  1.8654E+02
0000107   2.1761E+02 -1.3268E+02  8.2929E+01
0000108   5.6622E+02  1.3184E+02  1.1414E+02
0000109   1.6353E+02 -9.4520E+01 -1.4407E+01
0000110   2.9993E+02 -5.3449E+02  1.7891E+01
0000111   5.6577E+02  5.7023E+01 -7.3436E+01
0000112   3.9806E+02  7.3442E+01  2.2847E+02
0000113   4.2691E+02 -2.3980E+01 -2.0769E+02
0000114   5.0112E+02  7.1096E+00 -6.4345E+01
0000115   1.8411E+02 -1.2041E+02 -1.7740E+02
0000116   3.3504E+02  1.4901E+02  6.0149E+01
0000117   1.4423E+02 -1.6511E+02  3.6562E+02
0000118   1.1908E+02  2.8993E+02 -1.3686E+02
0000119   3.7300E+02  1.5760E+01  7.8391E+01
0000120   1.3046E+02  1.1238E+02 -1.7890E+02
0000121   1.7659E+01 -1.5577E+01 -5.7158E+01
0000122   5.3097E+02 -2.7328E+02  4.9866E+01
0000123   2.9466E+02  1.0542E+02 -2.3450E+02
0000124   3.4828E+02 -8.6344E+01  2.0558E+02
0000126   3.1003E+02 -2.4838E+02  1.7461E+02
0000127   1.7569E+02 -8.3781E+01 -1.0844E+02
0000128   2.0879E+02 -1.7561E+01  1.1855E+02
0000129   5.0910E+02  2.3293E+02  1.9932E+02
0000130   3.3973E+02 -1.8563E+01 -6.6724E+01
0000131   3.5554E+02  2.4865E+01  2.0591E+02
0000132   3.8733E+02 -2.4174E+02  1.8379E+02
0000134   1.3221E+02  1.9143E+02  3.2976E+02
0000135   2.6074E+02 -8.9645E+01  1.9767E+02
0000136   2.2885E+02  7.1080E+01  8.8749E+01
0000137   5.0202E+01  2.4204E+02  6.7921E+01
0000138   2.9616E+02  4.8936E+01 -2.4208E+01
0000139   1.5864E+02  1.2906E+01 -1.7983E+02
0000140   2.6332E+02  2.2372E+01 -2.5441E+01
0000141   1.6218E+02  8.4520E+01 -6.6025E+00
0000142   4.0201E+02  1.9479E+02  1.4151E+02
0000143   1.2633E+02 -1.9615E+02 -1.4203E+02
0000144   4.0491E+02 -1.5695E+02  8.1963E+01
0000145   2.2324E+02  9.4305E+00  5.6228E+01
0000146   3.4020E+02 -4.3148E+02  1.2775E+01
0000147   8.5246E+01  4.3958E+01  2.7733E+02
0000148   6.1651E+02  8.2831E+01 -1.4158E+02
0000149   2.2954E+02 -7.8505E+01  6.4256E+01
0000150   2.6356E+01 -4.7947E+01  3.3784E+01
0000151   4.2173E+01 -1.0690E+02 -6.2502E+01
0000152   1.7954E+02  2.5197E+02 -7.5021E+01
0000153   3.5939E+02 -1.9075E+02  7.7398E+01
0000154   2.8493E+01  2.7329E+02  1.2606E+02
0000155   2.7546E+01  1.3887E+02 -5.5405E+01
0000156   1.7280E+02  2.2319E+02 -8.5668E+01
0000157   2.6743E+02 -7.0760E+01 -3.1038E+01
0000158   3.3768E+02 -1.6041E+02 -1.4080E+02
0000159   1.3749E+02 -8.7934E+01  9.8412E+01
0000160   3.7135E+02 -8.6579E+01  2.1627E+02
0000161   2.9021E+02 -1.6212E+02 -1.7877E+01
0000162   1.9991E+02  1.3970E+02 -2.2608E+01
0000163   2.3460E+02 -8.7716E+01 -9.2307E+01
0000164   5.9171E+02 -1.5927E+02  1.5030E+02
0000165   1.5489E+02  4.3456E+02  3.3400E+01
0000166   4.0901E+02 -2.0813E+01  3.7009E+01
0000167   4.5449E+02  1.9425E+01 -1.5862E+02
0000168   2.6677E+02 -1.0233E+02 -1.1846E+02
0000169   6.8555E+02 -1.3596E+02  2.6077E+02
0000170   4.8701E+02 -2.9695E+02  3.0852E+00
0000171   3.9636E+02  7.2653E+01 -2.8361E+00
0000172   1.2037E+02  1.3734E+02 -2.2056E+02
0000173   8.0831E+01  2.2109E+02  8.4416E+01
0000174   8.5162E+01 -7.3886E+01  1.0658E+02
0000175   2.5096E+02 -1.3572E+02 -1.9980E+01
0000176   4.7219E+02  5.4590E+01  2.8332E+02
0000177   2.3117E+02 -2.1161E+02 -1.4639E+02
0000178   3.8762E+02  5.5187E+01  4.2286E+02
0000179   7.4401E+01 -1.0170E+00 -3.7666E+01
0000180   3.7092E+01  1.1799E+01  4.6372E+01
0000181   4.8703E+02  1.0385E+02  6.6459E+01
0000182   1.3171E+02 -5.4754E+01  7.9453E+01
0000183   4.5299E+02 -1.7366E+02 -9.5473E+01
0000184   4.1903E+02  1.7958E+02 -3.8818E+01
0000185   7.5211E+01 -1.2168E+01 -2.5023E+02
0000186   5.8593E+02 -2.0317E+02 -3.2850E+02
0000187   3.1445E+02  1.1750E+02 -2.8640E+02
0000188   8.1619E+01 -9.4462E+00  2.0797E+02
0000189   1.3549E+02  8.1409E+01  5.6095E+01
0000190   2.5746E+02  3.5944E+02  1.8016E+01
0000191   1.5223E+02 -2.7297E+01  3.4534E+01
0000192   4.7484E+02 -5.5302E+01  2.2010E+01
0000193   4.1235E+02  1.1571E+02  2.2458E+02
0000194   2.0185E+02  2.8629E+02 -1.5019E+01
0000195   1.8891E+02 -1.0177E+01  1.7001E+02
0000196   4.0211E+02  9.3850E+01 -1.4107E+02
0000197   2.4663E+02  1.7415E+02  1.1339E+02
0000198   3.6950E+02  7.5736E+01  1.2879E+02
0000199   5.0837E+02 -2.2053E+02  9.8588E+01
0000200   2.6311E+02  1.9861E+02 -1.2141E+02
0000201   2.1504E+02  1.7945E+02  1.6157E+02
0000202   6.1667E+01 -1.0418E+02  9.1185E+01
0000203   3.2609E+02  2.6514E+02  3.9300E+01
0000205   1.6454E+02 -1.1374E+02 -4.0211E+01
0000206   2.4070E+02  1.2578E+02  1.3868E+02
0000207   2.8677E+02  1.8714E+02  1.4562E+02
0000208   4.5844E+02 -4.6468E+01 -1.8253E+02
0000209   3.3336E+02 -6.0520E+01  2.1959E+02
0000210   5.4447E+02  5.0112E+01  1.2121E+01
0000211   2.2028E+02  8.9978E+01  4.3880E+02
0000212   2.1718E+02  2.4450E+01 -4.5295E+02
0000213   1.8807E+02  1.4201E+02 -1.0695E+02
0000214   2.4225E+02 -1.9257E+02 -8.2380E+01
0000216   4.5153E+02 -5.1798E+01  3.8274E+02
0000217   4.5566E+02  2.7794E+02  1.0902E+01
0000218   1.3428E+02  1.2829E+02 -1.0850E+02
0000219   2.4425E+02 -2.0623E+02  6.5060E+01
0000220   3.5528E+02  2.3790E+02  1.8209E+02
0000221   5.0151E+01 -3.2298E+02  7.0206E+00
0000222   2.7158E+02 -2.8304E+00 -7.1342E+01
0000223   4.9572E+02  2.3107E+02 -4.2448E+01
0000224   2.9306E+02  3.8415E+01  1.6047E+02
0000225   3.6181E+02 -5.2975E+01 -1.9866E+02
0000226   5.2796E+01  2.9093E+02 -3.7734E+00
0000227   1.5789E+02  3.1538E+02 -4.1708E+02
0000228   1.8861E+02 -1.2787E+02 -5.1126E+01
0000229   3.9812E+02 -1.2158E+02 -2.0225E+02
0000230   4.4406E+02  2.1192E+02 -1.1881E+02
0000231   1.7561E+02 -1.5063E+02 -3.7274E+01
0000232   5.5912E+02  3.3817E+02  2.6190E+02
0000233   5.3516E+02  3.9260E+01 -1.5134E+02
0000234   1.7838E+02 -4.9129E+01 -4.9645E+01
0000235   5.4007E+02 -3.5263E+01 -9.5317E+01
0000236   3.2013E+02  1.0601E+02  2.1977E+01
0000237   2.0286E+02  3.2205E+00  1.8615E+01
0000238   4.8734E+02  1.3629E+02  1.8048E+02
0000239   4.0270E+02  1.4806E+02  4.1761E+01
0000240   3.3740E+02 -1.8543E+02  2.5869E+02
0000241   4.8509E+02  1.6493E+02  1.7051E+02
0000242   1.6506E+02  4.5983E+01  8.0375E+01
0000243   3.5210E+02  5.9562E+01 -6.6740E+01
0000244   2.8880E+02  1.1529E+02  8.2886E+01
0000245   3.0630E+02 -3.4242E+02  6.5981E+01
0000246   1.9106E+02 -2.3146E+01  1.3355E+02
0000247   2.2015E+02  1.5889E+02  3.5349E+02
0000248   2.7160E+02 -1.4299E+02 -7.3876E+01
0000249   4.9032E+02  1.0858E+02 -1.2886E+02
0000250   3.9336E+02 -8.6890E+01 -8.9387E+01
0000251   4.4678E+02  6.9589E+00 -9.0262E+01
0000252   3.2091E+02  1.0885E+02  1.6529E+02
0000253   2.6590E+02 -4.3590E+02  1.4428E+02
0000254   3.8141E+01 -1.1020E+02 -8.6536E+01
0000255   2.3087E+02  2.7137E+01 -2.3508E+02
0000256   5.1432E+02 -2.2289E+01  1.4849E+02
0000257   4.4450E+02  1.0257E+02  2.1959E+01
0000258   2.2701E+02  1.7947E+02  6.9075E+01
0000259   4.3532E+02 -1.4220E+02 -3.4692E+02
0000260   4.2905E+01  8.6524E+01  1.0079E+02
0000262   1.8415E+02 -2.3008E+02 -2.3363E+02
0000263   3.2807E+02  1.9258E+02 -3.8431E+01
0000264   2.3024E+02  1.2882E+02 -7.5757E+01
0000265   5.0114E+02  2.3917E+02  6.1312E+01
0000266   3.6501E+02  1.8838E+02  7.4884E+01
0000267   2.5671E+01 -4.1173E+01 -5.3362E+02
0000268   3.0011E+02  8.1211E+01 -7.1164E+01
0000270   6.7214E+02  2.9427E+02 -2.9337E+02
0000271   3.3106E+02  1.5053E+02  3.7366E+00
0000272   5.0774E+02 -3.2118E+02  1.8185E+01
0000273   3.4072E+02  2.8089E+02 -2.2834E+02
0000274   4.7821E+02  1.0768E+02 -7.4949E+00
0000275   5.3319E+02  1.7357E+02  1.4338E+02
0000276   4.1952E+02  2.0007E+01 -2.8360E+02
0000277   4.8863E+02  7.9767E+01  4.8796E+01
0000278   5.0102E+02  2.1501E+02 -4.8093E+02
0000279   4.9446E+02  5.9090E+01 -1.1217E+02
0000280   2.1923E+02  1.3450E+01  1.4673E+02
0000281   1.1463E+02  9.5305E+01  4.1329E+01
0000282   2.5224E+02 -1.1267E+02 -1.9341E+01
0000283   2.7979E+02  1.0463E+02 -1.3825E+01
0000284   2.1412E+02  9.1049E+01  2.8362E+02
0000285   2.5224E+02  2.2631E+02  2.0332E+02
0000286   3.2280E+02  1.5016E+02 -6.2690E+01
0000287   4.1265E+02 -7.0907E+00 -2.3838E+01
0000289   4.3737E+01  1.1946E+02 -2.4042E+02
0000290   2.4857E+02 -7.4164E+01 -1.0186E+02
0000291   2.7214E+02  2.5216E+02 -2.0099E+02
0000292   3.5957E+02  7.1802E+01  1.6626E+02
0000293   4.4858E+02  8.4476E+01  1.8150E+02
0000294   4.8098E+02 -1.4106E+02  2.2983E+02
0000296   4.1537E+02 -1.0577E+02  5.5274E+01
0000297   1.6077E+02  1.3196E+02 -1.7316E+02
0000298   1.9143E+02 -1.6834E+02  2.7382E+02
0000299   2.1531E+02  1.5606E+02 -4.1254E+02
0000300   9.7234E+01  1.1735E+02 -3.4942E+01
0000301   3.8197E+01  2.0129E+01  2.6750E+01
0000302   3.5319E+02 -1.2349E+02  7.1761E+01
0000303   1.8410E+02  1.0071E+02  8.1426E+01
0000304   3.3964E+02  2.7090E+01  3.5894E+01
0000305   2.2033E+02  2.0981E+01  3.8818E+01
0000306   5.3994E+02 -1.5986E+02  2.7176E+01
0000307   3.7865E+02  2.1568E+02 -8.5147E+01
0000308   1.3880E+02 -2.0791E+02  6.2903E+01
0000309   3.6992E+02 -1.4171E+02 -7.3673E+01
0000310   3.3376E+02  1.8332E+02  3.6932E+01
0000311   3.6737E+02 -1.1793E+02  3.1438E+01
0000312   2.5161E+02  3.7060E+02  2.8799E+02
0000313   3.7211E+02  1.6579E+02  3.4646E+02
0000314   5.4760E+02  4.0234E+02 -3.6300E+01
0000315   2.9916E+02 -1.1798E+02 -1.2459E+02
0000316   3.2274E+02 -1.4827E+02 -1.3630E+02
0000317   4.0962E+02  2.0497E+01  1.4591E+01
0000318   3.8636E+02 -1.0784E+02 -1.8532E+01
0000319   2.8720E+02  2.2434E+02 -1.1344E+02
0000320   4.4407E+02  2.8329E+02  5.7894E+01
0000321   1.3551E+02  6.4619E+00 -1.3509E+01
0000322   4.8474E+02 -9.5920E+01 -5.0756E+01
0000323   3.1537E+02 -4.7107E+01  7.4814E+01
0000324   5.5373E+02  1.9213E+02  1.2092E+02
0000325   1.3721E+02  9.6885E+01 -3.1377E+02
0000326   3.2581E+02 -3.3735E+02  9.1897E+01
0000327   2.1113E+02  3.2341E+02  1.2641E+02
0000328   4.8246E+02  5.2039E+01 -2.3836E+02
0000329   5.4127E+02  3.7382E+01  1.6754E+02
0000330   3.9174E+02 -1.9293E+02 -1.9232E+01
0000331   2.6061E+02  7.2232E+00  2.9650E+02
0000332   3.5027E+02  3.2003E+02  8.6367E+01
0000333   3.5691E+02 -8.0432E+01 -2.0550E+02
0000334   6.0180E+02  1.2651E+02 -2.3544E+02
0000335   5.9251E+01  1.0710E+02 -3.3145E+01
0000336   3.8198E+02  6.8514E+01 -7.1211E+01
0000337   4.4752E+02  1.1640E+02 -1.7867E+01
0000338   2.7134E+02  1.7263E+02  1.6863E+02
0000339   4.8923E+02 -1.7607E+02 -1.6524E+02
0000340   1.1244E+02 -3.6972E+02  1.2032E+02
0000341   1.4065E+02  1.1179E+01  1.3594E+01
0000342   5.7133E+02 -1.0190E+02  1.1781E+02
0000343   1.5939E+02 -1.2744E+02 -2.0815E+02
0000344   1.9726E+02  1.0327E+02 -8.1413E+01
0000345   4.1590E+02 -2.6816E+02  1.6271E+02
0000346   3.2215E+02 -9.0621E+01  4.7174E+01
0000347   6.8290E+02 -2.4257E+02  1.3436E+02
0000348   3.4444E+02  2.6478E+02  2.7352E+02
0000349   1.5721E+02 -1.7404E+02  1.2256E+02
0000350   3.3598E+02 -4.0058E+02  1.4000E+02
0000351   2.4311E+02  4.5956E+01 -5.0985E+00
0000352   4.6024E+02  2.1741E+01 -2.4981E+01
0000353   2.4449E+02  1.4620E+02  6.0529E+01
0000354   1.6643E+02 -2.2741E+02 -7.0699E+01
0000355   1.8388E+02  1.2310E+02  2.0283E+02
0000356   2.1523E+02  6.8590E+00  2.2770E+01
0000357   3.4015E+02  2.1474E+02 -4.7801E-02
0000358   6.5692E+01 -1.3122E+01 -2.9629E+01
0000359   4.7324E+02 -9.6184E+01  1.3564E+02
0000360   1.1057E+02 -1.6309E+02  6.9689E+01
0000361   2.3870E+02  1.5117E+02 -6.9812E+01
0000362   4.5880E+02 -3.5063E+02  3.3329E+02
0000364   3.4184E+02 -1.3933E+02 -2.1125E+02
0000365   2.4607E+02 -7.3316E+01 -4.8720E+01
0000367   1.0984E+02 -9.7639E+01 -7.9494E+01
0000368   2.0309E+02  1.0699E+02 -4.0854E+01
0000369   4.0440E+02  2.1130E+02  6.4144E+01
0000370   3.6158E+02 -2.1181E+02 -2.3365E+02
0000371   1.7461E+02  1.1511E+02 -8.6523E+01
0000372   3.1645E+02  3.5908E+01 -2.5716E+01
0000373   1.5424E+02 -1.8901E+02 -3.7938E+01
0000374   4.0637E+02  1.6909E+02 -3.7730E+02
0000376   1.5077E+02 -3.9597E+02 -1.9787E+02
0000377   1.6499E+02  1.4163E+02 -1.2725E+02
0000378   4.2390E+02 -1.1509E+02  4.2749E+01
0000379   4.6477E+02  5.0640E+01  1.2454E+02
0000380   4.1544E+01 -1.2155E+01 -9.5839E+01
0000381   7.5895E+02  2.3898E+02  3.7047E+02
0000382   5.0521E+02 -1.0646E+02  8.0348E+01
0000383   3.7484E+02 -2.3623E+02 -1.4071E+01
0000384   4.9733E+02  1.2191E+02 -4.9625E+01
0000385   2.6045E+02  2.3650E+01 -5.2665E+01
0000386   6.3398E+02 -2.3221E+02  4.2316E+01
0000387   3.5347E+02  9.2887E+01  1.7789E+02
0000388   5.5561E+02 -1.8091E+02  1.0329E+02
0000389   5.5509E+01 -2.6551E+02 -4.2888E+02
0000390   2.7916E+02 -1.1946E+02  4.1779E+02
0000392   4.2667E+02 -5.6399E+00 -4.3881E+01
0000393   4.0488E+01  1.6216E+01 -4.1164E+01
0000394   3.2937E+02 -2.0540E+02 -8.8225E+01
0000396   4.8705E+02  1.2307E+02 -5.5314E+01
0000397   4.3238E+02  1.9991E+02  3.3246E+01
0000398   3.0591E+02  3.2196E+02 -1.0951E+02
0000399   3.6126E+02 -5.3522E+01 -2.4349E+02
0000400   4.3193E+02  3.7803E+01  6.8053E+01
0000401   1.7838E+02 -1.4613E+02 -9.0694E+01
0000402   5.7132E+02 -9.0781E+01  2.9492E+02
0000403   1.5222E+02  3.5323E+01 -7.6883E+01
0000404   5.5782E+01 -2.0675E+02 -3.6297E+01
0000405   3.4084E+02  6.3213E+01 -1.5187E+02
0000406   2.0173E+02  1.3595E+01  1.5502E+02
0000407   1.3654E+02  2.3771E+02 -7.5842E+01
0000408   4.1076E+02  1.3688E+02  2.3913E+02
0000409   7.3116E+02 -6.7595E+01 -1.1540E+02
0000410   5.2245E+02  4.7703E+01 -5.5611E+01
0000411   4.2201E+01 -5.4650E+01 -5.1187E+01
0000412   2.1554E+02 -1.5029E+02 -1.2891E+01
0000413   1.6470E+02  1.9834E+02  7.5888E+01
0000414   2.6636E+02 -2.1009E+02 -4.5439E+02
0000415   4.5965E+02  8.8892E+01 -1.0510E+02
0000416   1.6922E+02 -8.8260E+01  5.9524E+01
0000417   2.5509E+02  8.8224E+01 -3.1829E+02
0000418   7.8794E+01 -4.6017E+01  1.1742E+02
0000419   8.3498E+01 -7.5851E+01 -1.4744E+01
0000420   2.9349E+02  6.3651E+01  2.1657E+01
0000421   1.4169E+02  4.9933E+01 -6.8692E+01
0000423   9.5306E+01  1.1456E+02  1.6495E+02
0000424   5.2023E+02 -1.4990E+02 -1.0249E+02
0000425   3.0335E+02  2.5528E+02 -9.5231E+01
0000426   2.6215E+02  1.0470E+02  1.6703E+01
0000427   2.0492E+01 -3.1174E+02  2.4639E+02
0000428   2.4138E+02  3.1381E+02 -2.5511E+02
0000429   3.1972E+02  3.1445E+01 -1.4982E+02
0000430   2.9538E+02  7.2730E+00 -1.5696E+02
0000431   3.0072E+02  3.4907E+01  7.2785E+01
0000432   4.8080E+02  3.2474E+02 -3.0416E+01
0000433   1.7490E+02  2.8838E+01  2.2374E+02
0000434   4.1048E+02 -9.4013E+00  1.3330E+02
0000435   5.3136E+02  7.2887E+01 -1.0784E+02
0000436   5.3835E+02  6.8222E+01 -8.9355E+01
0000438   1.8112E+02  1.9085E+02 -1.4886E+02
0000439   7.2428E+02  1.2021E+02 -3.3459E+02
0000440   2.9719E+02 -1.6724E+02 -1.6457E+02
0000441   1.2861E+02 -6.1884E+01  1.4679E+01
0000442   4.1645E+02  8.3436E+01 -8.7739E+01
0000443   1.8656E+02 -3.2524E+02 -2.8861E+01
0000444   2.3561E+02 -2.0073E+01  1.0391E+01
0000445   3.0175E+01  1.2173E+01  5.8470E+01
0000446   5.3377E+02 -2.5679E+01  8.1696E+01
0000447   3.5501E+01 -1.0336E+02  7.6211E+01
0000448   2.5400E+02  1.3959E+02  1.3104E+02
0000449   6.1942E+02  1.1876E+02  1.3545E+01
0000450   1.7832E+02  3.3139E+01 -1.2732E+02
0000451   8.3436E+01 -2.4155E+02  5.5246E+01
0000452   2.2958E+02  1.6753E+02  5.9442E+01
0000453   5.1381E+02  7.7492E+01 -2.5196E+02
0000454   9.9967E+01  1.9632E+02  1.4194E+02
0000455   5.0875E+02  5.2264E+01 -1.9708E+02
0000456   6.4629E+02 -2.5282E+01  1.4681E+02
0000457   1.4303E+02  5.4310E+01 -3.1996E+02
0000458   3.7995E+02 -2.9919E+01  5.0418E+01
0000459   4.5203E+02  7.0873E+01  1.9937E+02
0000460   2.9677E+02 -3.2312E+02 -1.0570E+02
0000461   3.7895E+02  7.4076E+01 -3.5017E+02
0000462   4.1742E+02 -2.7887E+01 -1.3508E+02
0000463   3.2249E+02 -1.5146E+02 -3.3502E+01
0000464   1.0826E+02 -1.9251E+00 -1.6475E+02
0000465   1.4964E+02 -2.1457E+01 -9.3773E+01
0000466   2.6648E+02 -4.7808E+02  5.1009E+01
0000467   2.1387E+02 -2.7318E+02 -7.7414E+01
0000468   5.6477E+01 -2.0217E+02  1.6968E+02
0000469   5.3419E+02  5.5083E+01  1.6462E+02
0000470   3.4832E+02  2.8375E+02  4.2450E+00
0000471   1.7575E+02  4.4096E+01  9.5681E+01
0000472   1.3748E+02 -1.0339E+02  9.0249E+01
0000473   2.9816E+02  1.4090E+01  1.9334E+02
0000474   4.9322E+02  2.1380E+02  1.5708E+02
0000475   1.3981E+02 -1.0755E+02  1.9815E+02
0000476   5.3991E+02  2.2339E+01 -1.4474E+02
0000478   4.3090E+02 -6.2073E+01  4.0272E+02
0000479   2.7256E+02  5.9926E+01 -2.3101E+02
0000480   7.2089E+02  1.6600E+02 -1.3423E+02
0000481   2.6735E+02 -1.0659E+02 -7.7448E+01
0000482   6.1698E+01 -9.6135E+01  3.2179E+02
0000483   3.0169E+02 -4.2195E+01  2.1721E+02
0000485   1.3250E+02 -2.2804E+02  4.8549E+01
0000486   9.8833E+01 -1.2246E+02  5.1625E+00
0000487   3.3378E+02  6.3878E+01 -5.6750E+01
0000488   4.5165E+02  2.2939E+02 -2.3514E+02
0000489   3.1564E+02 -3.0756E+02  2.6233E+02
0000490   1.8003E+02 -4.8439E+01 -3.7405E+02
0000491   3.7540E+02  2.4511E+02  1.6119E+02
0000492   6.8530E+02  1.2226E+02  1.3277E+02
0000493   4.2432E+02  2.0992E+02  3.6061E+02
0000494   1.0101E+02 -1.7997E+02 -5.1222E+01
0000495   2.8365E+01 -7.4263E+01 -1.9068E+02
0000496   4.4115E+02 -4.1132E+02 -7.8783E+01
0000497   2.0991E+02 -5.3910E+01 -8.2250E+01
0000498   5.1446E+02 -4.6858E+01 -1.8897E+02
0000499   4.8258E+02  2.9030E+02  1.0979E+02
0000500   2.9427E+02  2.6970E+02  2.5929E+02
0000501   1.5983E+02 -3.9059E+01  6.2852E+01
0000502   6.2315E+02  4.8170E+01  1.2552E+02
0000503   2.1755E+02  6.6442E+01  1.4434E+02
0000504   1.8078E+02 -7.6574E+01  2.1427E+02
0000505   4.1900E+02  3.5514E+01 -2.1710E+02
0000506   3.7817E+02 -5.9469E+01 -1.6952E+02
0000507   2.3294E+02  8.1658E+01 -1.7316E+02
0000508   3.4682E+02 -4.7033E+01 -1.2081E+02
0000509   6.0302E+02 -2.8325E+02  9.7477E+01
0000511   4.4437E+02 -1.1469E+02 -3.3661E+02
0000512   3.2357E+02  3.4715E+01  4.3602E+01
0000513   4.7596E+02  8.9294E+00 -1.0691E+02
0000514   1.9350E+02  5.1799E+00  5.9199E+01
0000515   4.7599E+02 -1.0693E+02  2.8507E+02
0000516   2.9808E+02  3.8499E+02  1.6235E+02
0000517   9.7860E+01 -2.0125E+01 -1.1295E+02
0000519   4.2485E+02  8.5413E+01 -4.9911E+02
0000521   4.7374E+02  1.5974E+01 -7.1620E+01
0000522   3.4797E+02 -1.5036E+01  2.0241E+02
0000523   4.7668E+02  1.4085E+02  1.3738E+02
0000524   3.9340E+02 -1.3870E+02  2.2046E+02
0000525   3.7706E+02 -2.2221E+02  1.6014E+02
0000526   9.9232E+01 -2.4536E+02  5.8963E+01
0000527   5.3647E+02  9.1727E+01 -2.0265E+02
0000528   3.2359E+02 -2.8764E+01 -9.2037E+01
0000529   2.4191E+02  1.4759E+02 -9.4068E+01
0000530   3.1393E+02  2.3844E+01 -1.9321E+00
0000531   8.2569E+01  1.9097E+01  9.4085E+01
0000532   2.7103E+02  1.0490E+02 -4.6942E+01
0000533   1.2880E+02  1.2209E+01 -1.0007E+02
0000534   2.5293E+02  7.5786E+01 -9.4673E+01
0000535   1.3712E+02  1.8650E+02  4.1800E+01
0000536   2.0056E+02  1.3964E+01  1.6157E+02
0000537   5.1399E+02  1.7225E+02 -1.5343E+02
0000538   4.0915E+02 -1.0826E+02 -1.8476E+02
0000539   2.0868E+02  2.2788E+02  6.5172E+01
0000540   1.8770E+02  1.9544E+02 -1.9487E+01
0000541   3.2191E+02 -1.6382E+02 -4.5765E+01
0000542   5.9262E+02  1.3466E+02 -2.6464E+00
0000543   1.5110E+01  1.0424E+02 -2.6650E+02
0000544   4.1825E+02 -1.9011E+02 -6.6803E+01
0000545   5.5851E+02  3.5940E+02 -2.5282E+02
0000546   3.7647E+02  7.7242E+01 -9.0562E+01
0000547   1.2010E+02  8.0773E+01 -4.2181E+01
0000548   5.8346E+02 -3.0863E+01  1.0055E+02
0000549   1.6481E+02 -9.2808E+01 -2.1116E+02
0000550   1.2659E+02  5.3953E+01 -1.4645E+02
0000551   1.9102E+02 -1.1171E+02  2.4430E+02
0000552   4.6513E+02 -8.3666E+01  2.0483E+02
0000553   3.6102E+02  4.5158E+00  1.2137E+02
0000554   2.3911E+02  1.6517E+02 -5.0279E+01
0000555   2.5198E+02  2.9831E+01 -6.6023E+01
0000556   5.6141E+02  3.7832E+02  1.8106E+02
0000557   4.7501E+02 -2.2216E+02  5.8059E+01
0000558   3.8641E+02 -1.6233E+02 -1.0407E+02
0000559   7.1205E+02 -2.0976E+01  6.3140E+01
0000560   4.3362E+02 -1.2438E+02  4.5961E+01
0000561   5.9586E+02  8.8668E+00  1.8211E+02
0000562   2.3884E+02  9.7127E+01  1.2781E+02
0000563   3.3111E+02  1.5835E+02  1.8682E+02
0000564   3.5317E+02 -3.5419E+01  5.8006E+01
0000565   2.3798E+02 -2.4882E+02 -1.5524E+02
0000566   3.6492E+02  1.9991E+02  4.0046E+01
0000567   2.4834E+02 -3.3132E+01 -7.8895E+01
0000568   1.1972E+02 -2.8787E+01 -2.5232E+02
0000569   5.8838E+02  1.1742E+02 -4.1900E+01
0000571   3.8945E+02 -1.3300E+02 -1.2190E+02
0000572   1.9976E+02 -1.6435E+01  1.0107E+02
0000573   2.8605E+02  9.6134E+01 -3.6039E+02
0000574   3.5714E+02  1.5314E+02 -1.7019E+02
0000575   8.5909E+01  2.0428E+01 -3.0871E+02
0000576   1.1685E+02  2.8833E+01 -6.5254E+01
0000577   2.1377E+01  1.8661E+02 -4.7262E+01
0000578   1.9257E+02 -3.0617E+02  3.4661E+01
0000579   4.5819E+02 -2.3169E+02 -3.0122E+01
0000580   1.2477E+02  6.4718E+00 -2.0627E+01
0000581   3.0408E+02 -6.4333E+01 -4.8180E+02
0000582   3.3497E+02  1.8156E+00  7.9020E+01
0000583   1.8260E+02  4.1841E+01  3.7745E+02
0000584   2.4002E+02 -5.5971E+01 -2.4433E+02
0000585   5.8222E+02  3.3303E+02  1.9014E+02
0000586   8.8825E+01 -7.9867E+01 -8.2978E+01
0000587   1.8429E+02 -1.5249E+02  1.8970E+02
0000588   1.7233E+02  3.6178E+02 -1.3263E+02
0000589   9.5274E+01  2.5375E+01 -2.4609E+02
0000590   4.9468E+02 -7.6627E+01  6.4696E+01
0000591   5.0211E+02  6.7214E+01 -1.3267E+02
0000592   5.3269E+02  1.9542E+02 -6.5964E+01
0000593   2.0418E+02 -3.4891E+02  4.5650E+02
0000594   3.0633E+02 -7.6780E+01  1.3601E+02
0000595   2.9332E+02  5.1449E+01 -1.7469E+02
0000596   3.7491E+02 -6.1497E+01  9.0403E+01
0000597   1.4478E+02  1.2855E+01  4.3139E+01
0000598   3.1264E+02  1.7904E+02  2.0943E+02
0000599   3.6889E+02  6.7808E+01  5.2256E+01
0000600   2.7010E+02  1.8667E+02  2.6357E+02
0000601   2.5605E+02  1.5213E+02 -3.7022E+01
0000602   1.3415E+01 -1.6979E+02 -1.5085E+01
0000603   5.1351E+02 -4.1959E+02 -8.2212E+01
0000604   2.2192E+02 -3.1473E+01 -2.7238E+00
0000605   1.4470E+02  1.0398E+02 -1.1592E+02
0000606   2.4384E+02 -1.1976E+02  9.6610E+01
0000607   1.4300E+02  2.2023E+02 -1.4905E+01
0000608   2.0562E+02 -5.2078E+01 -5.4791E+01
0000609   2.7917E+02  2.1086E+01 -2.4285E+02
0000610   5.6242E+02 -2.7364E+01 -1.8382E+02
0000611   5.0023E+02  4.2329E+01 -3.5184E+01
0000612   4.6679E+02  2.5543E+01 -3.0129E+02
0000613   2.2084E+02  1.0665E+02 -9.4164E+01
0000614   2.5304E+02  3.7398E+01 -1.7980E+02
0000615   2.1964E+02  2.1143E+01 -2.6611E+02
0000616   2.2472E+02  4.2169E+01 -2.5028E+02
0000617   3.3412E+02 -1.3831E+02 -4.4291E+02
0000618   2.7827E+02 -6.3845E+01 -1.2488E+02
0000619   3.4720E+02 -2.9962E+02 -1.1256E+02
0000620   4.9780E+02 -1.7672E+02  3.7143E+01
0000621   3.8461E+02 -3.0491E+01  2.4942E+02
0000622   4.1299E+02  1.7085E+02 -1.7761E+02
0000623   1.6670E+02  9.9587E+01  8.9337E+00
0000624   3.3006E+02 -2.8403E+02  2.3991E+01
0000625   1.4987E+02 -1.9696E+02  6.7201E+01
0000626   6.7952E+01 -1.5326E+02  1.4223E+02
0000627   5.4507E+02  1.4596E+02  2.0607E+01
0000628   3.2884E+02 -1.3974E+02 -3.3889E+01
0000629   3.5867E+02  6.8729E+01  1.4901E+02
0000630   3.3672E+02  7.3181E+01 -3.4841E+02
0000631   2.4641E+02 -8.3228E+01 -2.2753E+01
0000632   2.2400E+02 -5.4583E+01  1.7470E+01
0000633   2.4897E+02 -1.2898E+01 -1.2652E+02
0000634   4.8798E+02  2.2681E+01 -1.0770E+02
0000635   1.6866E+02 -1.1171E+02 -7.6393E+01
0000636   3.1362E+02 -2.2513E+02 -2.1591E+02
0000637   4.2499E+02 -9.9513E+01  1.7089E+02
0000638   2.0095E+02 -2.1319E+01 -8.7721E+01
0000639   2.1543E+02  1.4201E+02  1.7631E+02
0000640   4.1439E+02 -9.9771E+01 -9.5360E+01
0000642   8.4777E+01 -3.9728E-01 -8.9393E+01
0000643   1.4085E+02 -2.6706E+02 -6.9810E+01
0000644   2.6690E+02  1.2961E+02  2.1620E+02
0000645   3.3652E+02  1.1641E+01 -8.2092E+01
0000646   2.2474E+02  3.0528E+01  1.1459E+02
0000647   3.2149E+02  9.1943E+00 -3.0178E+02
0000648   1.7897E+02  1.3579E+02  7.7917E+01
0000650   1.9465E+02  2.5470E+02 -2.5333E+01
0000651   6.9108E+01  6.9985E+00  1.3306E+02
0000652   3.8747E+02 -1.1161E+02  1.4089E+02
0000653   2.9492E+02 -2.1723E+02 -1.2628E+02
0000654   3.2385E+02  3.2497E+02 -2.1552E+02
0000655   2.6286E+02 -9.2681E+01 -1.8171E+02
0000656   1.7671E+02  1.5909E+02  4.0674E+01
0000657   2.9661E+02  1.4735E+02 -4.8949E+01
0000658   1.0161E+02  8.2413E+01 -3.1565E+02
0000660   5.3675E+01 -2.5602E+02  1.8114E+02
0000661   5.4676E+02 -5.6742E+01  1.7347E+01
0000662   4.4004E+02  1.0279E+02  2.0678E+02
0000663   4.9035E+02 -1.5133E+02 -2.4246E+01
0000664   1.5466E+02 -2.5821E+02 -1.5802E+02
0000665   5.1080E+02 -1.0701E+02  2.0365E+02
0000666   3.8446E+02  1.6887E+02  2.0339E+02
0000667   2.4570E+02  6.2714E+01  8.0688E+00
0000668   2.7415E+02 -1.5254E+02 -1.7882E+01
0000669   7.7527E+02  1.4594E+02 -2.0175E+01
0000670   4.6334E+02 -7.7966E+01  1.2631E+02
0000671   4.7555E+02  9.4613E+01  2.4232E+02
0000672   4.9600E+02 -1.8086E+02  2.3011E+02
0000673   3.4283E+02  9.5390E+01 -1.5808E+01
0000674   4.6615E+02  4.5095E+01 -9.0945E+01
0000675   1.9147E+02 -8.2146E+00 -1.5346E+02
0000676   2.9493E+02 -1.1649E+02  2.2680E+02
0000677   3.7095E+02  1.3646E+01  5.7018E+01
0000678   3.5962E+02  1.4851E+02  4.6910E+01
0000679   4.3027E+02  1.7496E+02 -1.7787E+02
0000680   6.3556E+02 -2.0903E+01 -1.7864E+01
0000681   2.8983E+02 -5.5514E+01  6.3550E+01
0000682   6.6309E+02  3.5539E+01 -2.9803E+00
0000683   2.3191E+02 -1.6950E+02  5.7469E+01
0000684   4.3872E+02 -1.9815E+02 -8.0427E+01
0000686   3.2770E+02 -2.0744E+02  1.2468E+02
0000687   4.2026E+02  3.8989E+01  1.0707E+02
0000689   5.9626E+02  5.3321E+01  1.4740E+02
0000691   4.0001E+02  6.1273E+01  3.1347E+02
0000692   3.8122E+02  1.1055E+02 -3.3537E+02
0000693   1.5162E+02  1.8983E+02 -4.6858E+02
0000694   1.5304E+02  1.3567E+02  3.2421E+02
0000695   5.0051E+02 -1.2252E+02 -1.5767E+02
0000696   4.6734E+02  2.2890E+02 -1.6702E+02
0000697   1.9611E+02 -6.5920E+01 -1.4001E+01
0000698   4.1068E+02  1.6553E+02 -1.6391E+02
0000699   4.6918E+00 -2.1257E+00  7.7963E+01
0000700   2.0718E+02 -1.0907E+01 -3.8131E+01
0000701   5.5528E+02  1.1926E+02 -1.4237E+02
0000702   2.4970E+02  1.3754E+02 -2.0924E+02
0000703   4.7756E+02 -3.5913E+01 -1.6759E+02
0000704   3.5164E+02  2.2541E+02 -3.1849E+01
0000705   2.3861E+02 -9.6844E+01  2.2529E+02
0000706   3.0839E+02  1.1029E+02 -6.7879E+01
0000707   2.5641E+02 -1.4398E+02 -1.1494E+02
0000708   6.3187E+02 -1.9536E+02 -2.8046E+01
0000709   1.0710E+02 -6.1579E+01 -2.4286E+02
0000710   3.0155E+02  7.3043E+01 -1.9178E+02
0000711   3.4588E+02  1.2762E+02 -1.5982E+02
0000712   4.9061E+02  2.2929E+02 -4.6061E+02
0000713   4.4170E+02 -7.4282E+00  2.6119E+01
0000714   4.3719E+02  1.5093E+02 -2.7473E+02
0000715   5.2527E+02 -1.1835E+02  8.7481E+01
0000716   1.0797E+02  5.5770E+01 -4.6446E+01
0000718   1.2229E+02 -3.1556E+01 -8.7919E+01
0000719   1.3938E+01 -2.0837E+02  1.4935E+02
0000720   5.4137E+01  2.6697E+02  3.0882E+02
0000721   4.8473E+02 -4.4120E+00  1.6710E+02
0000722   1.7805E+02 -3.9088E+02 -4.0944E+01
0000724   1.8103E+02 -2.3663E+01  3.5166E+01
0000725   1.4383E+01 -3.4335E+02  2.3151E+02
0000726   3.3737E+02  3.1921E+02  1.2403E+02
0000727   6.6136E+01  9.1933E+00 -1.5049E+02
0000728   1.2912E+02  3.0593E+02 -2.0090E+02
0000729   1.7573E+02  1.1891E+02  2.3093E+00
0000730   3.5225E+02 -3.2428E+01  1.6316E+02
0000731   2.2371E+02 -1.2103E+02  8.0869E+01
0000732   5.0313E+02  1.2476E+02 -5.0556E+01
0000733   2.0926E+02 -6.7145E+01 -5.1038E+01
0000734   1.8526E+02  1.0947E+02 -3.5082E+02
0000735   1.6315E+02 -8.6360E+01 -1.0170E+02
0000736   5.6870E+02 -4.0020E+01  1.3636E+02
0000737   4.6318E+02 -9.1131E+00 -1.6205E+02
0000738   2.5103E+02  1.5691E+02 -2.7237E+02
0000739   3.8618E+02  9.8016E+00  1.1516E+02
0000740   4.5094E+02 -8.9715E+01 -1.3339E+02
0000741   2.5885E+02  5.9185E+01 -1.0678E+02
0000742   5.2252E+02 -9.0611E+01 -1.5744E+02
0000743   2.3942E+02  1.3110E+02  8.8430E+01
0000744   4.1304E+02 -1.0906E+02  2.3012E+02
0000745   3.2616E+02  1.6977E+00 -8.6166E+01
0000746   3.9512E+02 -2.7103E+01 -6.6710E+01
0000747   1.2534E+02  1.2734E+01 -3.2976E+02
0000748   4.8393E+02  2.7214E+02  2.2236E+02
0000750   3.8150E+02 -3.2192E+02  7.9339E+01
0000751   3.6695E+02  4.6504E+01 -7.8437E+01
0000752   1.6583E+02 -1.8840E+02  1.5062E+02
0000753   1.2913E+02  2.2262E+01  1.4097E+01
0000754   2.7111E+02  1.9703E+02  1.9185E+02
0000755   5.6947E+02 -2.1982E+02 -9.7163E+00
0000756   2.1035E+02 -1.3347E+01  3.1199E+01
0000757   2.1454E+02 -1.5185E+02 -4.0511E+01
0000758   2.4475E+02  5.5012E+01  1.4577E+02
0000759   4.1465E+01 -5.1187E+01 -2.7077E+00
0000760   1.6164E+02 -3.7385E+02  6.0191E+01
0000761   3.4504E+02 -3.9899E+02 -1.8730E+02
0000762   1.0543E+02 -1.8968E+02  5.0072E+01
0000763   3.3853E+02  3.0442E+01 -2.1815E+02
0000764   4.0048E+02 -1.3893E+02  1.0407E+02
0000765   5.0130E+01 -3.6333E+02  6.7956E+01
0000766   4.5572E+02 -9.0547E+01 -2.4851E+02
0000767   4.7355E+01 -1.1928E+02 -2.4395E+01
0000768   1.4762E+02  1.7242E+02 -3.3860E+01
0000769   2.2732E+02 -1.7596E+02  1.3007E+02
0000770   1.9424E+02 -3.3140E+02 -3.1435E+01
0000771   2.7446E+02  3.6532E+01 -1.7546E+02
0000773   1.5877E+02  5.2528E+01  3.9265E+02
0000774   1.2047E+02 -1.6742E+02  1.6722E+02
0000775   3.5827E+02 -5.3377E+01  1.3110E+02
0000776   4.4292E+02 -3.2174E+02  1.1958E+02
0000777   2.5481E+02  4.5236E+01  1.5934E+02
0000778   3.0703E+02  1.5882E+02 -5.7657E+01
0000779   4.4703E+02 -1.8987E+02 -1.2002E+02
0000780   3.7300E+02 -2.6410E+02  9.8054E+00
0000781   3.8558E+02 -9.6913E+01 -1.9370E+02
0000782   3.7394E+02 -3.0724E+02 -1.4128E+02
0000783   3.3037E+02 -4.6971E+01 -3.2730E+02
0000784   2.6779E+02 -2.5765E+02  4.2122E+00
0000785   5.4750E+02 -1.8274E+02 -3.2078E+02
0000787   6.0157E+02  6.7942E+00 -2.6988E+02
0000788   2.1003E+02 -1.5429E+02 -1.4726E+02
0000789   7.6675E+01 -5.2403E+01  3.2628E+01
0000790   6.6501E+02 -5.8677E+01  7.0852E+01
0000791   3.3315E+02 -1.8064E+02 -1.7245E+02
0000792   2.6798E+02  2.0532E+02  1.7888E+02
0000793   5.0959E+02  3.1440E+02 -8.6402E+01
0000794   1.9069E+02 -4.9423E+01 -1.3585E+02
0000795   1.5049E+02  2.5560E+02 -3.2024E+01
0000796   2.3105E+02  2.0506E+02 -2.1060E+02
0000797   2.2558E+02  1.4013E+02  8.5933E+01
0000799   3.7234E+02  1.8620E+02  1.9314E+00
0000800   1.8346E+02 -9.0451E+01 -1.9529E+02
0000802   1.5757E+02 -1.9526E+02  6.9335E+00
0000803   1.5766E+02  1.4843E+02 -2.3338E+00
0000804   3.1264E+02 -9.1874E+01  1.7754E+02
0000805   1.0871E+02 -2.6827E+02  1.7538E+02
0000806   9.2625E+01  8.0322E+01  9.6447E+01
0000807   2.5938E+02  7.9348E+01 -1.2805E+01
0000808   4.8303E+02  7.6035E+01 -2.0831E+01
0000809   1.4125E+02  2.5078E+02  1.3705E+02
0000810   2.4716E+02  5.2128E+01  3.3760E+01
0000811   5.5697E+02  5.7831E+01 -3.2636E+02
0000812   6.3977E+02 -7.2812E+01  1.7732E+01
0000815   2.1951E+02 -1.8958E+02 -1.9399E+01
0000816   4.4831E+02  4.2595E+01  7.3693E+01
0000817   2.4432E+02  6.5572E+01  2.2429E+00
0000818   4.9865E+02  1.0643E+02  9.6758E+01
0000819   2.0462E+02  7.4916E+01  3.8538E+02
0000820   4.2089E+02  1.8553E+01 -6.6025E+01
0000821   1.5170E+02  4.9841E+01  2.4163E+02
0000822   4.2051E+02  1.0046E+02  2.0144E+02
0000823   2.1971E+02  4.1164E+02  1.3275E+02
0000824   5.2370E+02  4.8716E+01  1.0953E+02
0000825   3.9982E+02  1.5633E+02  1.6688E+01
0000826   2.8840E+02 -1.2005E+02 -5.9666E+02
0000827   3.0994E+02  8.2545E+01 -2.6654E+01
0000828   4.1292E+02  2.1893E+01  2.6782E+02
0000829   1.7582E+02 -5.3238E+02  3.3885E+02
0000830   2.3748E+02  1.3173E+02 -3.3769E+01
0000831   3.7176E+02 -9.2866E+01  1.3233E+02
0000833   2.4800E+02 -2.1390E+00 -1.3724E+02
0000834   2.1824E+02 -1.1611E+02 -1.7247E+02
0000835   2.8422E+02  2.0917E+02 -8.0186E+01
0000836   2.2359E+02 -2.2516E+02 -1.8374E+02
0000837   3.9386E+02 -5.3161E+01 -7.2337E+01
0000838   2.7203E+02 -6.6932E+01  1.0900E+02
0000839   1.6875E+02 -1.6538E+02  1.7516E+02
0000840   3.4373E+01 -1.4196E+01 -1.2763E-01
0000841   3.4329E+02  1.6537E+02 -3.2142E+02
0000842   4.3792E+02  1.2389E-01 -1.9498E+02
0000843   3.9166E+02  3.5478E+01  7.5675E+01
0000844   2.3674E+02  1.8876E+02  1.7969E+02
0000846   1.2939E+02  8.0783E+01 -1.6284E+02
0000847   3.0121E+02 -1.4122E+02 -3.3513E+02
0000848   1.1052E+02 -6.0283E+01 -1.0103E+02
0000849   5.6913E+02  1.3186E+02 -5.0256E+01
0000850   1.0336E+02 -1.1292E+02 -9.5861E+01
0000851   3.0476E+02  1.0949E+02 -1.3697E+02
0000852   1.4635E+02  1.0460E+02 -8.6582E+01
0000853   1.9724E+02 -1.9586E+02  1.4927E+02
0000854   9.3771E+01 -9.4022E+01  2.6438E+02
0000855   3.5615E+02 -3.7159E+01 -2.8318E+02
0000856   1.4900E+02 -4.0301E+01 -8.5307E+01
0000858   5.2438E+02 -5.0176E+01 -4.2429E+02
0000860   3.0425E+02 -2.2410E+01  3.2437E+02
0000861   1.2659E+02 -3.2235E+02 -9.7890E+00
0000862   3.9811E+02  8.5511E+00 -7.0747E+01
0000864   5.4139E+02  8.9135E+01  8.1590E-01
0000865   3.3173E+02  3.8859E+01  1.2094E+02
0000866   1.6726E+02  5.2690E+01  2.9256E+01
0000867   2.1582E+02 -4.2073E+01  6.6337E+01
0000868   2.3168E+02 -2.8288E+02 -1.3871E+02
0000870   3.5333E+02  2.9373E+02 -1.3950E+02
0000871   2.0996E+02 -3.1696E+01  7.8271E+01
0000872   1.1243E+02  1.0382E+02  2.8752E+01
0000873   6.1378E+02  1.0004E+02 -1.6900E+00
0000874   2.8823E+02  1.4570E+02 -2.0464E+02
0000875   2.3102E+02 -3.3219E+01  1.2473E+02
0000876   3.3044E+02 -4.8549E+00  9.2109E+01
0000877   2.3268E+02  1.5757E+02  1.9363E+02
0000878   3.8376E+02 -9.5812E+01 -1.9451E+01
0000879   2.0828E+01  1.9403E+02 -6.0399E+01
0000880   5.0426E+02  7.9616E+01 -3.7836E+01
0000881   3.0065E+02  1.7130E+02  2.6377E+02
0000882   9.0531E+01  1.5868E+01  1.0865E+02
0000883   7.2723E+02  4.6939E+02  2.2815E+02
0000884   2.1413E+02  1.2628E+02 -1.4952E+02
0000885   1.3628E+02  1.3137E+02 -2.7383E+02
0000886   4.2387E+02  2.2299E+02 -3.0398E+01
0000887   2.4899E+02 -5.7058E+01  1.1911E+02
0000889   3.2976E+02  3.2051E+00  2.0513E+02
0000890   5.7971E+02  2.2336E+01  1.6851E+02
0000891   5.9139E+02 -3.1337E+01  1.6368E+02
0000892   3.3403E+02 -2.3105E+02 -8.3764E+01
0000893   2.1058E+02 -2.2650E+02 -1.3379E+02
0000894   6.2657E+02 -1.3135E+02 -1.2268E+02
0000895   3.0174E+02 -6.4308E+01 -8.9593E+01
0000896   8.7333E+01 -2.5485E+01 -1.9288E+02
0000897   4.4607E+02 -2.7837E+02  9.2171E+01
0000898   1.7949E+02 -1.9162E+02 -3.5898E+01
0000899   1.7686E+02 -8.3115E+01  8.2107E+01
0000900   4.3167E+02 -4.5779E+02  9.0827E+01
0000901   4.1526E+02  4.0581E+01 -1.5396E+01
0000902   2.2621E+02  8.8201E+01 -5.3455E+01
0000903   5.6584E+02 -2.2971E+02  1.2709E+02
0000904   4.3561E+02 -1.5308E+02 -8.2345E+01
0000905   1.2383E+02  8.2995E+00  3.0741E+01
0000906   1.8616E+02  6.4097E+01 -4.6148E+01
0000907   2.2060E+02 -7.4072E+01  2.1264E+02
0000908   3.1210E+02 -7.7949E+01 -2.2883E+02
0000909   1.8933E+02  3.6621E+02 -2.2654E+02
0000910   1.0655E+02  3.2146E+01 -2.5212E+02
0000911   4.3211E+02 -1.5360E+02 -1.4488E+01
0000912   1.0538E+02 -8.6560E+01  1.9686E+02
0000913   9.7209E+01 -1.2311E+02  5.1090E+01
0000914   3.2066E+01  6.2997E+01  4.4193E+01
0000915   3.6328E+02  6.9859E+01 -2.6310E+01
0000916   2.9008E+02  2.8980E+02  2.6450E+02
0000917   2.7688E+02 -3.3324E+02 -2.9873E+02
0000918   1.2798E+02 -6.0777E+01  2.7911E+01
0000919   2.8960E+02  7.1305E+01  1.1933E+02
0000920   1.7697E+02 -1.6239E+02  3.4676E+01
0000921   5.1866E+02 -1.8712E+02 -5.8339E+01
0000922   6.1365E+02 -2.4804E+01 -1.5610E+02
0000923   1.5659E+02 -1.3196E+02 -4.6083E+01
0000924   6.1635E+02 -2.3552E+02  2.0460E+02
0000925   4.0321E+02 -1.2263E+02  1.6629E+02
0000926   3.4605E+02  1.8842E+02 -2.8521E+02
0000927   6.1126E+02 -1.5621E+02  1.6131E+02
0000928   4.1990E+01  6.9634E+01 -1.3602E+02
0000929   1.8651E+02 -1.6102E+02 -8.1126E+00
0000930   5.4854E+01  1.5033E+02  3.5754E+02
0000932   4.2150E+02 -2.1161E+02 -7.8667E+00
0000933   2.4571E+02 -2.3825E+02  7.5100E+00
0000934   3.7342E+02  1.4971E+02 -2.5722E+02
0000935   3.6026E+02  6.7582E+01  1.3678E+02
0000936   3.4679E+02  4.6844E+02 -7.8929E+01
0000937   2.5907E+02  7.0768E+01  3.0237E+01
0000938   6.7322E+01 -3.1345E+02 -9.6117E+01
0000939   2.2772E+01 -7.0657E+01 -2.7749E+02
0000940   8.9626E+01 -5.0606E+01 -2.7101E+02
0000941   5.4448E+02  5.6729E+01  4.5346E+02
0000943   2.3440E+02 -1.4310E+02  1.2932E+02
0000944   4.9612E+02 -1.1446E+02  4.4493E+02
0000945   4.3966E+02 -5.4905E+01  1.0282E+02
0000946   2.5688E+02 -1.6577E+02 -3.6006E+01
0000948   3.2838E+02 -1.7145E+02  2.3808E+02
0000949   3.7483E+02 -2.7598E+02  1.1134E+02
0000950   2.6543E+02  9.3345E+01  3.1510E+02
0000951   3.3477E+02  1.9986E+02 -8.9333E+01
0000952   2.3915E+02  1.0103E+01 -2.2985E+02
0000953   3.7159E+02  2.2292E+01 -3.5749E+01
0000954   5.5535E+02  1.1704E+02  1.9435E+02
0000955   9.9197E+01 -2.4996E+02 -9.5393E+01
0000956   3.6670E+02  2.5440E+02 -1.1577E+02
0000957   2.8952E+02 -2.9388E+02 -4.9956E+01
0000958   2.8782E+02  1.9502E+02  2.8875E+02
0000959   4.7051E+02 -2.8624E+02  1.4974E+02
0000960   5.5557E+02  1.3853E+02  9.2424E+01
0000961   9.1499E+01 -8.3992E+00  2.3027E+02
0000962   1.4765E+02 -1.6034E+02  2.5534E+02
0000963   2.5527E+02 -3.0793E+02  8.9661E+01
0000964   4.1976E+02  1.6587E+02  1.5588E+02
0000965   3.5923E+02  9.3308E+01  2.9834E+02
0000966   2.4229E+02 -1.4778E+01  2.1249E+02
0000967   2.7899E+02 -1.3300E+01  3.7982E+01
0000968   3.5440E+02 -6.9625E+01 -3.5133E+01
0000969   1.1636E+02  6.4788E+00 -4.1104E+01
0000970   2.9574E+02 -3.7358E+01  8.8018E+01
0000971   2.6630E+02 -2.0340E+02  9.5272E+01
0000972   4.1953E+02 -3.3136E+01  6.8134E+01
0000973   3.7771E+02 -4.0214E+02  5.1750E+01
0000974   5.7892E+02 -1.9248E+02  6.0047E+01
0000975   4.1308E+02  3.3462E+02 -2.9464E+02
0000977   6.7446E+02  4.2085E+02 -1.9018E+02
0000978   2.2249E+02  1.3222E+02  1.3680E+02
0000979   1.2580E+02 -8.9353E+00  4.4235E+02
0000980   1.0988E+02 -8.4035E+01 -1.3338E+02
0000981   1.7748E+01 -8.2575E+01 -1.2883E+02
0000982   2.3125E+02 -9.7977E+01 -2.2287E+02
0000983   8.5277E+01  2.9401E+02  3.2115E+02
0000984   2.8291E+02 -3.0268E+02 -2.7728E+02
0000985   4.0921E+02  3.1021E+01  2.4790E+02
0000986   4.1557E+02 -1.1874E+02  2.6159E+02
0000987   3.4696E+02  3.8450E+02  1.5229E+01
0000988   4.4208E+01  1.3046E+02 -3.2405E+01
0000989   4.2921E+02 -3.4080E+02  1.0920E+02
0000990   3.7028E+02 -1.6606E+02 -7.2421E+01
0000991   3.1220E+02 -3.9724E+01  7.2865E+01
0000992   3.7853E+02 -1.0090E+01 -2.0568E+02
0000993   1.3502E+02 -3.2879E+01  3.2217E+02
0000994   4.8755E+02  2.2090E+02  1.1884E+01
0000995   3.7344E+02  1.8790E+01 -3.7213E+01
0000996   2.8029E+02  3.6775E+02  1.1278E+02
0000997   2.7023E+02 -1.5159E+02  7.7584E+01
0000998   2.9671E+02  1.0229E+02 -2.2774E+02
0000999   2.5692E+00  2.5216E+02 -1.5548E+02
0001000   3.2049E+01 -5.3557E+01 -2.8142E+01
