============================== SRIM-2013.00 ==============================
==============================================================================
====== SRIM Outputs\RANGE_3D.txt : File of Final Ion Positions =====

Ion =  F (09)   Ion Mass= 018.9984
Energy  = 3000000.E-05 keV
Ion Angle to Surface = 00.0 degrees
==================== TARGET =======================
  Layer # 1 - None
  Layer # 1 - Bottom Depth=500000.E-01 A
  Layer # 1 - Density =0007.8700 g/cm3
  Layer # 1 -  100 % of Fe
ÍÍÍÍÍÍÍÍÍÍÍÍÍÍÍÍÍÍÍÍÍÍÍÍÍÍÍÍÍÍÍÍÍÍÍÍÍÍÍÍÍÍÍÍÍÍÍÍÍÍÍÍ
                                            
Ion       Depth  X   Lateral Y   Lateral Z  
Number    (Angstrom) (Angstrom)  (Angstrom) 
-------  ----------- ----------- -----------
0000001   1.8421E+02 -3.8427E+01 -8.0471E+01
0000002   5.0612E+02 -1.0252E+02  1.5230E+02
0000003   6.1335E+02  7.8726E+00 -2.0724E+02
0000004   3.1449E+02 -2.0048E+02 -1.2496E+01
0000005   3.2139E+02 -1.9548E+02 -1.9115E+02
0000006   3.2452E+02  1.7021E+02  9.0144E+01
0000007   3.3618E+02  2.3054E+01 -9.7726E+01
0000008   2.0283E+02  8.3466E+01 -2.8270E+01
0000009   4.4613E+02 -3.3662E+02 -1.7608E+02
0000010   2.9052E+02  1.3631E+02 -4.9039E+01
0000011   4.1126E+02 -3.2664E+01 -1.1267E+02
0000012   3.1743E+02  7.8370E+01 -1.0499E+02
0000013   2.2738E+02  1.9105E+01  1.4266E+02
0000014   3.5270E+02  1.3113E+01 -1.3330E+01
0000015   5.4793E+02 -5.1725E+01  9.6075E+00
0000016   3.8655E+02 -1.0261E+00 -1.1677E+02
0000017   3.8327E+02  1.1132E+02  8.0179E+01
0000018   4.9175E+02 -6.7318E+00 -1.7506E+01
0000019   1.3589E+02  6.7055E+01  3.0681E+01
0000020   2.9107E+02  5.3088E+01 -3.1345E+02
0000021   3.1307E+02 -2.0039E+02 -1.1843E+01
0000022   8.1347E+01 -1.6191E+01 -4.4215E+01
0000023   7.2152E+01  1.1787E+02  1.4936E+02
0000024   7.0958E+02  1.1154E+01  6.6382E+01
0000025   1.1333E+02 -3.3743E+01  1.5431E+02
0000026   1.0206E+02 -5.7742E+01  2.5055E+02
0000027   4.8929E+02  1.5695E+02  2.6978E+02
0000028   1.7797E+02 -1.4278E+02 -8.7222E+01
0000029   2.6104E+02 -5.2127E+01  3.0482E+01
0000030   4.1110E+02 -3.6299E+02 -5.7029E+01
0000033   5.1354E+02 -5.9609E+01  4.0128E+02
0000034   3.6719E+02  9.6692E+01 -4.0478E+02
0000035   3.9055E+02  6.4445E+01 -2.2203E+02
0000036   4.4874E+02  1.8655E+02  1.6173E+02
0000037   1.3566E+02  1.0881E+02 -9.4225E+01
0000038   1.7064E+02  1.0691E+02  1.9058E+02
0000039   2.6182E+02 -2.2816E+01 -1.1618E+02
0000040   2.2760E+02  1.2766E+02  1.1218E+02
0000041   5.1860E+02  1.8576E+01  1.9820E+02
0000042   4.2074E+02  4.9222E+01  8.6152E+01
0000043   3.0768E+02 -3.3997E+02 -1.3185E+01
0000044   2.5575E+02 -1.3904E+02 -7.4434E+01
0000045   3.7664E+02 -3.2585E+00  9.3269E+01
0000046   2.3272E+02  4.1253E+01 -1.0436E+02
0000047   5.7336E+02 -1.5566E+02 -1.4566E+02
0000048   5.6060E+01 -6.4683E+01 -4.0008E+01
0000049   4.1859E+02  2.3223E+01  5.6081E+01
0000050   3.0796E+02 -1.7594E+02 -2.2265E+02
0000051   1.7849E+02  3.3530E+01  2.7779E+02
0000053   2.8162E+02 -3.8091E+02 -1.1953E+02
0000054   5.5526E+02  8.5324E+01 -4.3345E+01
0000055   2.0257E+02 -1.3382E+01 -7.8031E+00
0000056   4.2119E+02  1.8191E+02 -6.2158E+01
0000057   2.4829E+02  1.3093E+02  4.7729E+01
0000058   4.4796E+02  6.5240E+01 -8.5050E+01
0000059   3.0387E+02 -7.3345E+01 -3.0606E+02
0000060   4.5053E+02 -6.9025E+01  1.3784E+02
0000061   3.0367E+02 -1.4651E+01 -3.5298E+02
0000062   1.9441E+02  2.1256E+02  2.9529E+02
0000064   5.3669E+02 -1.0470E+02  1.7598E+02
0000065   1.3132E+02  1.2574E+02  4.3068E+01
0000066   2.5919E+02 -1.4667E+02 -3.2365E+02
0000067   1.6416E+02  1.3042E+02 -1.9451E+01
0000068   1.6333E+02 -2.8576E+02  1.0018E+02
0000069   2.3395E+02 -2.8273E+02 -9.9543E+01
0000070   4.5459E+02  9.6636E+01  2.1550E+02
0000071   3.9638E+02 -1.3551E+02  2.0290E+02
0000072   2.1661E+02  1.1222E+02  1.3784E+01
0000073   2.5881E+02  1.2796E+02  1.2377E+02
0000074   5.3516E+02  6.9054E+01 -3.5295E+02
0000075   5.5222E+01  2.3683E+01  1.9096E+02
0000076   1.6963E+02  7.7866E+01  4.0920E+01
0000077   1.2602E+02  1.3181E+02 -1.3034E+02
0000078   5.5753E+02 -3.1537E+02  1.7541E+02
0000079   2.9411E+02 -9.6555E+01  6.1044E+01
0000080   9.9026E+01  8.0741E+01  8.5852E+00
0000081   2.5289E+02 -1.2787E+02  1.7617E+01
0000082   1.8761E+02  3.2005E+02  5.3177E+01
0000083   4.3592E+02 -3.8576E+01 -3.8250E+01
0000084   5.3046E+02  1.5267E+02  5.7019E+01
0000086   5.4667E+02  8.2428E+01  2.0286E+01
0000087   1.7773E+02  3.9728E+02 -3.6615E+01
0000088   3.2610E+02 -2.9771E+01 -3.6215E+02
0000089   4.2738E+02  8.6509E+01  5.8258E+01
0000091   4.2320E+02 -1.2024E+02 -2.0955E+02
0000092   1.7011E+02 -3.0610E+01  9.3967E+01
0000093   5.2407E+02 -1.6462E+02  9.1590E+01
0000094   2.6940E+02 -1.7986E+02  7.7605E+00
0000095   3.3839E+02 -6.0019E+01  1.8653E+02
0000096   1.5757E+02  2.3948E+01 -5.7667E+01
0000097   3.9879E+02  1.5775E+02  1.9582E+02
0000098   5.4738E+01  2.7167E+02  2.6505E+02
0000099   1.9798E+02  2.5499E+01  1.8404E+01
0000100   1.1300E+02 -1.5067E+02  1.5667E+02
0000101   5.8254E+02 -1.2080E+02 -7.1539E+01
0000102   2.8224E+02 -1.3449E+02  1.4434E+02
0000103   4.6707E+02 -7.3452E+01 -1.6633E+02
0000104   5.2512E+01  2.8315E+02 -8.3593E+00
0000105   2.9033E+02 -2.6831E+02  6.9245E+01
0000106   3.1829E+02 -3.0038E+02  1.4520E+01
0000107   5.6053E+02  2.1464E+02  1.1720E+02
0000108   3.0986E+02  1.4968E+02 -1.1455E+02
0000109   4.8058E+02 -2.3353E+01  4.6319E+01
0000110   5.9578E+02  1.1174E+02  3.0748E+01
0000111   1.2641E+01  9.8485E+01 -4.1532E+01
0000112   1.3138E+02  9.0818E+01  1.5658E+02
0000113   8.7352E+01 -3.6498E+01 -2.7624E+02
0000114   5.3164E+02 -2.0616E+02  2.5047E+02
0000115   2.8649E+02  3.8060E+02 -2.6606E+02
0000116   2.4235E+02 -2.4418E+02 -2.9424E+01
0000117   6.6564E+02 -1.3792E+02  6.8290E+01
0000118   3.9344E+02  9.4271E+01  8.4603E+01
0000119   6.3353E+02 -1.0337E+01 -8.4695E+01
0000120   3.1272E+02 -1.1306E+02  3.4809E+02
0000121   2.7390E+02 -2.5080E+01  2.9129E+02
0000123   1.0917E+02 -4.2828E+01  1.7464E+01
0000124   3.1924E+01  1.4130E+02  2.4256E+01
0000125   5.2407E+02 -1.5628E+02 -1.5721E+02
0000126   1.7365E+02  1.9921E+02  1.3140E+02
0000127   2.4358E+02  6.6216E+01  4.6588E+01
0000128   2.1381E+02  1.4382E+02  3.2164E+02
0000129   2.2449E+02 -9.2239E+01 -7.7735E+01
0000130   3.5813E+02  2.0215E+02 -9.5701E+01
0000131   1.9729E+02 -1.8424E+02  2.2563E+02
0000132   2.9940E+02  6.7293E+01  1.7229E+02
0000134   1.5957E+02  5.7564E+01 -1.9481E+02
0000135   3.9904E+02 -1.6932E+02 -2.8904E+02
0000136   6.3001E+02  2.7400E+02  2.5099E+02
0000137   3.0152E+02  3.6630E+01 -6.4305E+01
0000138   1.1243E+02  1.4469E+02 -1.0970E+02
0000139   3.8351E+02  1.6808E+02 -7.4071E+01
0000140   1.6660E+02 -2.7140E+02  1.6679E+02
0000142   2.5231E+02 -1.8696E+02  4.5161E+01
0000143   1.4565E+02 -1.9108E+02 -1.8455E+02
0000144   2.4366E+02 -1.9986E+02 -2.7583E+02
0000145   2.9452E+02  1.1262E+02 -1.9261E+02
0000146   1.6925E+02  1.5486E+01 -6.6355E+01
0000148   3.2121E+02 -1.6709E+02  1.4939E+02
0000149   3.8115E+02 -2.1589E+02  2.0871E+02
0000150   4.8666E+02  3.0953E+01 -4.9567E+01
0000151   3.0545E+02 -1.8481E+02  2.7814E+02
0000152   3.4835E+02  6.0834E+01 -2.0193E+02
0000153   2.4996E+02  8.6650E+01  2.3751E+02
0000155   1.6511E+02  1.4481E+02  8.6543E+01
0000156   3.2703E+02  3.6022E+01  1.8203E+02
0000157   3.7592E+02  2.0306E+02  3.4481E+01
0000158   3.5948E+02  1.5743E+02  1.4019E+02
0000159   1.6783E+02 -9.6184E+01 -4.1812E+02
0000160   2.2923E+02 -5.8793E+01 -1.2777E+02
0000161   4.9000E+02 -9.6764E+00 -4.4670E+02
0000162   3.8995E+02 -2.4938E+02 -2.9499E+02
0000163   5.9649E+02 -4.1595E+02 -8.9655E+00
0000164   4.3945E+02  1.7543E+02  5.8352E+01
0000165   2.9872E+02  7.8543E+01 -9.6409E+01
0000166   3.6529E+02 -1.2278E+02 -2.6021E+01
0000167   3.4537E+02 -1.0271E+01  1.6104E+02
0000168   1.9190E+02 -1.2286E+02 -2.4374E+02
0000169   4.1830E+02  7.5183E+01  1.9770E+02
0000170   1.5200E+02 -8.2496E+01 -4.9459E+01
0000171   5.9671E+02 -4.5905E+01  1.1231E+02
0000172   4.1137E+02  1.5893E+01  1.5292E+02
0000173   1.3276E+02 -9.2123E+01  2.1353E+02
0000174   1.3944E+02  8.9383E+01 -1.8154E+02
0000175   3.7778E+02 -3.8397E+02  8.8048E+00
0000176   2.7057E+02  4.3665E+01  1.5507E+02
0000177   3.0482E+02 -3.3950E+01  1.4258E+02
0000178   3.5200E+02  1.5283E+02  1.4739E+02
0000179   3.7082E+02 -2.2763E+01  6.6662E+01
0000180   2.7815E+02 -5.4171E+01 -1.6902E+02
0000181   2.7801E+02 -1.3898E+01 -1.0972E+02
0000182   1.2357E+02 -1.4859E+02  1.4396E+02
0000183   2.1943E+02  7.0626E+01 -1.0206E+02
0000184   2.4994E+02 -1.8919E+02  2.5092E+02
0000185   3.8775E+02  1.8549E+02 -2.7653E+02
0000186   4.5046E+02 -6.0910E+01  1.7336E+02
0000187   5.8123E+02  6.5636E+00 -3.7572E+02
0000188   4.5294E+01  8.1210E+01 -1.4284E+02
0000189   5.0486E+02 -1.4719E+02  7.7056E+01
0000190   5.8930E+02 -3.5142E+02 -2.7095E+01
0000192   4.9928E+02 -1.1065E+02  1.1877E+02
0000193   2.6303E+02  2.8895E+01 -3.0334E+01
0000194   2.6643E+02  7.6999E+01  1.4828E+01
0000195   3.6455E+02  2.0486E+02  3.4087E+01
0000196   1.9285E+02  2.9708E+02 -3.9119E+01
0000197   2.1082E+02  4.0870E+02  1.7954E+02
0000198   3.8242E+02 -1.4640E+02 -1.9793E+02
0000199   4.0776E+02  2.2494E+01 -1.2791E+02
0000200   6.8404E+02  1.8932E+02 -2.3889E+02
0000201   3.7841E+02  1.9751E+02 -1.6506E+02
0000202   5.4499E+02  9.1971E+01 -2.8196E+02
0000203   4.6691E+02 -3.3085E+02 -1.9081E+01
0000204   2.9433E+02 -1.0059E+02  7.3487E+01
0000205   3.6550E+02 -1.8866E+02 -3.3315E+02
0000206   1.3016E+02  3.3784E+02  2.5443E+02
0000207   5.6406E+02  1.8277E+00  1.4350E+02
0000208   3.7339E+02 -2.2862E+02  4.7663E+00
0000209   4.1388E+02  1.2877E+02  1.5163E+02
0000210   5.4421E+02 -1.2699E+01 -2.0122E+02
0000211   2.3767E+02  2.6281E+02  7.3616E+00
0000212   2.7161E+02  1.7504E+02 -3.6029E+02
0000213   3.6086E+02 -8.1351E+01 -3.3638E+02
0000214   5.0061E+02 -1.0449E+02 -1.8838E+01
0000215   3.6182E+02  7.4246E+01  8.4480E+01
0000216   2.2309E+02 -9.0485E+01 -2.6643E+02
0000217   2.1289E+02 -4.8947E+02 -7.3429E+01
0000218   1.5652E+02  5.4506E+01 -8.6839E+00
0000219   1.9776E+02  3.4380E+02  6.1678E+01
0000220   6.0528E+02  8.9782E+01  2.5912E+01
0000221   4.8851E+02  2.0919E+02 -1.3128E+02
0000222   4.4205E+02 -2.5484E+02  1.3254E+02
0000223   3.8727E+02  2.5568E+02 -1.0675E+02
0000224   2.4800E+02  9.2559E+01  2.1111E+02
0000225   3.5136E+02  2.2694E+02  2.2388E+02
0000226   4.8036E+01  4.3042E+00 -4.9313E+01
0000227   3.7831E+02  1.5244E+02 -1.0133E+02
0000228   4.3103E+02  1.7451E+01 -3.3623E+02
0000229   5.8757E+02  6.8769E+01 -2.9248E+01
0000230   2.9948E+02  2.6191E+02 -2.8029E+02
0000231   9.9644E+01  1.7704E+02 -2.6675E+02
0000232   1.5514E+02 -1.5897E+02  1.4115E+02
0000233   2.3967E+02  3.5277E+01  1.8734E+02
0000234   1.9717E+02 -8.9081E+01  1.0403E+01
0000235   1.5145E+02  9.0309E+01  2.1120E+02
0000236   4.3599E+02 -4.3615E+02 -3.2562E+01
0000237   3.5886E+02 -3.8186E+01 -3.7531E+01
0000238   2.6169E+02  6.7817E+01  1.3031E+02
0000239   5.1420E+02 -1.1202E+02  1.5172E+02
0000240   3.9780E+01  1.8397E+02 -9.7291E+01
0000241   3.6131E+02  1.6306E+02 -2.5571E+01
0000242   2.5892E+02  1.5644E+02 -2.8805E+02
0000243   6.5797E+02  2.4425E+02  2.6859E+02
0000244   2.2725E+02  4.2161E+01  1.4809E+01
0000245   4.7347E+02 -2.1098E+02  5.1779E+01
0000246   3.3246E+02 -1.4581E+02 -3.6231E+02
0000247   3.9617E+02 -2.1005E+02  9.2177E+01
0000248   4.6927E+02 -1.6867E+02 -2.1318E+02
0000249   2.3150E+02 -6.7824E+01 -4.8338E+01
0000250   1.2202E+02 -1.1026E+02  3.6251E+02
0000251   3.1440E+02  1.3516E+01 -1.6850E+02
0000252   1.6947E+02 -1.2974E+02 -2.7730E+02
0000253   3.7382E+02 -1.0619E+02  5.4223E+00
0000254   2.8551E+02  1.6903E+02  6.8221E+01
0000255   1.8750E+01  1.0200E+02  4.8237E+01
0000256   4.7470E+02 -2.2017E+02 -1.0295E+01
0000258   3.7846E+02  6.0206E+01 -6.1938E+01
0000259   1.2369E+02 -2.3216E+00 -5.1172E+01
0000260   4.1524E+02  4.0076E+02 -1.9148E+02
0000262   4.0476E+02 -3.0550E+01 -3.9285E+02
0000263   7.3306E+01  5.1166E+01  4.8267E+02
0000264   4.3917E+02  1.4604E+02 -1.2242E+02
0000265   4.4247E+02 -8.5789E+01  1.1038E+02
0000266   2.4798E+02 -2.8019E+02  3.1279E+02
0000267   4.0654E+02  8.0049E+00 -3.0616E+01
0000268   1.3904E+02  3.1471E+02 -6.4412E+01
0000269   4.2437E+01 -2.1978E+02 -1.6889E+02
0000270   7.0584E+02  4.6533E+02 -2.1374E+02
0000271   1.1737E+02 -1.3455E+02 -1.5180E+02
0000272   3.4842E+02  2.5973E+01  4.2294E+02
0000273   1.0168E+02 -5.2602E+01 -1.4192E+02
0000274   4.3094E+02 -2.1219E+02 -2.1727E+02
0000275   4.2643E+02 -1.4007E+02  2.1325E+02
0000276   1.0138E+02 -2.6091E+01 -1.3619E+02
0000278   2.3896E+02  3.7012E+02 -3.1882E+01
0000279   1.6707E+02  3.1531E+02 -1.8182E+02
0000280   2.6511E+02 -5.4082E+00 -1.5067E+02
0000281   5.3604E+02  1.0125E+02  2.7604E+02
0000282   2.9842E+02 -4.7696E+02 -1.2781E+02
0000283   3.0559E+02 -7.7690E+01 -1.3372E+02
0000284   2.3969E+02 -2.1623E+02 -1.3703E+02
0000285   3.2046E+02  1.5885E+02  1.0499E+02
0000286   4.5196E+02  1.1818E+02  1.6141E+02
0000287   4.1631E+02  1.1185E+02 -3.3104E+01
0000288   3.4274E+02  2.9240E+02  3.4009E+02
0000289   5.7118E+02 -2.1128E+02  2.8725E+02
0000290   3.5785E+02 -1.0622E+01 -1.8873E+02
0000291   3.8509E+02 -1.2257E+02 -1.5644E+02
0000292   2.2047E+02  2.2842E+02  1.3958E+02
0000293   4.0865E+02  6.2439E+01 -9.7896E+01
0000294   3.6567E+02 -6.0691E+01 -5.1426E+01
0000295   2.0200E+02  2.6631E+01 -1.1835E+02
0000297   3.7421E+02  5.7886E+01  2.0889E+01
0000298   4.8262E+02 -1.6704E+01 -2.2970E+02
0000299   1.2253E+02  2.1465E+02  7.7350E-01
0000300   1.1187E+02  1.6488E+02 -2.4139E+01
0000301   1.8266E+02  5.2088E+01  2.0177E+01
0000302   6.4257E+01 -1.0301E+02  9.3416E+01
0000303   3.3269E+02  4.3699E+00 -6.8625E+01
0000304   3.7367E+02 -1.6273E+01  2.2327E+01
0000305   1.9103E+02  3.1737E+02 -4.9390E+01
0000306   4.0661E+02 -2.7857E+02 -4.6976E+02
0000307   2.4797E+02 -4.3537E+01 -2.3390E+02
0000309   2.3256E+02  1.7576E+02  1.7117E+02
0000310   2.8275E+02 -2.2197E+02  1.1712E+02
0000311   2.4659E+00 -1.1280E+02 -2.4961E+01
0000312   5.2470E+01 -9.2106E+01  1.0154E+02
0000313   2.1440E+02 -2.3388E+02 -1.5540E+02
0000314   2.6418E+02  1.2505E+02  7.3810E+01
0000315   2.2913E+02 -3.8788E+01 -1.1507E+02
0000316   2.2302E+02 -1.1026E+02  1.9981E+02
0000317   2.8538E+02  2.4489E+02 -4.1887E+01
0000318   4.1393E+02  7.1368E+00  1.5058E+02
0000320   5.0858E+02 -1.9090E+02  2.3896E+02
0000321   5.0088E+02  7.4397E+01  2.0552E+02
0000322   2.2914E+02  1.5574E+02 -1.3172E+02
0000323   6.8641E+02  6.7859E+01 -6.0507E+01
0000324   3.2602E+02  3.0682E+02  1.3553E+02
0000326   1.9196E+02  2.7569E+02  1.7938E+02
0000327   3.7347E+02  9.9862E+01 -1.0089E+02
0000329   2.7757E+02  2.3733E+01 -1.3495E+02
0000330   3.9908E+02 -1.2742E+02  9.4761E+00
0000331   2.0929E+02  7.6269E+01  1.6637E+02
0000332   7.3395E+01  6.8049E+01  7.5171E+01
0000333   2.3988E+02 -4.7326E+01  1.1736E+01
0000334   1.7084E+02 -1.8485E+02  6.9244E+01
0000335   4.3472E+02  9.8794E+01 -1.0202E+02
0000336   3.4301E+02  2.2711E+02 -2.3165E+02
0000337   6.6571E+02  6.5897E+01 -5.5855E+00
0000338   3.8763E+02 -4.0410E+02 -3.0147E+01
0000339   2.4521E+02 -3.4092E+02  1.3392E+02
0000340   5.5163E+02 -4.7529E+01  1.7442E+02
0000341   4.1186E+02 -1.0656E+02  9.9101E+01
0000342   3.0685E+02  1.1064E+02 -2.2440E+02
0000343   8.5554E+01  7.4532E+01 -7.2164E+01
0000344   2.8592E+02  1.5408E+02  1.4192E+02
0000345   4.5608E+02  9.8686E+01 -7.9530E+01
0000346   2.7311E+02 -8.1254E+01  2.2789E+01
0000348   1.0661E+02  3.8902E+00  7.3530E+01
0000349   3.5317E+02  1.4407E+02  1.1703E+02
0000350   2.4988E+02  8.8485E+01  1.0387E+02
0000351   4.3081E+02 -6.2520E+01 -2.4299E+02
0000352   3.5373E+02 -4.4846E+00  1.7354E+02
0000353   2.5825E+02 -3.9209E+01 -3.0386E+02
0000355   5.0125E+02  6.8474E+01 -1.0652E+02
0000356   1.3152E+02  1.0448E+02  3.0760E+02
0000358   1.4591E+02  1.7172E+02 -1.4415E+02
0000359   4.6824E+02 -4.0543E+01 -3.8105E+01
0000360   3.6212E+02  1.5832E+02 -2.3179E+02
0000361   5.0160E+02 -2.0610E+02  1.6621E+02
0000362   5.2206E+02 -3.4913E+01  1.7896E+02
0000363   6.0586E+02 -2.1917E+02  7.7954E+01
0000364   1.7007E+02  1.6392E+00  1.2592E+02
0000365   4.6789E-01  1.3572E+02 -8.9911E+01
0000366   6.7134E+02 -9.2900E+01 -4.1657E+01
0000367   2.6203E+02 -1.7911E+02 -1.5750E+02
0000368   1.9941E+02  9.8972E+01  2.2240E+02
0000369   3.5056E+02 -2.1215E+02  6.8704E+01
0000370   1.9177E+02 -1.1883E+02 -1.0266E+02
0000371   3.1184E+02 -1.1741E+02  1.7187E+01
0000372   4.5209E+02  1.3875E+02 -1.3749E+02
0000373   1.8391E+02  1.1336E+02 -5.8397E+01
0000374   2.2931E+02  7.3098E+01 -8.1543E+01
0000375   3.4201E+02 -1.0823E+02  3.7661E+02
0000376   4.2542E+02  6.8065E+01 -1.1768E+01
0000377   5.1175E+02  3.0406E+01  9.0229E+01
0000378   3.8370E+02  4.0364E+01  2.2787E+01
0000379   4.1722E+02  7.5993E+00 -1.0108E+02
0000380   4.7825E+02  2.0118E+02  8.3611E+01
0000381   6.7182E+02 -1.2945E+02  3.7438E+01
0000382   3.0075E+02  5.5583E+01 -5.2520E+01
0000383   2.9013E+02 -1.2122E+02  1.0753E+02
0000384   8.8050E+01  1.0707E+02  1.4526E+02
0000385   2.6475E+02  8.7836E+01  4.3092E+01
0000386   2.0070E+02 -2.1928E+02  2.2807E+00
0000387   4.3777E+02  1.3711E+02  1.2553E+02
0000389   2.5023E+02  3.9228E+02 -1.3623E+02
0000390   3.4021E+02 -1.3441E+02 -7.6801E+01
0000391   1.9275E+02  2.5619E+02  2.1818E+01
0000392   5.2856E+02  1.8192E+01 -3.7228E+01
0000393   3.7582E+02 -2.0097E+02  3.4430E+02
0000394   2.7659E+02  4.4788E+01  2.9824E+01
0000395   3.9632E+02 -1.3716E+02 -2.1148E+02
0000396   1.7405E+02 -2.6298E+02  4.0440E+01
0000397   6.0797E+02 -4.6372E+01 -1.7776E+02
0000398   1.9933E+02 -1.4163E+02  1.2057E+02
0000399   1.2446E+02 -4.1462E+01 -7.2042E+01
0000400   2.5669E+02 -9.9310E+01  6.0658E+01
0000402   1.5126E+02  3.3106E+02  3.6521E+00
0000404   2.9560E+02 -5.4883E+00 -2.0560E+02
0000405   1.6337E+02 -1.1025E+02  7.1495E+01
0000406   2.7491E+02 -1.3459E+02  1.0038E+02
0000407   3.6489E+01 -2.1033E+02 -1.2250E+01
0000408   3.6186E+02  1.3798E+02 -8.6094E+01
0000409   8.7764E+01  2.6501E+02 -9.2055E+00
0000410   5.6896E+02  1.8287E+02 -4.1939E+01
0000411   4.7726E+02 -3.0935E+02  5.0753E+01
0000412   6.1328E+02 -2.4222E+02  2.9068E+01
0000413   4.2755E+02  6.1094E+01 -1.6460E+02
0000414   2.3982E+02  4.0783E+01 -3.3057E+02
0000415   4.2517E+02  2.2965E+02 -1.7628E+02
0000416   2.7072E+02  1.7989E+02  7.6263E+01
0000417   3.9501E+02 -1.2050E+02  2.8830E+01
0000418   3.5082E+02 -4.2191E+01  4.0908E+02
0000419   3.6615E+02  1.1090E+02 -1.9972E+02
0000421   6.7374E+02  1.6656E+02 -8.8753E+01
0000422   1.9312E+02 -5.2793E+01  7.7609E+01
0000424   3.0021E+01 -1.1312E+02 -1.3411E+02
0000425   1.1842E+02 -1.3111E+02  3.0356E+01
0000426   2.6001E+02 -1.3566E+02 -3.9224E+00
0000427   2.7690E+02 -1.3195E+02  2.4984E+02
0000428   3.4382E+02 -6.8057E+01  2.5916E+02
0000429   4.7333E+01  2.1514E+02 -1.5023E+02
0000430   2.8584E+02  7.3012E+01  1.5541E+02
0000431   2.0890E+01 -7.4555E+01 -5.1078E+01
0000432   3.5119E+02 -1.2787E+02 -9.9940E-01
0000433   3.8974E+02 -1.4844E+02 -5.5583E+01
0000434   4.1969E+02  6.1945E+00  3.3592E+01
0000435   4.8445E+02  1.3375E+02 -1.8198E+02
0000436   2.4324E+02 -3.3699E+02  1.4075E+02
0000437   3.4626E+02  3.1110E+02  5.9448E+01
0000438   1.9296E+02 -1.2253E+02 -4.4238E+01
0000439   3.2804E+02  8.8442E+01 -1.8603E+02
0000440   3.5216E+02 -4.3105E+01  6.7096E+01
0000441   2.7314E+02 -1.2472E+02  4.2636E+01
0000442   1.2440E+02  7.0106E+01 -8.9219E+01
0000443   7.4741E+02 -2.1703E+02  1.2446E+02
0000444   3.1929E+02 -4.0341E+01 -5.9894E+01
0000445   4.5869E+02 -2.0781E+02  1.4826E+02
0000446   2.8548E+02  1.3239E+02  3.3063E+02
0000447   1.3356E+02  1.7216E+02 -8.9826E+01
0000448   1.4967E+02 -5.7085E+01  2.0634E+02
0000449   2.5038E+02  1.1488E+02  1.0569E+01
0000450   1.5540E+02 -2.4518E+02  3.3182E+02
0000451   6.5305E+02 -1.6962E+02 -1.3724E+02
0000452   4.0555E+02  2.8922E+02  4.6292E+01
0000453   3.1472E+02 -3.1225E+02  1.7375E+01
0000454   2.8707E+02  4.8355E+01  8.8636E+01
0000456   2.2905E+02 -1.1805E+02  2.7599E+02
0000457   4.7487E+02 -9.5768E+01  7.5074E+01
0000458   3.1243E+02 -6.6617E+00 -4.9704E+01
0000459   2.7554E+02 -2.1043E+02  2.1767E+01
0000460   3.0298E+02 -2.7159E+02  1.5392E+02
0000461   3.9123E+02  3.7940E+02 -9.5641E+01
0000462   5.2874E+02 -1.7627E+02 -1.5396E+00
0000463   1.5956E+02  1.8753E+02 -2.9841E+02
0000464   3.0434E+01  2.5781E+02 -7.1399E+01
0000465   1.8238E+02  9.9653E+01  4.8445E+00
0000466   7.8100E+02  2.6609E+02 -8.6026E+01
0000467   1.5415E+02  3.7652E+01  9.4947E+01
0000468   4.0407E+02 -2.6538E+01 -4.5143E+01
0000469   4.3016E+02 -4.0632E+01  2.1655E+02
0000470   8.0959E+00 -2.6135E+01  1.1048E+02
0000471   3.3577E+02 -1.4546E+02 -1.4682E+01
0000472   4.7705E+02 -1.2078E+02  3.0961E+02
0000473   2.5462E+02 -4.4048E+01 -1.0584E+02
0000474   4.8555E+02 -8.7302E+01  1.3219E+01
0000475   4.3659E+02 -1.0814E+02 -1.7780E+02
0000476   4.7028E+02  2.2661E+02 -1.6995E+01
0000477   7.2346E+01  6.2996E+00 -1.4561E+02
0000478   8.8800E+01 -1.6319E+02 -2.8933E+01
0000479   1.1555E+02 -1.4552E+01 -5.3266E+01
0000481   1.0093E+02  2.5884E+02 -1.5503E+02
0000482   3.1432E+02 -1.1597E+02  1.4725E+01
0000483   4.0263E+02 -1.6249E+02 -8.7351E+01
0000484   3.4464E+02  1.2335E+02  1.3302E+02
0000485   4.0349E+02  2.7951E+02  3.1950E+01
0000486   3.2215E+02  1.2794E+02 -7.8850E+01
0000487   9.0886E+01 -2.3697E+02 -1.9087E+02
0000488   1.3467E+02 -2.8300E+02  3.2214E+01
0000489   5.8697E+02 -6.0977E+02  3.0039E+01
0000490   2.0224E+02  1.0917E+02  1.0940E+02
0000491   1.3444E+02  9.3286E+01 -4.0901E+01
0000492   1.5590E+02 -2.7103E+01  1.5238E+02
0000493   5.3810E+02  1.7305E+02 -1.1351E+02
0000494   7.2688E+01  2.5908E+00  4.2284E+00
0000495   4.8974E+02  5.3803E+01  6.8672E+01
0000496   1.9877E+02 -6.7471E+01 -1.5223E+02
0000497   3.3707E+02  9.7377E+01  1.4142E+02
0000498   2.5240E+02  6.1716E+01 -8.9992E+01
0000499   4.3873E+02  3.5339E+00  9.1109E+01
0000500   2.4685E+02  1.2147E+02  1.8923E+02
0000501   4.0565E+02 -1.9161E+02 -1.5727E+02
0000502   5.4327E+02  1.5918E+02  3.6716E+01
0000503   2.3409E+02  9.0419E+01  1.2380E+02
0000504   6.4938E+02  1.9501E+02  6.2254E+01
0000505   2.6660E+02 -3.7554E+01 -9.2538E+01
0000507   3.8215E+02  5.7987E+01 -9.7220E+01
0000508   3.7050E+02  7.2833E+01  1.6973E+02
0000509   3.6791E+02  1.1658E+02 -2.7891E+02
0000510   1.6109E+01  2.3262E+02  2.8350E+02
0000511   1.8081E+02 -1.2709E+01 -2.3820E+02
0000512   1.7985E+02  5.7040E+01 -8.8111E+01
0000513   2.3418E+02 -1.1577E+02 -2.4012E+02
0000514   3.0696E+01  7.7265E+01  2.7480E+02
0000515   2.7123E+02  3.2872E+02  1.4713E+02
0000516   1.0183E+02 -1.4301E+02  3.8588E+01
0000517   1.8633E+02  2.7441E+02  1.7525E+02
0000518   2.5788E+02  7.1744E+01 -6.5471E+01
0000519   1.4537E+02  1.8210E+02  3.6465E+01
0000521   1.4483E+02  4.2588E+01  1.3012E+02
0000522   7.3389E+02  2.0559E+02 -1.6943E+02
0000523   2.5793E+02  1.6063E+02 -2.1691E+01
0000524   3.9221E+02  3.0195E+01  2.1572E+02
0000525   3.6025E+02 -2.1237E+02  7.1578E+01
0000526   1.6514E+02 -4.7308E+01 -1.0283E+02
0000527   3.9382E+02 -4.1609E+01  9.4459E+01
0000528   5.2083E+02  1.7022E+00  4.8213E+01
0000529   2.1188E+02 -1.7630E+02 -3.8786E+02
0000530   2.8704E+02  2.6127E+02 -1.4764E+02
0000531   4.1638E+02  1.6415E+02  4.4084E+01
0000534   5.4143E+02 -4.5077E+01  4.0760E+01
0000535   2.1553E+02  1.8742E+02  9.1310E+01
0000536   5.3292E+02 -2.1028E+02  1.6721E+02
0000537   1.6024E+02  1.7043E+02  2.4954E+02
0000538   2.9055E+02 -1.1232E+02  4.3433E+01
0000539   2.1353E+02 -2.4916E+02 -7.7957E+01
0000540   2.1937E+02  1.0288E+02  1.0885E+02
0000542   9.7257E+01 -7.2421E+01 -2.1724E+02
0000544   3.0944E+02  8.5128E+01 -7.2785E+01
0000545   5.0261E+01  1.1756E+02 -1.4067E+02
0000546   3.8834E+02  1.0228E+02 -1.2886E+02
0000548   4.8226E+02  1.6681E+02  2.4559E+02
0000549   1.9489E+02 -6.9040E+01 -6.5209E+01
0000550   2.5683E+02  5.1025E+01 -4.2455E+01
0000551   1.6750E+02  9.5026E+01  1.7105E+02
0000552   7.2714E+01 -9.4585E+01 -9.0984E+01
0000553   3.8905E+02  2.4168E+02  3.3663E+02
0000554   5.0700E+02 -1.9639E+02  1.4385E+02
0000555   4.7191E+02  1.2940E+02 -1.1218E+02
0000556   3.9332E+02 -7.4312E+01 -1.3554E+02
0000557   1.1483E+02 -5.2117E+01  3.7836E+02
0000558   3.7129E+02  5.3312E+01 -1.8356E+02
0000559   4.9790E+02  3.9746E+01 -1.4904E+01
0000560   1.5941E+02 -4.5506E+01 -8.0666E+01
0000561   4.3171E+02 -1.7521E+02  9.1877E+01
0000562   2.9561E+02 -3.7658E+02  1.2277E+02
0000563   3.5408E+02 -4.7758E+01 -8.2032E+01
0000564   5.0325E+02  1.9855E+02 -1.2233E+02
0000565   3.7430E+02 -6.4311E+00 -2.0192E+02
0000566   3.9935E+02 -9.7765E-01  2.2052E+02
0000567   7.2921E+02 -1.5852E+02  2.2455E+01
0000568   1.8224E+02 -6.6203E+01  1.5241E+02
0000569   2.2748E+02 -8.4177E+01  2.2977E+02
0000570   3.1655E+02 -1.7674E+02  1.5860E+02
0000571   1.0864E+02  2.8728E+02  1.7721E+02
0000572   2.0894E+02  9.1135E+01 -7.3973E+01
0000573   3.7109E+02  7.5069E+01  2.1515E+02
0000574   5.4120E+02 -3.5023E+02 -1.4288E+02
0000575   3.4746E+02  5.0209E+01 -5.4110E+01
0000576   2.5486E+02  8.3792E+01 -1.8809E+02
0000577   5.0994E+02  1.8345E+02  1.7984E+02
0000579   2.6917E+02  1.3667E+02 -5.6010E+01
0000580   4.4595E+02  2.1919E+01  7.8108E+01
0000581   4.0114E+02  7.0594E+01  4.2813E+02
0000582   5.2913E+02  8.4092E+01  1.4852E+02
0000583   5.2186E+02 -1.1681E+02 -9.3454E+01
0000584   2.6098E+02  4.2972E+02  8.2019E+01
0000585   4.2462E+02 -1.5543E+01 -1.5543E+02
0000586   2.7672E+02 -1.2355E+01  9.7371E+00
0000587   2.2919E+02  1.0381E+02 -2.5701E+02
0000588   2.0469E+02 -1.8319E+02 -2.4204E+01
0000589   1.9537E+02 -2.4016E+02 -7.9052E+01
0000591   1.7896E+02  9.9388E+01 -1.4448E+02
0000592   4.0507E+02  3.4249E+02  3.9917E+02
0000594   4.4682E+02  8.2579E+01  1.6142E+02
0000595   2.3487E+02  2.3555E+01  7.4183E+01
0000596   2.7875E+02 -9.7369E+01  9.4401E+01
0000597   4.1251E+02 -1.7801E+02  4.4816E+01
0000598   2.9890E+02  2.1490E+02  1.5932E+01
0000599   4.3235E+02  1.9632E+02  1.8927E+01
0000600   4.3917E+02 -1.3787E+02  4.6409E+01
0000601   2.4837E+02  2.8020E+01  3.4905E+01
0000602   5.8463E+01 -4.0902E+02  8.0061E+01
0000603   4.9029E+02 -6.0837E+01  6.6240E+01
0000604   7.2055E+02 -1.2357E+02  3.8094E+01
0000605   2.7522E+02  2.1735E+00 -1.5971E+02
0000606   1.7140E+02  4.1544E+02 -8.3352E+01
0000607   3.0693E+02 -1.2446E+02  1.7661E+02
0000608   1.0491E+02 -1.6442E+02 -1.6935E+02
0000609   2.0581E+02  3.1995E+01  4.6993E+01
0000610   4.6905E+02 -7.6486E+00  6.1675E+01
0000611   1.1100E+02 -2.4705E+02  8.4734E+01
0000612   4.1610E+02 -3.5256E+01 -3.6352E+01
0000613   3.5213E+02  1.3903E+02  2.2136E+02
0000614   2.2567E+02 -7.0764E+01 -1.8572E+02
0000615   2.3220E+02  2.9745E+02  3.5011E+01
0000616   2.3655E+02  1.4959E+02  3.0342E+02
0000617   4.3343E+02 -9.7518E+01  2.6763E+02
0000618   6.0193E+02 -3.6599E+02 -2.9871E+02
0000619   4.1757E+02 -1.1991E+02  6.6329E+01
0000620   3.7450E+02  3.4022E+02 -1.4797E+02
0000621   2.1585E+02 -6.2009E+01 -2.9244E+01
0000622   4.8288E+02 -1.3576E+01  2.6643E+02
0000623   2.5773E+02  8.0719E+01 -2.3751E+02
0000624   6.4087E+02  3.8264E+02  1.1399E+01
0000625   1.8824E+02 -2.6059E+02  2.6518E+02
0000627   4.2189E+02 -2.5692E+01 -1.3678E+01
0000628   5.1385E+02 -1.1801E+02  2.0935E+02
0000629   2.7694E+02  6.2489E+01 -7.8652E+01
0000631   2.7621E+02 -2.1240E+02  1.0141E+02
0000632   5.5342E+02  2.0595E+02 -9.2169E+01
0000633   4.7649E+02  2.6093E+02 -1.7320E+02
0000634   3.5796E+02 -2.5114E+02 -2.9346E+01
0000635   2.5808E+02 -2.1939E+02 -1.3090E+02
0000636   8.9382E+01 -2.2301E+02  6.6708E+01
0000637   2.1320E+02 -4.6487E+01  2.8081E+02
0000638   4.0538E+02  1.0283E+02 -5.4561E+01
0000639   1.8321E+02  7.9143E+00  1.1469E+02
0000640   1.6475E+02  1.0750E+02 -7.3151E+01
0000641   1.3221E+02 -1.7121E+02 -1.0118E+02
0000642   2.6762E+02 -5.0307E+01  2.8158E+02
0000643   4.2202E+02 -1.1833E+02  1.6297E+02
0000644   2.6659E+02 -1.1807E+02 -4.3657E+01
0000645   5.2671E+02  4.2219E+02  1.8902E+02
0000646   3.3161E+02  2.0744E+02 -1.6599E+02
0000647   5.7435E+01 -1.0488E+02 -1.6644E+02
0000648   3.5041E+02 -1.5061E+02  3.4406E+02
0000649   4.8725E+02  9.2063E+01  2.0359E+01
0000650   2.7096E+02  2.2459E+02 -2.9896E+02
0000651   3.8959E+02  1.4371E+01  2.1906E+02
0000652   1.7647E+02  2.9183E+00  5.6828E+01
0000653   3.0208E+02  7.4377E+01 -2.2665E+02
0000654   3.4437E+02  3.9287E+01 -3.6250E+02
0000655   1.4406E+02 -6.5437E-01 -2.7331E+02
0000656   1.0901E+02  4.2713E+01 -1.0862E+02
0000658   2.8515E+02  2.5735E+02 -1.7974E+02
0000659   2.7013E+02  1.9414E+02 -2.3658E+02
0000660   5.9197E+02 -3.6129E+02  1.4393E+02
0000661   3.4285E+02  2.7973E+01 -3.1086E+02
0000662   3.6338E+02 -1.5898E+02 -1.7346E+02
0000663   3.0109E+02  6.5185E+01 -3.3423E+02
0000664   5.1178E+02 -2.7549E+02  2.0441E+02
0000665   1.5314E+02  1.3298E+02 -1.1225E+02
0000666   6.1039E+02  1.8288E+02  4.5779E+01
0000667   2.2862E+02 -8.0717E+01 -2.4929E+02
0000668   5.8261E+01 -1.3702E+02 -2.0255E+01
0000669   3.3217E+02 -9.7571E+01  1.5717E+02
0000670   4.9820E+02 -2.5319E+01  7.6885E+01
0000671   6.9138E+02 -8.5652E+01 -5.5550E+01
0000672   2.1689E+01  3.9834E+01 -3.7844E+01
0000673   1.9688E+02  3.2021E+02 -1.7200E+02
0000674   3.3983E+02  4.9574E+02 -2.7074E+02
0000675   1.8463E+02  3.2069E+02  8.3981E+01
0000676   4.3482E+02  2.2560E+02  2.8020E+02
0000677   5.1319E+02  4.2756E+01  1.5550E+02
0000678   3.1010E+02  1.3156E+02  1.4937E+02
0000679   1.2840E+02 -4.0027E+01  8.4296E+01
0000680   2.9363E+02  1.0791E+02  1.1992E+02
0000681   1.9865E+02  1.2456E+02 -2.1802E+02
0000682   2.7312E+02 -1.3623E+02 -6.4812E+01
0000683   3.4033E+02  9.9951E+01 -7.2560E+01
0000684   2.6939E+02  1.0152E+02  8.9093E+01
0000685   3.7227E+01  2.4312E+01 -2.8429E+01
0000686   3.9482E+02  2.7505E+02  2.2457E+02
0000687   3.4164E+02  3.9576E+02 -4.5129E+01
0000688   2.4766E+02  1.2486E+02 -2.4341E+01
0000689   2.4272E+02  7.2401E+01  8.4842E+01
0000690   4.1272E+02  1.4691E+02 -1.7818E+02
0000691   3.6788E+02 -1.6675E+02 -2.2844E+01
0000692   2.6653E+02 -8.2716E+01  1.3227E+02
0000693   5.1002E+01  2.7921E+02  9.9186E+00
0000694   4.9841E+01 -1.1136E+02  1.9144E+01
0000696   3.2227E+02  7.8885E+01  2.2788E+01
0000697   4.2859E+02  1.6481E+02  3.1342E+02
0000698   3.3170E+02  1.5239E+02  1.2874E+02
0000699   1.9992E+02  1.7935E+02 -1.4714E+02
0000700   2.5068E+02 -5.7241E+01 -1.8290E+01
0000701   4.0652E+02 -6.9171E+01  3.3887E+02
0000702   2.0399E+02 -3.6507E+01 -6.5064E+01
0000703   1.7572E+02 -1.2343E+02  1.4801E+02
0000704   2.4846E+02 -3.6450E+01 -1.9404E+01
0000705   2.9093E+02 -6.6306E+01  1.6886E+02
0000706   4.5610E+02 -2.0925E+02  2.2050E+02
0000707   3.5655E+02 -5.9533E+01  3.3881E+02
0000708   5.8877E+01  1.4865E+02  3.8826E+01
0000709   2.2545E+02  1.8617E+01 -5.4972E+01
0000710   2.0850E+02 -1.5703E+02 -1.3610E+02
0000711   3.0518E+02 -4.1260E+02 -6.7146E+01
0000712   5.9788E+02 -8.8022E+01  7.5866E+01
0000713   4.7744E+02  1.5601E+02 -1.9123E+02
0000714   5.5181E+01  1.6932E+02 -2.2850E+02
0000715   2.7957E+01 -2.8209E+01  2.3226E+02
0000716   5.3250E+01 -7.0253E+01 -1.8319E+01
0000717   3.5377E+02 -2.4582E+02  4.8114E+01
0000718   2.4718E+02 -2.2993E+02  2.8877E+02
0000719   2.1748E+02 -3.2444E+02 -3.0333E+02
0000720   3.0026E+02  2.2054E+02  2.1455E+02
0000722   1.1413E+02  1.6009E+02 -1.8579E+02
0000723   1.8369E+02  2.8561E+02 -4.6371E+01
0000724   1.7837E+02  2.4044E+02 -1.7850E+02
0000725   2.1840E+02 -1.4878E+02 -1.7147E+02
0000726   2.9778E+02 -6.1346E+01 -7.4746E+01
0000727   3.5849E+02 -2.2072E+02 -3.0105E+02
0000728   2.5367E+02  2.0918E+01  1.7750E+02
0000729   4.3702E+02  1.3196E+02  2.8704E+01
0000730   3.6900E+02 -3.4739E+01  8.2653E+01
0000731   3.2165E+02  2.6993E+02 -6.1084E+01
0000732   3.5766E+02  3.9369E+02  2.3591E+02
0000733   2.9570E+02 -5.0526E+01  1.0293E+02
0000734   5.6835E+02  3.5004E+02  7.2022E+01
0000735   2.5582E+02 -1.0459E+01  2.2317E+01
0000736   1.0505E+02 -4.9461E+02  1.0858E+02
0000737   5.0921E+02 -1.1181E+02  2.0853E+02
0000738   2.2269E+02  3.7800E+01 -4.3287E+01
0000739   6.0576E+02 -4.8552E+02 -1.8087E+01
0000740   2.2065E+02  1.2008E+02 -1.0224E+02
0000741   4.4124E+02 -2.9457E+02 -1.2285E+02
0000742   1.2230E+02  1.9967E+02 -1.1320E+02
0000743   3.4575E+02 -9.5194E+01 -1.1978E+00
0000744   1.6238E+02  4.9678E+01  3.5622E-01
0000745   6.2999E+02  9.2211E+01  3.1878E+02
0000746   1.9216E+02 -1.4450E+02 -1.3779E+01
0000747   2.3235E+02 -1.9899E+02  6.8998E+01
0000748   3.3049E+02 -1.5090E+02  1.2079E+02
0000749   3.2928E+02 -3.4210E+02  1.4620E+02
0000750   3.7943E+02 -2.7029E+01  1.5423E+02
0000751   4.9949E+02 -1.0632E+02 -1.1306E+02
0000752   4.3751E+02  2.2858E+01  2.7074E+02
0000753   3.9083E+02 -7.0791E+01  3.6054E+01
0000754   3.3096E+02  6.3178E+01  1.1823E+02
0000755   2.9514E+02  1.9841E+02 -1.1622E+02
0000756   3.3430E+02  3.2771E+02  1.0369E+02
0000757   6.1939E+02 -3.8124E+01 -1.3996E+02
0000758   1.2030E+02  4.7923E+01 -5.0944E+00
0000759   3.2903E+01 -1.4464E+02  1.1879E+02
0000760   4.7174E+02 -1.4509E+02 -2.0415E+02
0000761   5.5629E+02  1.0761E+02 -1.1502E+02
0000762   3.8029E+02  1.6130E+02  6.4107E+02
0000763   3.5813E+02 -1.1982E+01 -1.4862E+02
0000764   4.4903E+02 -1.3014E+02  3.1531E+02
0000765   6.0557E+02 -9.1119E+01 -3.3919E+02
0000767   2.3756E+02 -2.5952E+02 -2.0217E+02
0000768   4.3600E+02 -2.8380E+02 -2.1926E+01
0000769   5.4847E+01 -2.4835E+00  2.8067E+02
0000770   3.6510E+02  1.2650E+02  1.1016E+02
0000771   2.3302E+02  1.7697E+02  3.7571E+02
0000772   5.3803E+01  1.1674E+01 -3.6492E+02
0000773   7.9515E+02  5.1706E+01  7.1460E+01
0000774   2.4384E+02  3.1342E+02 -1.7514E+02
0000775   7.1366E+01 -1.0889E+02 -1.7475E+02
0000776   2.9320E+02  2.2147E+02 -1.0034E+01
0000777   2.7300E+02 -1.0271E+02 -1.7589E+02
0000778   2.0300E+02 -4.7372E+01  1.3213E+02
0000779   3.7501E+02 -1.2012E+01  7.9797E+01
0000781   4.1565E+02  3.1020E+02 -1.0961E+02
0000782   5.2709E+02 -3.3229E+02 -1.9823E+01
0000783   3.2849E+02 -2.9712E+01  1.5408E+02
0000784   3.7135E+02 -3.4769E+02 -9.6794E+01
0000785   4.0571E+02  1.8893E+02 -1.0232E+01
0000786   2.8543E+02 -2.4207E+02  1.7119E+01
0000787   3.3127E+02 -1.3452E+02  1.6925E+02
0000788   3.8072E+02 -2.0613E+02 -2.4589E+00
0000789   2.3180E+02  1.5409E+02 -1.1781E+02
0000790   3.9333E+02 -1.2256E+02 -3.6990E+01
0000791   3.6008E+02  3.3135E+02  1.7078E+01
0000792   3.1072E+02  1.7244E+02  1.2121E+02
0000793   5.8839E+02 -2.0621E+02 -1.5448E+02
0000794   7.6783E+00  4.5664E+01  9.8835E+01
0000795   1.4731E+02 -5.2083E+01 -4.1376E+00
0000796   1.9423E+02  1.6243E+02  3.2084E+01
0000797   8.5045E+01  1.2110E+02 -2.4263E+02
0000798   5.0577E+02  1.2811E+02 -1.1599E+02
0000799   4.2577E+02  9.5993E+01  1.3034E+02
0000800   7.4024E+02  1.0972E+02 -3.4284E+01
0000801   3.3351E+02 -1.4415E+02 -4.4135E+01
0000802   4.5866E+02 -8.7588E+01  1.0349E+02
0000803   3.9958E+02  1.5055E+02 -2.1596E+02
0000805   2.4729E+02 -1.4932E+02  8.0843E+01
0000806   4.2023E+02 -1.5370E+02 -8.0960E+01
0000807   7.8512E+01  6.6908E+01  5.3922E+01
0000808   1.6039E+02 -3.2086E+01 -3.1487E+01
0000809   1.8516E+01 -1.0304E+02  4.9326E+01
0000810   4.9919E+02  8.4345E+01 -7.6582E+01
0000811   6.0861E+01  1.8652E+02 -1.8330E+02
0000812   2.7895E+02 -6.1357E+01  6.8046E+01
0000813   4.1508E+02 -4.3663E+02  1.3064E+02
0000814   6.8330E+02  2.0344E+02  2.0740E+02
0000815   3.5940E+02  3.9022E+01  1.0103E+02
0000816   3.8937E+02 -1.0829E+02 -1.3119E+01
0000817   4.5497E+02 -6.7615E+01 -1.4303E+02
0000818   3.7946E+02  2.4367E+02 -2.2194E+02
0000819   3.6285E+02 -1.1967E+01 -4.8165E+01
0000820   3.7349E+02  2.6192E+02  4.9591E+01
0000821   3.3810E+02 -9.0823E+01  7.6393E+00
0000822   2.1643E+02  5.6794E+02 -7.6169E+01
0000823   7.7324E+01  5.8799E-03 -7.6936E+00
0000824   1.0317E+02  9.8903E+01 -1.0954E+02
0000825   5.4423E+02 -3.7216E+02  2.6317E+02
0000826   4.9180E+02  5.8360E+01  1.7203E+02
0000827   1.5698E+02  1.6234E+02  1.9567E+02
0000828   4.5008E+02  1.3084E+02 -4.3677E+01
0000829   2.4707E+02  1.9236E+02  5.3027E+01
0000830   2.3437E+02  1.5586E+02 -4.2055E+02
0000831   5.8425E+02 -1.6626E+02 -2.0953E+02
0000832   2.6068E+02  1.1340E+02 -1.8990E+02
0000834   4.7785E+02 -1.9786E+02  7.4412E+01
0000835   3.6470E+02 -2.5735E+02  2.3353E+02
0000836   3.2075E+02 -3.0223E+02 -8.4406E+01
0000837   3.1345E+02 -8.6112E+01  1.6178E+01
0000838   1.2512E+02 -6.0301E+01 -1.0883E+02
0000839   3.2451E+02 -3.0757E+02 -1.5430E+02
0000840   5.3306E+02  5.7928E+01 -4.2264E+01
0000841   2.3218E+02  1.2220E+02  2.5320E+02
0000842   3.8981E+02  8.2341E+01 -2.0374E+02
0000843   7.5015E+01 -2.7386E+02 -1.5236E+02
0000844   1.6145E+02 -1.4138E+02 -7.9497E+01
0000845   5.5370E+02  7.8567E+01 -2.9735E+02
0000846   2.3857E+02  9.6800E+01 -7.8858E+01
0000848   5.7186E+02 -8.9325E+01 -1.7890E+02
0000849   3.6766E+02 -3.2841E+02 -2.0254E+02
0000850   2.7509E+02 -2.8885E+02  9.9843E+01
0000851   4.0244E+02  2.9546E+01  2.9337E+02
0000852   6.3201E+01 -8.1009E+01  1.6519E+02
0000853   3.4776E+02 -4.3124E+02  2.2750E+02
0000854   3.5893E+02 -1.7498E+02 -1.7781E+02
0000855   2.9888E+02 -3.1192E+02 -3.2267E+02
0000856   3.5228E+02 -2.6600E+01  1.8470E+02
0000857   2.4328E+02 -2.6575E+02  2.4570E+02
0000858   2.2333E+02 -1.8705E+02  2.3950E+02
0000859   1.6542E+02  1.9803E+02 -2.6664E+01
0000860   2.6721E+02  7.1455E+00 -2.7475E+02
0000861   3.1747E+02 -1.7377E+02 -2.2328E+02
0000862   1.1817E+02 -6.3231E+01  6.4782E+00
0000863   1.8224E+02  1.3865E+02 -3.8339E+01
0000864   3.2842E+02 -3.0858E+02 -3.6757E+02
0000865   8.1026E+01  1.4304E+02  1.0214E+02
0000866   5.0243E+02  2.0367E+02 -1.1736E+02
0000867   2.0010E+02  7.2810E+00  1.3573E+02
0000868   3.0307E+02  1.2332E+02 -4.5797E+01
0000869   2.4131E+02 -1.8499E+02 -4.8127E+01
0000870   4.6888E+02 -1.4273E+02  8.0205E+01
0000871   4.4045E+02  8.6695E+01 -7.7893E+01
0000872   1.8396E+01  1.3299E+02  1.5814E+02
0000873   3.9549E+02 -3.9115E+01  2.1860E+01
0000874   4.0875E+02  4.6311E+02  5.2159E+01
0000875   3.6161E+02  7.0245E+01  2.1032E+02
0000876   4.4139E+02  5.2607E+02 -1.1750E+02
0000877   1.7269E+02  5.3671E+01 -5.0250E+01
0000878   6.7112E+01 -2.8656E+02 -6.8764E+01
0000879   3.6166E+02 -4.7895E+01 -1.7344E+02
0000880   4.3001E+02 -9.5933E+01  4.6125E+01
0000881   2.5333E+02  1.1223E+02  1.3324E+02
0000882   3.4544E+02 -8.5218E+01 -5.2962E+00
0000883   2.8351E+02 -3.6774E+01  6.0213E+01
0000884   2.4593E+02  3.7485E+01  1.3368E+02
0000885   2.3705E+02  3.6706E+02 -2.3629E+01
0000886   4.5331E+02 -1.8105E+02  4.5532E+01
0000887   5.2279E+02  3.0397E+02 -2.3255E+02
0000888   2.8329E+02  1.9261E+02  2.9301E+02
0000889   1.8446E+02  3.1915E+02  1.3957E+02
0000890   2.2040E+02  1.9960E+01  1.5165E+02
0000892   3.8309E+02 -1.5996E+02  1.0582E+02
0000893   2.8800E+02  8.5689E+00  7.3007E+01
0000894   2.3997E+02 -2.1732E+02 -2.2465E+02
0000895   4.4076E+02  2.0071E+02  1.3891E+02
0000896   5.0433E+02  1.9776E+01  3.1241E+02
0000897   2.7062E+02 -3.1145E+02 -8.6511E+01
0000898   4.5324E+02 -1.0476E+02  4.4557E+01
0000899   2.1464E+02 -1.4433E+02 -4.2755E+02
0000900   3.8417E+02  5.9833E+00 -2.5075E+02
0000901   7.7206E+01 -5.4554E+01  3.0777E+01
0000902   9.1976E+01  4.2767E+01 -7.8668E+00
0000903   3.0852E+02 -4.7896E+01  1.1364E+02
0000904   2.0315E+02 -1.2531E+02  4.8023E+01
0000905   3.2602E+02  9.5130E+01 -4.9960E+01
0000906   2.1028E+02  2.4697E+01 -1.1751E+02
0000907   2.9610E+02 -2.1338E+02  1.7312E+01
0000908   2.3029E+02  3.0455E+01  2.3910E+02
0000909   3.1571E+02  4.2901E+01 -5.1360E+01
0000910   1.5171E+02 -2.3142E+02  1.4888E+02
0000912   1.6295E+02  1.5965E+02 -5.3181E+01
0000913   3.4728E+02 -2.0554E+02 -1.9844E+02
0000914   3.7821E+02 -1.2477E+02  6.1508E+01
0000915   2.3293E+02  6.3433E+01 -9.8927E+01
0000916   1.5341E+02  8.7676E+01  1.9236E+02
0000917   3.7668E+02  1.5830E+00  1.1278E+02
0000918   3.5871E+02  1.7569E+01 -1.0267E+01
0000919   3.4713E+02  2.5858E+02 -3.0547E+02
0000920   5.7137E+01 -7.4370E+01  4.5170E+02
0000921   2.1237E+02 -6.5521E+01  1.0110E+02
0000922   1.1757E+02  8.4756E+01  7.7530E+00
0000923   4.2270E+02 -1.3079E+02  2.3268E+02
0000924   2.6327E+02  2.1072E+02 -2.0025E+02
0000925   6.2721E+02  1.8547E+02  1.9069E+01
0000926   2.8457E+02 -1.6585E+01 -2.6534E+02
0000927   2.2461E+02  2.6019E+00 -6.7300E+01
0000928   3.2169E+02  1.2655E+02 -2.3529E+02
0000930   4.3037E+02  7.1240E+01 -7.7218E+01
0000931   5.2248E+02 -5.6506E-01 -3.7837E+02
0000932   5.0910E+02  1.2362E+02 -7.3738E+01
0000933   3.9086E+02  4.8944E+00  9.8821E+01
0000934   2.0165E+02 -1.3220E+02 -1.3287E+01
0000936   2.6826E+02 -1.8295E+02  5.9006E+01
0000937   2.6960E+02  1.5703E+02 -1.0802E+02
0000939   2.9162E+02 -1.2429E+02 -1.1032E+02
0000940   1.9238E+02 -1.2983E+02 -2.6895E+02
0000941   6.4013E+02  1.7664E+02  7.7074E+01
0000942   6.6511E+02 -9.0105E+01 -9.6438E+01
0000943   3.7862E+02 -2.0219E+01 -1.5276E+02
0000945   4.0591E+02  5.7095E+00 -3.3663E+02
0000946   4.6803E+02  2.2588E+02  3.8111E+01
0000947   4.0113E+01 -2.2157E+01  1.5770E+02
0000948   2.9999E+02 -9.9757E+01  1.3879E+02
0000949   3.8996E+02  1.5521E+02  3.1599E+02
0000950   1.9990E+02 -8.6016E+01 -3.0105E+02
0000951   1.6639E+02  2.1992E+01  6.8097E+01
0000952   3.7758E+02  7.2781E+01 -3.8073E+02
0000953   5.8838E+01 -1.4280E+02  1.2866E+02
0000954   2.5060E+02 -3.7444E+02  9.7080E+00
0000955   1.7703E+02  7.3461E+01  1.6129E+02
0000956   4.5113E+02 -2.4299E+02  2.7334E+02
0000957   1.2851E+02  2.0620E+02  2.1166E+02
0000958   2.6279E+02  1.0689E+02  8.0111E+01
0000959   2.6812E+02 -1.4194E+02 -1.0023E+02
0000960   3.0650E+02  7.4616E+01  3.3358E+02
0000962   4.8267E+02 -1.7799E+02 -2.6512E+02
0000963   5.0732E+02 -7.5188E+01 -1.1185E+02
0000964   4.9171E+02 -1.7662E+02  3.3110E+02
0000965   1.5081E+02 -9.7313E+00  2.9698E+02
0000966   3.5227E+02  1.0006E+02 -1.7336E+02
0000967   2.1919E+02 -1.8053E+02 -1.8937E+01
0000968   2.8885E+02  2.9299E+01  2.1203E+02
0000969   4.0562E+02 -2.2892E+02  6.3738E+01
0000970   4.3863E+02  3.7304E+02 -7.7159E+01
0000971   3.3460E+02 -9.9780E+01 -1.5031E+02
0000972   5.3254E+02  5.1028E+01 -6.4960E+01
0000973   3.0293E+02 -1.2860E+02 -1.5583E+02
0000974   2.3379E+02  1.0276E+02 -2.4873E+02
0000976   1.9158E+02  1.8832E+02  3.5183E+01
0000977   1.1101E+02  5.4492E+00  1.7699E+02
0000978   3.6281E+02  4.4386E+01 -3.8952E+01
0000979   2.9555E+02 -3.9057E+01  2.1483E+02
0000980   2.7984E+02  2.0244E+02  4.3551E+01
0000981   3.3465E+02 -3.2382E+01  1.1025E+02
0000982   4.8655E+02 -5.2880E+01 -3.1482E+02
0000983   5.1946E+02 -1.6095E+02 -2.0432E+02
0000984   1.8786E+02  8.2143E-01  6.2567E+01
0000985   3.3090E+02 -3.1465E+01  2.9012E+01
0000986   3.9676E+02 -3.3611E+02  2.1483E+02
0000987   5.2775E+02 -1.1475E+02 -6.1715E+01
0000988   2.7566E+02 -3.4055E+01 -2.0205E+01
0000989   2.7382E+02  2.0271E+01 -1.8776E+02
0000990   2.4241E+02  2.1507E+01 -1.2591E+01
0000991   1.8253E+02  4.2112E+01  1.9850E+01
0000992   6.0867E+02 -4.4689E+01 -5.7434E+01
0000993   1.0509E+02  8.6068E+01  1.0723E+02
0000994   7.6420E+01  7.6878E+01  1.2577E+02
0000995   1.7156E+02  4.9459E+02  1.0740E+01
0000996   1.8144E+02 -1.3551E+02 -1.9622E+02
0000997   2.1331E+02  2.4809E+02  2.4579E+02
0000998   4.4010E+01 -1.2079E+02 -9.3353E+01
0000999   1.3954E+02  1.3106E+02  1.0783E+02
0001000   5.6781E+02  1.5909E+01  1.8879E+02
