============================== SRIM-2013.00 ==============================
==============================================================================
====== SRIM Outputs\RANGE_3D.txt : File of Final Ion Positions =====

Ion =  F (09)   Ion Mass= 018.9984
Energy  = 3000000.E-05 keV
Ion Angle to Surface = 00.0 degrees
==================== TARGET =======================
  Layer # 1 - None
  Layer # 1 - Bottom Depth=500000.E-01 A
  Layer # 1 - Density =0007.8700 g/cm3
  Layer # 1 -  100 % of Fe
ÍÍÍÍÍÍÍÍÍÍÍÍÍÍÍÍÍÍÍÍÍÍÍÍÍÍÍÍÍÍÍÍÍÍÍÍÍÍÍÍÍÍÍÍÍÍÍÍÍÍÍÍ
                                            
Ion       Depth  X   Lateral Y   Lateral Z  
Number    (Angstrom) (Angstrom)  (Angstrom) 
-------  ----------- ----------- -----------
0000001   6.6008E+01  1.3266E+02  1.3680E+02
0000002   7.0040E+01 -1.9024E+02  9.2548E+01
0000003   1.6631E+02 -3.2398E+01  1.0278E+02
0000004   3.4081E+02 -1.3418E+02 -4.5053E+01
0000006   1.4681E+02 -2.2284E+02  2.1449E+02
0000007   8.5417E+01  3.9874E+00  1.0800E+00
0000008   3.5050E+02 -1.6555E+02  2.0030E+02
0000009   3.6435E+02 -1.3144E+02 -3.4773E+01
0000010   3.5074E+02 -1.9841E+02 -1.7635E+02
0000011   2.6350E+02  1.4672E+02 -5.9425E+00
0000012   4.4420E+02  1.2396E+02  9.8107E+01
0000013   4.5812E+02 -3.7018E+01 -2.3705E+02
0000014   1.6713E+02  9.4436E+01 -1.0046E+02
0000015   5.6965E+01 -2.8274E+01 -2.3779E+02
0000016   1.5852E+02  2.0027E+02 -5.7687E+01
0000017   3.7704E+02  3.8457E+01 -2.6584E+01
0000018   6.4265E+02  1.8185E+02 -3.2733E+00
0000020   1.7909E+02  8.1506E+01  3.6039E+02
0000021   1.4789E+02 -3.1745E+02 -3.5558E+01
0000022   6.0455E+02 -2.7285E+02  3.9434E+01
0000023   2.3287E+02 -2.6436E+02  7.4792E+01
0000024   4.3273E+02  4.0536E+01  2.5832E+02
0000025   3.8829E+02 -1.5065E+02 -3.0230E+01
0000026   1.5421E+02  3.4770E+01 -1.6267E+02
0000027   4.5293E+01  2.7393E+02 -9.6943E+01
0000028   1.4504E+02  1.0649E+02 -1.5099E+02
0000029   3.8312E+02  3.4863E+02 -6.8427E+01
0000030   3.1756E+02 -3.5182E+01 -2.4511E+01
0000031   1.6682E+02 -1.0812E+02  2.1476E+02
0000032   2.1096E+02  9.0802E+01  2.1403E+02
0000033   6.2259E+02  1.7893E+02  2.0256E+02
0000034   5.5811E+02  1.6762E+02  2.1954E+01
0000035   4.5565E+02 -1.9253E+02 -1.1341E+01
0000036   2.4430E+02 -2.0400E+02  2.9730E+02
0000037   2.7453E+02 -7.2260E+01  2.2536E+02
0000038   5.3166E+02 -7.2879E+01  5.9056E+00
0000039   2.9508E+02  1.4264E+02 -2.0646E+02
0000040   1.5305E+02 -1.9420E+01  3.7669E+02
0000041   3.5421E+02 -7.5682E+01 -1.3430E+02
0000042   4.2915E+02 -1.3080E+01  1.0449E+02
0000043   3.7265E+02 -2.6378E+01 -8.1039E+01
0000044   7.0539E+01  6.0547E+01 -2.4892E+01
0000045   2.9394E+02  3.9283E+02 -1.5313E+02
0000046   2.4958E+02  1.9868E+02  7.5885E+01
0000047   4.3170E+02 -2.9993E+02  9.2003E+01
0000048   1.5884E+02  1.2821E+02 -7.4986E+00
0000049   1.8736E+02 -3.8673E+01  2.0435E+01
0000050   2.9846E+02  2.0576E+02  2.0814E+02
0000051   4.9260E+02  2.0134E+02 -2.5791E+02
0000053   3.9485E+02 -1.9235E+02 -8.8825E+01
0000054   5.7898E+02  1.9908E+02 -6.2082E+01
0000055   1.6842E+02  3.3959E+00  1.6207E+02
0000056   1.5277E+02 -1.1060E+02  6.4854E+01
0000057   1.5953E+02  2.0397E+02 -3.5084E+02
0000059   1.6257E+02  2.1400E+02  8.1247E+01
0000060   1.6632E+02  1.1631E+02 -7.9147E+01
0000061   2.3524E+02 -2.3182E+02 -7.1523E+00
0000062   1.9218E+02  4.6048E-01 -1.5246E+02
0000063   4.1660E+02 -1.6887E+02 -1.0076E+02
0000064   3.4192E+02  4.4553E+02 -1.1900E+02
0000065   2.2356E+02 -2.0636E+02 -1.2875E+02
0000066   2.3367E+02  5.3738E+01  1.9290E+02
0000067   2.6040E+02 -1.6309E+02 -1.1428E+02
0000069   9.3846E+01  2.8662E+02 -2.7942E+01
0000070   2.7706E+02  2.6415E+02 -2.8928E+02
0000071   2.4308E+02 -5.4973E+01 -4.0323E+02
0000072   2.8416E+02 -1.7066E+01  1.6823E+02
0000073   3.5109E+02  7.2513E+01 -3.0864E+01
0000074   5.0465E+02 -1.8045E+02  9.8585E+01
0000075   4.2872E+02 -1.6741E+02  2.0418E+02
0000077   3.5409E+01  2.0580E+02 -3.0712E+02
0000078   1.9655E+02 -9.4003E+01  1.9310E+02
0000079   6.2962E+02  4.9470E+01 -3.0260E+02
0000080   2.0595E+02 -7.5430E+01  1.2801E+01
0000082   5.9894E+02  1.4994E+01  2.3404E+02
0000083   1.4363E+02  2.0165E+01  8.0912E+01
0000085   1.8634E+02 -1.3560E+02 -5.4355E+01
0000086   4.9365E+02 -4.7558E+01 -1.1586E+02
0000087   5.5831E+01 -6.0285E+01 -1.5416E+02
0000088   5.1002E+02  7.4241E+01 -4.4005E+02
0000089   1.4218E+02 -4.2536E+02 -5.9125E+01
0000090   4.5279E+02 -2.2588E+02 -1.7916E+01
0000091   1.2648E+02  5.5647E+02  1.3024E+02
0000092   5.9182E+01  2.3923E+02 -8.0040E+01
0000095   5.0387E+02  2.6301E+02  1.1896E+02
0000096   4.4806E+02 -1.5748E+02  1.2933E+02
0000097   1.8981E+02 -4.9661E-01  1.3385E+02
0000098   3.1095E+02 -9.5307E+01  1.3287E+02
0000099   2.3740E+02 -9.0500E+01 -9.1060E+01
0000100   2.1583E+02 -1.0043E+02 -9.4400E+01
0000101   1.4376E+02 -5.2695E+01 -9.3009E+01
0000102   2.4025E+02  2.2952E+02  3.1366E+02
0000103   1.5304E+02 -2.4810E+02 -1.6865E+02
0000104   1.2471E+02  1.9721E+02 -8.6028E+01
0000105   2.6579E+02  1.8301E+02  1.4404E+01
0000106   5.1181E+02 -8.1563E+01 -2.0217E+02
0000108   4.1383E+02  2.9456E+01 -7.3795E+01
0000109   3.5771E+02  1.3410E+02  6.8845E+01
0000110   2.6769E+02 -2.1787E+02  3.5943E+01
0000112   1.5192E+02 -6.6540E+01  4.7708E+02
0000113   3.0337E+02 -2.3140E+02 -2.1768E+02
0000114   3.0561E+02  1.6502E+02 -2.1944E+02
0000115   3.6795E+02 -2.5514E+02  1.8228E+02
0000116   5.1290E+02 -8.8856E+01 -2.1902E+02
0000117   5.5887E+02  7.4473E+01 -7.2762E+01
0000118   2.4492E+02  1.1416E+02  3.0237E+02
0000119   3.7630E+02  4.2282E+01  2.5501E+02
0000120   1.0117E+02  3.8573E+01  1.2541E+01
0000121   1.2555E+02  6.0311E+01  1.6854E+02
0000122   1.8060E+02  9.4398E+01 -8.9922E+01
0000123   3.1855E+02  7.2896E+01 -1.7537E+01
0000124   1.1801E+02  2.0408E+01  1.1686E+02
0000126   2.9984E+02  2.5825E+02  2.2125E+02
0000127   2.9625E+01 -4.6713E+01 -3.8197E+01
0000128   5.4743E+02 -3.3154E+02 -3.0393E+01
0000129   1.9802E+02 -6.3166E+01 -1.4314E+02
0000130   3.6204E+02  1.1087E+02 -1.9663E+01
0000131   2.7724E+02 -2.1464E+02 -2.0675E+02
0000132   4.1775E+02 -7.8674E+01  1.9055E+02
0000133   1.0823E+02  1.6724E+02 -3.8745E+02
0000134   9.8427E+00  1.3363E+02  2.4559E+02
0000135   1.9394E+02 -1.9434E+01  1.4935E+02
0000136   1.5214E+02  1.1697E+02  8.5853E+01
0000137   2.9494E+02 -8.2845E+00  1.8257E+02
0000138   5.3557E+02 -1.5400E+02  2.3250E+02
0000139   4.4375E+02 -6.9630E+01  1.0710E+01
0000140   2.7389E+01  2.0528E+02  1.4466E+02
0000142   2.6797E+02 -4.5879E-01 -1.3345E+02
0000143   3.9801E+02 -4.8474E+01 -3.5212E+01
0000144   1.4609E+02 -5.3463E+01  8.7615E+01
0000145   4.3096E+02 -1.3192E+02 -9.9234E+01
0000146   3.7694E+02  3.7885E+02  1.6011E+02
0000147   2.8817E+02 -2.4007E+02 -1.6557E+02
0000148   2.0715E+02 -2.6602E+02  1.2616E+02
0000149   3.5506E+02  3.8670E+01  8.4657E+01
0000150   2.4888E+02 -2.2859E+02  1.8358E+02
0000151   5.0234E+01  2.5409E+01  1.2153E+02
0000152   3.8779E+02  1.6416E+02 -5.3271E+01
0000153   3.7518E+02  5.2804E+01 -1.8334E+02
0000154   4.7658E+02 -1.6939E+02 -7.3352E+01
0000155   2.4487E+02 -8.2998E+00  3.2476E+01
0000156   2.8717E+02  1.8436E+02  1.2961E+02
0000157   9.1886E+01  2.6264E+02  2.8649E+01
0000158   1.9841E+02  1.9656E+02 -2.8167E+01
0000159   1.5324E+02  1.6467E+01 -1.8747E+02
0000160   3.3534E+02  3.2635E+01 -2.7326E+02
0000161   1.4093E+02  1.3556E+01 -3.2830E+01
0000162   3.3762E+02 -2.3799E+02  2.7877E+02
0000163   7.2979E+01  1.6114E+02  3.0739E+01
0000164   3.5508E+02  7.9207E+01  1.0882E+01
0000165   2.8634E+02  1.5784E+02 -3.5034E+01
0000166   5.1263E+02  1.1750E+01  6.2120E+01
0000167   2.6855E+02  4.8459E+02  1.4874E+02
0000168   2.8948E+02  1.2978E+01  7.6483E+00
0000169   1.5274E+02 -8.7365E+01  3.2479E+01
0000170   1.2275E+02  2.5258E+01  7.9889E+01
0000171   5.4080E+02  1.4769E+02 -2.3032E+02
0000173   2.2834E+02  1.0299E+01 -2.5120E+02
0000174   5.1738E+02  1.6307E+02  2.0499E+01
0000175   2.1936E+02  2.1394E+02 -2.5664E+01
0000176   3.0438E+02 -6.6535E+01  7.8568E+01
0000177   2.5394E+02  3.9480E+02  8.1597E+01
0000178   2.2719E+02  5.2884E+01 -2.0633E+02
0000179   1.8803E+02  1.4530E+02 -1.4492E+02
0000180   4.9820E+02 -7.8955E+01  2.3105E+02
0000181   3.4610E+02  4.9819E+01  1.1289E+02
0000182   3.6406E+02  6.7621E+01  2.2810E+02
0000183   5.9377E+02 -1.6196E+02  3.1932E+01
0000184   3.9932E+02  4.4071E+01  1.7506E+02
0000185   1.0302E+02  2.3979E+02  3.2072E+02
0000186   2.1629E+02  1.9032E+02  3.8228E+02
0000187   9.4188E+01 -5.7623E+01 -2.4126E+01
0000188   2.6936E+02  3.2235E+02 -1.9292E+02
0000189   3.7920E+02  6.8545E+01 -3.4750E+02
0000190   2.7949E+02  8.0765E+01 -3.0152E+02
0000191   2.0465E+02 -1.0749E+02  8.7736E+01
0000192   2.4838E+02  2.4486E+02  1.5758E+02
0000193   2.0277E+02  1.0342E+02  3.8262E+01
0000195   5.4302E+02  2.2804E+02  1.2467E+02
0000196   1.7552E+02 -2.2458E+02 -1.3050E+02
0000197   3.1222E+02 -1.5937E+02 -2.4623E+02
0000199   1.7838E+02  1.4905E+02 -2.6321E+01
0000200   2.9063E+02  1.6701E+01  3.2407E+02
0000201   3.4571E+02  8.2083E+01 -1.4529E+02
0000202   1.3562E+02 -1.5393E+02  8.0450E+00
0000203   1.0033E+02 -2.4667E+02  1.1174E+02
0000204   2.4127E+02 -7.6438E+01 -5.8534E+01
0000205   4.9187E+02 -5.3658E+00 -2.1421E+02
0000206   5.4219E+02  1.5605E+02 -3.4841E+00
0000207   2.2447E+02  5.5529E+01  3.5802E+01
0000208   3.8684E+02  1.4480E+02  1.7873E+02
0000209   1.5336E+02 -5.9045E+01 -7.5563E+01
0000210   2.2789E+02 -2.5173E+02 -9.8418E+01
0000211   4.6583E+02  1.2226E+02 -2.0658E+01
0000212   7.0931E+02 -1.8647E+02 -7.4135E+01
0000213   1.4434E+01 -1.5640E+02 -1.5258E+02
0000214   4.7045E+02 -2.8406E+02  1.3381E+02
0000215   3.5530E+02 -2.8223E+01  9.4947E+00
0000216   9.0159E+01 -5.0416E+01 -8.8771E+01
0000217   1.4144E+02  7.1691E+01  2.2588E+02
0000218   1.7248E+02 -1.4346E+02  1.3856E+02
0000219   4.2875E+02  1.3959E+02  6.0196E+02
0000220   3.2761E+02 -1.7232E+02 -3.8829E+00
0000221   2.1563E+02  4.9163E+01 -4.2713E+00
0000222   2.6142E+02  4.1793E+01 -1.7294E+02
0000223   1.7572E+02 -9.9504E+01  3.3664E+02
0000224   5.7803E+02  2.0181E+02 -1.1255E+00
0000225   1.3206E+02 -5.7339E+01 -9.7191E+00
0000226   1.2914E+02 -1.2689E+02  1.5336E+02
0000227   8.7652E+02 -1.0247E+02 -6.0163E+01
0000228   1.6322E+02  8.9282E+01  2.2385E+02
0000229   1.5794E+02  9.2580E+01 -3.0871E+00
0000230   6.1554E+02  1.1202E+02  1.9509E+02
0000231   3.2861E+02  1.4590E+01  6.6336E+01
0000232   2.5905E+02 -1.3889E+02  2.4195E+02
0000233   4.9822E+02  7.4524E+01  2.7215E+02
0000234   5.2000E+02  1.7689E+02 -9.5454E+01
0000235   7.3871E+01  1.2483E+02  5.2864E+01
0000236   2.5580E+02 -1.5188E+02  2.2891E+01
0000237   8.4874E+01 -5.5744E+00  6.9057E+00
0000238   1.5690E+02  1.7422E+01  4.5307E+02
0000239   6.0337E+01 -6.9820E+01  2.7204E+02
0000240   1.4291E+02 -8.9202E+01 -2.5471E+02
0000241   4.9723E+02 -2.0448E+02  1.5996E+02
0000242   1.6494E+02 -7.2810E+01 -1.9102E+02
0000243   3.1887E+02  2.2214E+02  2.7283E+02
0000245   3.1290E+02 -3.3357E+02  2.9590E+02
0000246   4.2606E+02 -1.0603E+02 -2.0246E+02
0000247   4.8600E+01 -9.7696E+01  3.1488E+02
0000248   3.1673E+02  1.6502E+02 -1.3196E+02
0000249   5.5198E+02 -5.9836E+01  2.2243E+02
0000250   2.7566E+02 -1.2943E+02 -7.0663E+01
0000251   4.0642E+02 -2.8788E+02  2.2630E+02
0000252   3.6128E+02 -2.8510E+01 -1.4363E+02
0000253   5.2646E+02  1.4182E+02  3.5027E+02
0000254   1.6566E+02 -3.4370E+01  2.0560E+02
0000255   5.2849E+02 -9.5441E+01  1.2248E+02
0000256   4.6004E+02  3.8775E+02 -2.5234E+02
0000257   2.8956E+02 -1.3134E+02  3.5911E+01
0000258   2.8602E+02  5.6319E+00  3.9207E+02
0000259   4.3486E+02  9.4789E+01  2.9490E+01
0000260   4.9249E+02  3.6449E+02  2.5101E+02
0000261   3.4078E+02  1.9702E+02  4.5363E+02
0000262   6.4277E+02 -2.7347E+02 -4.6444E+01
0000263   2.0572E+02 -3.1147E+01  2.5504E+02
0000264   2.2164E+02  8.7380E+01 -1.7807E+02
0000265   1.4338E+02  2.2479E+02  1.9894E+02
0000266   3.0512E+02 -1.0900E+02  1.5013E+02
0000267   2.6796E+02 -6.7004E+01  8.3994E+01
0000268   2.3007E+02  8.0868E+00  1.2556E+02
0000269   5.3179E+01  3.9485E+02 -3.2768E+02
0000270   3.3553E+02  2.0940E+02  3.5616E+01
0000271   2.9669E+02 -6.8501E+01  3.0254E+01
0000273   2.0748E+02 -5.1612E+00 -1.2144E+02
0000274   2.6252E+02  1.7374E+02  3.4251E+02
0000276   3.5780E+02 -1.3964E+02  7.1069E+01
0000277   5.1422E+02 -2.8626E+02 -2.1506E+02
0000278   4.0368E+02 -1.4589E+02 -3.0574E+01
0000280   4.3613E+02  3.9264E+01  6.9805E+01
0000281   3.4645E+02 -2.5155E+02  7.9251E+01
0000282   2.2393E+02  2.2579E+01 -1.7985E+01
0000283   2.2548E+02 -2.0906E+02 -3.3899E+02
0000284   2.0693E+02 -2.6282E+01 -1.0231E+02
0000286   1.1183E+02 -1.1467E+01 -9.1586E+01
0000287   4.3939E+02 -3.1029E+02 -5.6095E+00
0000288   2.2491E+02  1.1667E+02 -4.3401E+01
0000289   1.2596E+02 -4.4240E+01 -1.1818E+02
0000290   2.7343E+02 -4.0944E+01 -1.0606E+02
0000291   4.1049E+02  1.2693E+01  9.7414E+01
0000292   1.5408E+02  1.3652E+02  7.8692E+01
0000293   2.6156E+02  8.4153E+00 -2.0338E+02
0000294   3.8140E+02 -2.5430E+01  7.8084E+01
0000295   2.9329E+02 -2.6945E+02 -4.7998E+01
0000296   1.9278E+02  4.0052E+01  3.5769E+01
0000297   5.9468E+02 -2.3495E+01  1.2743E+02
0000298   8.6795E+01 -1.4028E+02 -3.5166E+01
0000299   3.9523E+02  1.3617E+02  1.6401E+02
0000300   3.3364E+02  4.6988E+01 -9.1007E+01
0000301   4.0358E+02 -1.0188E+02  3.6102E+01
0000302   7.8673E+01  1.5824E+02 -1.8483E+02
0000303   1.3018E+02  1.6480E+02  1.0634E+02
0000304   3.7138E+02 -3.9887E+01  2.5405E+02
0000305   3.6029E+02 -1.0056E+02  1.3608E+01
0000306   1.5091E+01 -5.9371E+01 -9.2190E+00
0000307   2.7645E+02  9.3426E+00  5.1018E+02
0000308   1.3891E+02 -2.9973E+00  1.3251E+02
0000309   3.3922E+02  1.7358E+02 -3.3468E+01
0000310   4.2314E+02 -4.4975E+01  9.2988E+01
0000311   3.4164E+02  1.2745E+02 -3.0236E+02
0000312   5.0738E+02 -1.8114E+02  7.8052E+01
0000313   4.1046E+02 -4.0127E+01  1.7313E+02
0000314   1.3794E+02  1.2090E+02 -2.6516E+00
0000315   1.6700E+02 -2.4278E+02 -2.7425E+02
0000316   3.1425E+02 -3.1162E+02  1.6605E+02
0000318   4.3711E+02 -3.6566E+01  8.8631E+01
0000320   4.3507E+02  9.2711E+01  9.2661E+01
0000321   1.6130E+02 -6.6419E+01  2.7291E+02
0000322   4.3118E+02 -6.7077E+01 -3.7511E+01
0000323   4.3890E+02  2.7878E+01 -1.3561E+02
0000324   3.6941E+02  1.0342E+02 -3.7476E+02
0000325   4.7011E+02  7.6799E+01 -3.1014E+02
0000326   4.1891E+02 -2.7736E+02  5.4753E+01
0000327   1.9208E+02 -1.3870E+02 -5.6179E+01
0000328   3.3431E+02 -6.2536E+01  1.9297E+02
0000329   6.6147E+02 -3.8200E+01 -7.4554E+01
0000330   2.0099E+02 -4.1805E+02  1.9238E+02
0000331   3.9231E+02 -9.3584E+00 -5.6247E+01
0000332   3.4997E+02 -4.6582E+02 -4.2499E+01
0000333   3.4422E+02 -5.9151E+01 -8.1729E+00
0000334   6.0591E+02  2.1984E+01 -3.4014E+02
0000335   3.4391E+02 -8.3636E+01  1.1246E+02
0000336   3.2678E+02 -3.9319E+01  1.2373E+01
0000337   2.0188E+02 -3.3568E+02  8.2949E+01
0000338   4.2698E+02 -1.2387E+02  2.2996E+02
0000339   1.9171E+02 -1.5057E+02 -3.0489E+02
0000340   3.1128E+02 -1.2432E+02 -2.5767E+02
0000341   5.7486E+02 -2.5749E+02  2.5259E+01
0000342   2.6066E+02 -2.0039E+02  4.1905E+02
0000343   2.2445E+02 -2.4559E+01 -8.7259E+00
0000344   5.1529E+02 -9.3645E+01 -2.8990E+02
0000345   5.6929E+02  1.8269E+02 -1.0327E+01
0000346   5.8829E+02  2.6475E+02  3.2021E+01
0000347   2.4126E+02  1.1880E+02 -1.8271E+01
0000348   2.2400E+02 -5.2563E+01 -1.3216E+01
0000349   4.0602E+02 -2.3893E+02  2.9311E+02
0000350   2.4643E+01 -3.3831E+00 -2.4340E+01
0000351   1.8525E+02 -1.7779E+02  6.9253E+01
0000352   3.1433E+02 -1.2486E+02  3.4352E+01
0000354   3.3035E+02  5.7568E+00 -7.5684E+01
0000355   2.3459E+02 -5.8505E+01 -7.6795E+01
0000356   2.2192E+02 -2.5656E+02 -2.9854E+02
0000357   1.1442E+01 -9.5079E+01  9.7193E+01
0000358   3.7187E+02 -1.9793E+01  3.5850E+02
0000359   4.6785E+02  2.3324E+01 -1.5023E+02
0000360   4.5565E+02  2.0924E+02  5.0031E+01
0000361   3.0223E+02  1.8715E+02  1.0315E+02
0000362   1.1025E+02  1.9189E+01 -1.8616E+02
0000363   2.3458E+02 -1.8709E+02 -2.5662E+02
0000364   2.0180E+02  2.7134E+01  7.2705E+01
0000365   4.6297E+02 -1.3397E+02 -9.2073E+01
0000366   3.5723E+02 -8.4225E+01  1.0676E+02
0000367   6.0852E+02  6.0075E+00  1.2451E+00
0000368   3.1872E+02 -4.9788E+01 -1.9912E+02
0000369   1.9158E+02  1.9972E+02 -2.8716E+01
0000370   1.7857E+02  5.0216E+01 -3.4893E+02
0000371   2.6903E+02  3.5650E+01  1.6990E+02
0000372   2.4856E+02 -1.0619E+02  6.4582E+01
0000373   4.1705E+02  1.3077E+02  3.1938E+02
0000374   3.6380E+02  5.3956E+01  9.3873E+01
0000375   3.2639E+02 -2.7875E+01  9.4689E+00
0000377   1.9406E+02 -3.0754E+02  1.3864E+01
0000378   1.9545E+01 -6.2788E+01 -3.6568E+02
0000379   1.2445E+02  4.9910E+01  2.0291E+02
0000380   2.7597E+02 -3.2087E+02 -1.4970E+02
0000381   4.8614E+02 -1.6496E+02 -1.9358E+02
0000382   1.0851E+02  2.2770E+02 -3.4383E+02
0000383   1.8645E+02 -1.4540E+02  1.2530E+02
0000384   1.9384E+02  6.5146E+00  2.1898E+02
0000385   1.0233E+02  2.1360E+00  2.8129E+02
0000386   4.9701E+02  7.1574E+01 -7.1211E+01
0000387   2.1736E+02 -2.2226E+02 -2.2524E+01
0000388   2.8445E+02 -1.3448E+02 -4.2690E+00
0000389   2.5395E+02 -1.5194E+02 -2.0733E+01
0000390   1.7321E+02 -2.9468E+02  1.9973E+02
0000391   2.4140E+02  4.0771E+02 -1.9118E+01
0000392   3.7325E+02 -2.7135E+02  3.7821E+02
0000393   3.0810E+02 -1.5597E+02 -2.0061E+02
0000394   6.5350E+02 -4.7058E+01 -1.1138E+02
0000395   3.6452E+02  1.6044E+01 -1.5109E+02
0000396   6.0826E+02  1.6999E+02  1.3496E+02
0000397   2.7728E+02 -1.7034E+01 -8.9377E+01
0000398   3.9599E+02 -3.0421E+02  3.8468E+01
0000399   3.5676E+02  3.7004E+01 -9.8772E+01
0000400   2.8602E+02 -3.1334E+02  2.3625E+02
0000401   3.7774E+02  1.0007E+02  3.0032E+01
0000402   6.2369E+02  1.3775E+02 -1.6638E+02
0000403   4.8859E+02  3.0298E+01  1.5119E+01
0000404   2.1864E+02 -1.2957E+02  2.6586E+02
0000405   3.8984E+01 -3.9750E+02  5.4014E+01
0000406   1.4654E+02  5.9874E+01  1.0005E+02
0000408   3.5403E+02  5.7520E+01 -2.2627E+02
0000409   2.9535E+02 -4.9344E+01  5.0079E+01
0000410   4.0695E+02 -1.3701E+02  6.8532E+01
0000411   2.6866E+02 -3.7018E+02  1.0834E+02
0000412   6.1007E+02 -2.9244E+02  2.3365E+02
0000413   5.2319E+02  1.7252E+02 -1.3660E+02
0000414   5.9238E+01 -1.3378E+02  2.0848E+02
0000415   2.8982E+02 -1.1476E+02 -8.3206E+01
0000416   3.5633E+02 -8.2638E+01 -9.3685E+01
0000417   3.2058E+02 -1.1048E+02  8.3806E+01
0000418   1.5339E+02 -2.1099E+02 -2.2261E+02
0000419   4.7266E+02  1.9333E+02 -1.2211E+02
0000420   2.9791E+02  5.1123E+01 -9.3323E+01
0000421   3.2196E+02  3.7679E+01 -2.5262E+02
0000422   3.3577E+02  7.0895E+01 -2.2026E+02
0000423   2.0113E+02 -1.2786E+02  1.8271E+02
0000424   5.2699E+02  4.3001E+01 -1.4457E+02
0000425   3.8776E+02 -2.6656E+02 -4.6973E+01
0000426   3.1849E+02 -2.2856E+01  1.9976E+02
0000427   3.9295E+02  3.7202E+01 -1.4368E+02
0000428   2.4471E+02 -6.1155E+01  4.7809E+01
0000429   2.4082E+02 -6.0060E+01 -3.8392E+00
0000430   5.1061E+02 -1.6392E+02  7.1235E+01
0000431   2.0068E+02 -6.2946E+00 -3.7552E+02
0000434   1.7004E+02  1.3307E+02 -5.2284E+01
0000436   1.5429E+02  1.2454E+02  1.7423E+01
0000437   3.2628E+02 -3.5388E+02 -6.5686E+00
0000438   1.5479E+02 -8.6619E+00  9.6567E+01
0000439   1.2341E+02  3.3849E+02 -2.0113E+02
0000440   4.9247E+02  4.5591E+01  4.1685E+01
0000441   2.5581E+02 -3.6108E+01 -8.8192E+01
0000442   3.1474E+02  4.2674E+00  3.8356E+02
0000443   2.1464E+02  8.3883E+01  3.4088E+01
0000444   1.3785E+02 -9.9630E+01 -6.6404E+01
0000445   3.6878E+02  5.8016E+01 -2.6391E+01
0000446   3.2056E+02 -1.9807E+02  1.7796E+02
0000447   2.8218E+02 -3.2379E+02  3.9284E+01
0000448   3.1234E+02 -8.9765E+00 -1.6751E+02
0000449   7.3294E+01 -1.0867E+02  3.5134E+02
0000450   1.7101E+02 -5.6391E+01  1.4789E+02
0000451   2.5709E+02  1.3962E+02  1.8998E+02
0000452   3.5714E+01 -3.3765E+01 -9.1565E+01
0000453   3.3659E+02 -9.3890E+00  3.8110E+02
0000454   1.6465E+02 -8.3954E+01  1.7464E+02
0000455   4.9523E+02 -5.6664E+01  1.7364E+02
0000456   1.2981E+02 -1.4116E+02 -4.7957E+01
0000457   6.6197E+01  4.8418E+01  1.4446E+02
0000458   3.8001E+02 -9.6180E+01 -2.3379E+02
0000459   3.9778E+02  2.1843E+01 -2.2075E+01
0000460   7.0312E+01  1.1119E+01  6.0287E+01
0000461   1.8717E+02 -2.3274E+02 -3.8903E-01
0000462   3.2371E+02 -3.4291E+01 -2.0635E+02
0000463   4.6524E+02 -4.1379E+01 -1.2296E+02
0000464   1.7106E+02  9.4257E+01  1.4548E+02
0000465   3.5344E+02 -3.2876E+02 -2.7803E+02
0000466   2.0062E+02 -2.3920E+02 -2.9781E+02
0000467   1.9632E+02 -4.1573E+01  1.0385E+01
0000468   4.0288E+02 -1.7115E+02 -8.1597E+01
0000469   5.4323E+02  2.0575E+02 -9.2765E+00
0000470   2.8280E+02  9.6779E+01 -2.4353E+02
0000472   3.8071E+02 -2.6217E+01 -9.2493E+01
0000473   5.1203E+02  4.5472E+02  1.2306E+02
0000474   1.0505E+02  5.9159E+01 -1.3019E+02
0000475   1.6405E+02 -1.9066E+02  1.3269E+02
0000476   1.4982E+02 -2.0083E+01 -3.9782E+01
0000477   4.1364E+02 -4.5619E+01 -1.6011E+02
0000478   1.7505E+02 -1.1723E+02  4.7167E+01
0000479   5.9774E+02 -4.0562E+01  1.7741E+02
0000480   3.5016E+02  3.5635E+02 -1.2105E+02
0000481   2.2558E+01 -1.0471E+02 -1.7704E+02
0000482   6.3482E+02  8.0011E+01 -1.3444E+02
0000483   2.8588E+02 -1.5218E+02 -1.9213E+02
0000484   2.5815E+02  6.8075E+01  1.0125E+02
0000485   1.1585E+02  4.4071E+02 -1.5564E+01
0000486   3.5766E+02  1.7609E+02  7.4288E+01
0000487   4.1680E+02 -1.5640E+02  1.8851E+02
0000488   3.4188E+02 -4.9171E+01 -8.3450E+01
0000489   2.1709E+02  2.5203E+02  3.5724E+01
0000490   4.6549E+01 -4.7356E+01 -3.5847E+00
0000491   1.6329E+02  3.1161E+02 -9.5273E+00
0000493   6.7980E+02  1.0077E+01 -3.9231E+01
0000495   1.7368E+02 -1.7972E+01  5.7522E+01
0000496   2.7085E+02  3.3644E+02 -5.8344E+01
0000497   5.9882E+02 -2.7817E+01  5.5142E+01
0000498   5.3533E+01  4.0656E+01  8.6350E+01
0000499   4.7106E+02  2.5776E+01  1.9678E+02
0000500   4.7611E+02 -2.0917E+01  1.7886E+02
0000501   4.0815E+02 -2.2702E+02  7.3057E+01
0000502   3.7538E+02 -4.2805E+01 -6.1905E+01
0000503   3.1877E+02 -1.4524E+02  1.3184E+02
0000504   1.8390E+02  2.2382E+02 -1.1649E+02
0000505   3.3416E+02 -1.9920E+02  2.2302E+02
0000506   2.5393E+02  1.2131E+02  1.8126E+02
0000507   2.8392E+02  7.5740E+01 -2.2259E+01
0000508   7.4181E+02 -3.3799E+02  1.3466E+02
0000509   2.6037E+02 -6.4316E+01 -6.1187E+01
0000510   3.5825E+02  3.6513E+02 -1.9971E+01
0000511   2.1495E+02 -8.9090E+01  2.2608E+02
0000512   5.2825E+02  1.7093E+02  2.8272E+02
0000513   3.1172E+02 -7.2139E+01  2.4599E+02
0000514   2.1355E+02  1.0977E+02  1.3252E+02
0000515   6.7250E+02 -1.6257E+02  8.6632E+01
0000516   2.8797E+02 -3.5858E+01  8.4052E+01
0000517   2.4412E+02  6.6905E+01  5.3049E+01
0000518   2.9920E+02  1.6947E+02  1.5933E+02
0000519   5.8573E+02  1.5668E+02  4.8088E+01
0000520   7.3707E+01 -1.9199E+02  1.9332E+02
0000521   6.1974E+02  7.1685E+01 -1.7520E+02
0000522   7.1663E+02 -5.6953E+01 -1.0373E+02
0000523   4.9794E+02 -5.3531E+01  1.9103E+02
0000524   5.0878E+02  7.5385E+01  3.5233E+02
0000525   3.4571E+02 -1.1709E+02 -1.7395E+02
0000526   7.8374E+01  7.2269E+01  8.8959E+01
0000527   2.0371E+02 -1.6800E+02  1.4496E+01
0000528   2.0547E+02 -6.9939E+01 -1.8738E+02
0000529   3.8306E+02 -3.3445E+02 -1.5402E+02
0000530   2.0853E+02  1.6651E+02 -3.2767E+01
0000531   6.7130E+02 -1.8572E+02 -1.0738E+02
0000532   2.2173E+02 -4.9496E+01  4.3362E+02
0000533   4.8848E+02 -8.2161E+01  3.4298E+02
0000534   1.4548E+02 -2.7561E+02  1.8804E+02
0000535   9.6468E+01 -1.6677E+02  2.1710E+02
0000536   2.6316E+02 -2.0009E+02 -4.3673E+01
0000537   1.9176E+02 -2.3281E+02 -1.3861E+02
0000538   2.1445E+02 -1.9363E+02 -6.6616E+01
0000539   3.3916E+02  3.5154E+02  3.1960E+01
0000540   3.2954E+02 -1.9219E+02 -1.5488E+02
0000541   5.6789E+02  3.7843E+02  7.8235E+01
0000542   2.5500E+02 -6.0964E+01 -4.9680E+01
0000543   5.6764E+02  1.7225E+02 -3.2109E+02
0000544   2.8147E+02 -1.6792E+02  3.8320E+01
0000545   2.2021E+02  3.2097E+02 -4.1417E+01
0000546   3.3415E+02 -1.2292E+02  1.2035E+02
0000547   3.4207E+02 -4.3008E+02 -7.0083E+00
0000548   5.2009E+01 -4.7967E+02 -1.5076E+02
0000549   3.5988E+02  5.4381E+01  7.5983E+01
0000550   2.9561E+02  6.1498E+01  5.0959E+01
0000551   1.6302E+02  2.4416E+01 -1.9841E+01
0000552   3.0928E+02  2.3261E+02 -1.2961E+02
0000553   3.8570E+02  3.2488E+02 -1.8475E+02
0000554   4.7253E+02  1.8977E+02  6.1948E+01
0000555   5.3794E+02 -7.7242E+01  1.1816E+02
0000556   3.9688E+02 -2.4590E+02  3.5575E+02
0000557   4.9973E+02 -1.3248E+02 -4.4842E+01
0000558   4.8602E+02  1.5599E+02 -4.6133E+02
0000559   1.9626E+02 -1.9752E+02  1.8919E+02
0000560   2.1680E+02  1.1227E+02  1.0004E+02
0000561   2.3524E+02  1.0013E+01  9.5901E+01
0000562   2.6977E+02  1.4123E+02 -1.0769E+02
0000563   2.2581E+02 -3.0323E+01  1.4147E+02
0000564   2.3351E+02  1.8182E+02  1.4024E+02
0000565   4.2407E+02 -2.1540E+02  1.5195E+02
0000566   4.6854E+02 -1.5999E+02 -2.9529E+01
0000567   3.1717E+02 -1.1154E+02  1.6342E+02
0000568   3.4659E+02  4.0158E+01  1.9799E+02
0000569   2.7827E+02  1.9847E+02 -1.3204E+02
0000570   4.1773E+02 -1.3049E+02 -1.6463E+02
0000571   9.8580E+01  1.5687E+01 -2.3947E+02
0000572   2.0023E+02  4.3798E+02 -1.0325E+02
0000573   6.3397E+02 -9.9905E+01  2.6208E+02
0000574   1.6821E+02  2.7653E+01  1.1378E+02
0000575   4.3467E+02  4.8632E+01  3.6060E+01
0000576   1.0220E+01  5.7667E+01  5.8361E+01
0000578   2.5929E+02  2.2951E+02 -2.3487E+02
0000579   5.7266E+02  1.0341E+02 -1.7196E+02
0000580   5.6106E+02  2.9298E+02  6.7369E+00
0000581   3.8643E+02  3.0934E+02  7.5805E+01
0000582   6.5615E+02  8.0752E-01 -3.1838E+02
0000583   2.8237E+02  1.2863E+02 -1.5218E+02
0000584   2.6846E+02 -1.2341E+02 -3.5318E+02
0000585   3.8198E+02 -2.8837E+02  3.7374E+02
0000586   6.1939E+01  2.1063E+01 -5.2286E+01
0000587   2.4036E+02  1.1901E+02 -1.8720E+01
0000588   3.2296E+02 -1.3113E+02 -7.6234E+01
0000589   3.6944E+02  1.1970E+01  2.0038E+02
0000590   1.4400E+02  4.8408E+01  3.5764E+01
0000591   1.7623E+02  2.8366E+02  1.5548E+01
0000592   3.3523E+02 -2.5094E+01 -1.5220E+02
0000593   3.9867E+02  5.3113E+01 -3.4225E+01
0000594   2.3247E+02  4.2848E+02  1.3092E+02
0000595   8.1684E+01 -4.3162E+01 -5.3182E+01
0000597   2.9956E+02  6.0884E+01  1.6012E+02
0000598   3.3047E+02 -2.2205E+01  2.2824E+02
0000599   1.7853E+02 -9.3675E+01 -7.4348E+00
0000600   1.1844E+02  2.4794E+02 -1.4954E+02
0000601   2.7451E+02  1.2024E+02 -1.7898E+02
0000602   3.4758E+02  1.5125E+02  5.5842E+01
0000603   3.5628E+02  9.8804E+01 -4.9354E+01
0000604   1.5461E+02  3.9914E+02 -3.7825E+02
0000605   2.9305E+02 -1.2064E+02  1.5007E+02
0000606   3.8190E+02 -9.4995E+01 -1.3874E+01
0000607   2.0271E+02  1.5216E+02 -2.9274E+02
0000608   1.2727E+02  4.2193E+00  2.2719E+01
0000609   2.0265E+02  8.0692E+01  2.4483E+02
0000610   4.2749E+02 -8.8600E+01 -7.6144E+00
0000611   5.4376E+02  3.1476E+00 -1.5468E+02
0000612   1.8164E+02  7.7672E+01  1.8669E+02
0000613   1.6969E+02  1.6355E+02  1.7845E+02
0000614   2.9792E+02  5.5981E+01  1.4906E+02
0000615   1.9844E+02  9.4376E+01 -3.0447E+01
0000616   3.7408E+02 -4.4289E+02 -2.4637E+01
0000617   1.9702E+02  1.5424E+02 -2.0305E+02
0000618   3.7391E+02 -5.1012E+01  7.2989E-01
0000619   2.3528E+02 -3.1056E+02  6.7255E+01
0000620   4.7070E+02  1.9902E+02 -2.8766E+00
0000621   1.6610E+01 -8.3434E+00 -1.1613E+02
0000622   1.8971E+02  3.2392E+02 -3.0738E+00
0000623   4.0062E+02  2.3146E+02 -1.1860E+02
0000624   3.4263E+02 -1.4603E+02 -2.5095E+02
0000625   4.8393E+01 -9.6029E+01  3.0470E+01
0000626   2.2297E+02 -1.9093E+01  2.3029E+02
0000627   1.8414E+02 -1.0226E+02 -1.1612E+02
0000629   5.6649E+01 -2.5283E+02  2.2345E+02
0000630   4.7767E+02  2.4230E+02  3.0672E+01
0000631   6.2811E+02  9.4660E+01  9.2167E+01
0000632   2.7734E+02  2.2397E+02 -8.1888E+01
0000633   1.8717E+02 -2.2399E+02 -1.2380E+02
0000634   1.6165E+02 -1.2713E+02 -1.2323E+02
0000635   3.9200E+02  1.2312E+02 -1.2480E+02
0000636   4.1585E+02 -1.2023E+02  9.6361E+01
0000637   3.1020E+02  1.4508E+02 -1.2903E+02
0000638   3.0342E+02  1.4398E+02 -5.9145E+01
0000640   4.5032E+02 -1.5967E+02  8.7992E+01
0000641   5.2850E+02  1.6494E+02  2.3837E+02
0000642   4.4505E+02  4.5630E+00 -2.2907E+01
0000643   5.6441E+01  1.1928E+02 -7.1082E+01
0000645   3.2995E+02 -1.7809E+02 -3.1480E+02
0000646   1.6177E+02 -7.5279E+00  8.6364E+01
0000647   3.0043E+02 -3.2873E+02 -8.1632E+01
0000648   4.4097E+02 -8.4534E+01 -2.0704E+02
0000649   2.5593E+02  3.1510E+01  4.9688E+01
0000650   4.3932E+02  3.8269E+02 -1.1095E+02
0000652   2.4142E+02  7.3270E+00  9.9559E+01
0000654   1.6265E+02  1.2405E+02 -1.7548E+02
0000655   3.6755E+02  2.4891E+01  3.0179E+02
0000656   2.8076E+02  9.4634E+01 -2.3646E+02
0000657   3.2934E+02 -9.3064E+01 -1.1201E+02
0000658   7.0689E+00 -2.6445E+01 -3.5475E+02
0000659   1.9432E+02 -4.5395E+02 -1.4793E+02
0000660   3.9608E+02 -1.0645E+02  1.1168E+02
0000661   4.1406E+02 -8.5832E+01 -2.1068E+02
0000662   3.0612E+01  1.3276E+02  3.0013E+02
0000663   5.0186E+02  2.2027E+02 -6.4772E+01
0000664   3.0202E+02  3.4458E+02 -2.6406E+02
0000665   6.3275E+02 -1.1711E+02 -1.2034E+02
0000666   3.6440E+02  1.1865E+02  1.7806E+02
0000667   4.6967E+02  1.5416E+02 -2.0003E+01
0000668   1.2892E+02  4.1978E+01 -2.7364E+01
0000669   3.9362E+02 -2.7476E+01  1.1725E+02
0000670   5.5776E+02  7.1196E+00  3.7885E+01
0000671   4.6916E+02 -3.6522E+02  2.1645E+02
0000672   2.5244E+02  6.3973E+01 -2.0461E+02
0000673   4.7909E+02 -2.3310E+02 -1.7299E+01
0000674   4.6699E+02 -1.3167E+01  1.2287E+02
0000675   1.9533E+02  1.2067E+02  1.5788E+02
0000676   5.3952E+02 -2.0024E+02 -1.2609E+02
0000677   3.9405E+02 -9.3089E+00  6.7186E+01
0000678   5.3712E+02  8.4397E+01  1.0671E+01
0000679   3.7489E+02  2.1760E+02 -3.3618E+02
0000680   3.1383E+02 -1.4881E+02  2.3109E+02
0000681   1.5207E+02 -1.5290E+02  6.6040E+01
0000682   3.4377E+02  4.4130E+01 -8.7700E+01
0000683   4.5716E+02 -1.8039E+02 -6.4012E+01
0000684   1.3468E+02 -5.0954E+01 -6.4977E+01
0000685   4.9240E+02 -5.3032E+00 -1.4474E+02
0000687   5.5108E+02 -1.1734E+02 -1.1560E+01
0000688   3.6162E+02  9.1681E+01 -2.5748E+02
0000689   3.4380E+02  4.9530E+01  6.4103E+01
0000690   4.1690E+02  3.9434E+01  1.6899E+02
0000691   3.4567E+02 -4.2740E+01  9.6111E+01
0000692   5.7838E+02 -2.6815E+01  5.4982E+00
0000693   3.6263E+02  1.4407E+02  9.1264E+01
0000694   3.2235E+02 -2.2483E+01  5.3712E+01
0000695   3.2891E+02 -1.0653E+02  1.7350E+02
0000696   2.4042E+02 -9.1824E+01  1.5511E+02
0000697   2.4644E+02  9.0290E+01 -1.9738E+02
0000698   2.0732E+02  1.1014E+02 -8.5304E+01
0000699   7.6068E+01 -6.7480E+01  1.6949E+01
0000700   6.0092E+02  2.6037E+02 -3.4146E+02
0000701   2.0114E+02 -6.3448E+01  2.9934E+02
0000702   4.3742E+01  4.9464E+01 -6.8351E+00
0000703   3.6534E+02 -1.7352E+02 -1.2160E+02
0000704   1.9838E+02 -3.6943E+02  2.1098E+02
0000705   5.6252E+02 -1.7157E+02 -2.0155E+02
0000706   1.3511E+02  1.9090E+01  9.5842E+00
0000707   1.3822E+02  1.6915E+02 -1.5735E+02
0000708   2.5994E+02 -2.7316E+02 -1.5874E+02
0000709   2.6163E+02  1.2158E+02  2.8661E+02
0000710   2.8758E+02 -2.8825E+02  2.2772E+02
0000711   4.5242E+02  2.1323E+02  2.0823E+02
0000712   4.0866E+02 -7.9697E+01  2.0481E+02
0000713   4.2020E+02 -1.7288E+02  1.8755E+02
0000714   3.0970E+02 -7.4306E+01 -5.8584E+01
0000715   1.4580E+02 -3.8769E+01  9.7631E+01
0000716   1.0983E+02 -8.7469E+01 -1.2462E+02
0000717   3.4941E+02  5.3901E+01  1.4632E+02
0000718   3.7205E+02  8.3705E+01  1.3658E+01
0000719   3.7213E+02  1.6509E+02  7.5202E+01
0000720   5.0736E+00 -1.8164E+02 -1.3864E+02
0000721   4.5995E+02  1.0288E+02  2.2358E+01
0000722   3.5916E+02  7.0462E+01 -4.3303E+01
0000723   3.5851E+02 -1.8130E+02 -1.8079E+01
0000725   1.2446E+02 -6.7440E+01 -5.1411E+01
0000726   3.2442E+02  7.5958E+01  1.4506E+02
0000727   2.0813E+02  4.6720E+02  1.2291E+02
0000728   2.8376E+02 -2.4139E+01  8.3699E+01
0000729   3.1559E+02  2.8799E+02  7.8162E+01
0000730   1.7804E+02  5.5658E+01  2.3537E+02
0000731   5.9175E+02  2.7718E+01 -1.6073E+02
0000732   4.0938E+02  9.8592E+01 -1.4369E+01
0000734   3.6846E+02 -2.0805E+02  1.0946E+02
0000735   4.2529E+02 -6.3880E+01  3.8098E+00
0000737   1.5643E+02 -7.6304E+01  1.1423E+02
0000738   2.7989E+02 -2.2487E+01 -4.2591E+01
0000739   3.5571E+02  7.7173E+01  9.5541E+01
0000740   4.0618E+02  1.4120E+02  2.6109E+02
0000741   2.4390E+02  1.3317E+02 -1.0778E+00
0000742   3.3624E+02 -7.6192E+01 -1.4621E+02
0000743   1.8495E+02 -1.4907E+02 -1.0518E+02
0000744   2.9265E+02  2.7699E+02  5.9062E+01
0000745   2.7461E+02  1.7472E+02  2.1078E+02
0000746   5.1922E+02  8.1370E+01  1.3392E+02
0000747   9.7464E+01 -1.7726E+02 -3.5476E+01
0000748   1.8101E+02 -3.2270E+02 -2.4655E+02
0000749   2.8964E+02 -7.2496E+01  1.8043E+02
0000750   1.0680E+02 -1.2644E+01  2.0595E+02
0000752   4.1217E+02  4.0601E+02  1.3892E+02
0000753   2.0706E+02  3.8693E+01 -5.3306E+01
0000754   1.8880E+02  1.4297E+02 -3.8473E+02
0000755   1.1544E+02 -9.6057E+01  3.0689E+01
0000756   2.0132E+02  7.7779E+01 -1.8030E+02
0000757   2.6670E+02 -1.2283E+02 -8.0998E+01
0000758   2.9212E+02  7.6566E+01  1.7009E+02
0000759   6.9492E+01 -2.1511E+02 -3.2451E+02
0000760   4.1446E+02 -1.5438E+02 -5.1769E+01
0000763   1.5642E+02  2.1917E+02 -1.0101E+01
0000764   2.5668E+02  1.8581E+02  1.7566E+02
0000765   4.1732E+02 -1.9138E+02 -1.8048E+02
0000766   3.6529E+02 -3.9345E+01  2.1383E+02
0000767   2.2302E+02 -2.2811E+02 -3.0364E+02
0000768   4.5931E+02 -9.4968E+01 -1.7263E+02
0000769   1.9672E+02  3.7205E+01  9.1073E+01
0000770   3.2195E+02 -2.5991E+01  3.7171E+02
0000771   3.8825E+02 -2.0160E+02 -1.2008E+02
0000772   3.5842E+02 -7.5693E+00  7.4379E+01
0000774   6.1353E+01 -1.2261E+02 -1.0611E+02
0000775   3.5580E+02 -5.8267E+01  1.5356E+02
0000776   3.7158E+02  2.3791E+02 -8.1464E+01
0000777   3.1746E+02 -3.5572E+01 -8.3403E+01
0000778   2.2026E+02 -3.0628E+01 -1.3563E+02
0000781   4.4913E+02  3.3558E+02  2.1491E+01
0000782   1.2667E+02 -1.0521E+02 -2.7238E+01
0000783   4.0173E+02  4.1592E+01 -2.5970E+02
0000784   3.5992E+02  1.0387E+02  4.4280E+01
0000785   1.6576E+02 -1.1097E+01  6.3707E+01
0000786   5.2291E+02  9.6527E+01  3.5027E+02
0000787   2.6429E+02 -5.3557E+00  2.5649E+02
0000788   9.1112E+00  1.8383E+02 -1.3186E+02
0000789   2.3772E+02 -1.1861E+02 -1.4996E+02
0000790   2.9377E+02  6.6099E+01 -6.0094E+01
0000791   2.2319E+02 -8.2387E+00  1.6938E+01
0000792   2.9149E+02 -1.2461E+02  4.4131E+01
0000793   2.0811E+02 -7.2629E+01 -2.2401E+02
0000794   4.4780E+02  2.0332E+02 -1.6630E+02
0000795   6.4166E+02  1.1080E+02  1.1517E+02
0000796   3.9914E+02 -1.1048E+02  1.4196E+02
0000797   3.4637E+02  1.4081E+01  1.8495E+01
0000798   3.6530E+02  1.7099E+02  1.6477E+02
0000799   3.1208E+02  3.7589E+01 -1.0258E+02
0000800   2.5411E+02 -1.6846E+02 -1.1074E+02
0000801   1.7625E+02  1.3401E+02 -2.1833E+01
0000802   5.4231E+02 -9.7318E+01 -9.1197E+01
0000803   2.9608E+02 -5.6461E+00  1.3877E+02
0000804   2.4014E+02  2.3560E+02 -4.1443E+02
0000805   3.4169E+02  2.0421E+02  4.4753E+02
0000806   5.9774E+02  3.1518E+02 -8.6032E+01
0000807   1.0681E+02  2.0097E+02  3.7111E+01
0000808   3.8598E+02 -2.5837E+02  3.4965E+02
0000809   3.5661E+02  2.0956E+02 -2.0775E+02
0000810   2.0862E+02 -4.7321E+01  3.7227E+01
0000811   3.4790E+02 -9.0247E+01 -3.1883E+01
0000812   3.2622E+02 -2.4524E+02 -1.1142E+02
0000813   4.1797E+01  5.2646E+01 -5.9309E+01
0000814   2.7801E+02  2.9106E+02 -4.1947E+01
0000815   5.7279E+02 -1.9739E+02 -1.8616E+02
0000816   4.4808E+02  1.8079E+02  2.0693E+02
0000817   3.5198E+02  1.1791E+01 -1.4458E+02
0000818   4.6821E+02 -1.2750E+02  8.2672E+00
0000819   1.7178E+02 -8.8790E+01  1.3905E+01
0000820   5.3090E+02  1.1274E+02 -8.0570E+00
0000821   2.6540E+02 -1.0429E+02 -2.1841E+01
0000822   3.1043E+02  8.7329E+01 -7.7209E+01
0000823   2.9032E+01  8.9716E+01  3.3559E+02
0000824   4.7258E+02  3.7240E+02  1.4423E+02
0000825   6.0739E+02 -2.0378E+02 -5.0000E+01
0000826   5.3483E+02  2.2052E+02 -1.5083E+01
0000827   2.6766E+02  3.1369E+01 -1.3875E+01
0000828   2.1715E+02  1.1480E+02 -1.8876E+02
0000829   4.3953E+02 -1.2106E+02 -3.7609E+02
0000830   2.4977E+02  3.1790E+01 -1.2011E+02
0000831   2.1998E+01 -2.6842E+02  1.7275E+02
0000832   1.9487E+02 -7.2129E+01 -1.5087E+02
0000834   6.1039E+02  1.0132E+02  9.7443E+01
0000835   1.2393E+02 -1.3010E+02 -2.2790E+02
0000836   3.6709E+02 -1.3406E+02 -7.7367E+01
0000837   8.8049E+01 -1.9764E+02 -2.2852E+01
0000838   1.6248E+02  9.2702E+01 -8.2834E+01
0000840   3.4750E+02 -4.6437E+01 -1.9673E+01
0000841   1.1508E+02  1.1137E+02 -3.2078E+02
0000842   4.4442E+02 -5.3969E+01  1.3324E+01
0000843   3.8425E+02 -1.1343E+02  3.5443E+02
0000844   4.4972E+02 -1.4619E+02  3.1776E+02
0000845   4.0277E+02  1.0955E+02  1.1179E+02
0000847   4.3301E+02 -1.3569E+02  7.1947E+01
0000848   2.7335E+02  1.4771E+02  6.9608E+01
0000849   1.8735E+02  2.8010E+02 -1.4564E+02
0000851   2.6197E+02 -9.7197E+01  2.6760E+02
0000852   3.0906E+02  1.0661E+02  2.6880E+02
0000853   3.6249E+02 -3.0777E+02 -1.5429E+02
0000854   4.5323E+02  1.5080E+02 -1.3412E+02
0000855   2.5647E+02 -2.8202E+02  2.3720E+01
0000856   2.0089E+02 -3.2178E+02  1.2869E+02
0000857   4.5691E+02  2.7070E+01 -1.4056E+02
0000858   2.2308E+02 -1.7521E+01 -1.6058E+02
0000859   3.7747E+02  2.5433E+01  1.9337E+02
0000860   1.6229E+02  1.0041E+02 -5.9858E+01
0000861   1.2652E+02  2.3140E+02  3.5791E+01
0000862   4.8020E+02 -1.7260E+02 -2.1649E+02
0000863   2.9495E+02 -7.1217E+01 -9.6359E+01
0000864   1.2672E+02 -1.0941E+02  2.1722E+02
0000865   7.6532E+01 -2.2568E+02  1.2494E+02
0000866   2.8705E+01 -1.9225E+02 -9.9499E+01
0000867   5.8332E+02 -2.7759E+02  5.3997E+01
0000868   4.0723E+02  9.1725E+01  2.5853E+02
0000869   2.7691E+02 -2.8418E+02  1.6543E+02
0000870   4.8752E+02  1.1796E+02  1.2174E+02
0000871   2.6439E+02 -1.8641E+02  1.8707E+02
0000872   5.8324E+02  1.8239E+02  3.2596E+02
0000873   3.9606E+02  9.0109E+01 -1.3249E+02
0000874   4.5352E+02  4.1998E+02  3.0068E+02
0000875   1.3417E+02 -1.7175E+02  4.3883E+01
0000876   1.8794E+02  1.6759E+02 -1.3910E+02
0000877   1.6142E+02  2.7750E+01  8.2557E+01
0000878   8.6208E+01  1.3834E+01  1.1530E+02
0000879   2.2201E+02 -9.7779E+01  4.0597E+01
0000880   8.6550E+01  4.6691E+00  4.2676E+01
0000881   8.0810E+01 -5.8665E+00 -5.6682E+01
0000883   1.8106E+02  1.9047E+02 -2.9691E+00
0000884   2.1624E+02  2.3549E+02 -3.9284E+02
0000885   1.4108E+02 -3.8935E+01  8.2499E+01
0000886   2.9323E+02  1.9835E+02 -1.8689E+02
0000887   1.2978E+02  3.8718E+01  6.9977E+00
0000888   6.8569E+02 -3.7415E+02  1.1548E+02
0000889   2.4647E+02  4.0161E+00  1.3055E+02
0000891   3.7147E+02  9.6954E+01 -6.7431E+01
0000892   3.7158E+02 -1.5896E+02  1.2607E+02
0000893   1.2801E+02 -6.3544E+01 -1.7515E+02
0000894   1.5873E+02  3.6769E+01 -4.8043E+01
0000895   2.2828E+02 -1.3065E+02 -3.0382E+02
0000896   3.4635E+02 -1.5255E+02  8.9852E+01
0000897   4.2767E+02  1.8754E+02 -8.7323E+00
0000898   9.8109E+01 -3.4637E+02 -1.5567E+02
0000899   3.7796E+01  1.2045E+02 -3.9269E+01
0000900   4.4843E+02  1.8795E+02 -8.2671E+01
0000901   2.7502E+02  1.2956E+01  1.8626E+02
0000902   1.7716E+02 -2.4181E+02 -1.6050E+01
0000903   2.1623E+02 -3.3730E+02 -2.2348E+02
0000904   3.4514E+02 -1.0559E+02 -1.0443E+02
0000905   3.0900E+02  2.2146E+02 -4.5715E+01
0000906   2.5467E+02 -1.3202E+02  1.2314E+01
0000907   3.3800E+01 -1.6810E+02  2.3506E+01
0000908   1.4044E+02  3.6071E+02  3.3581E+01
0000909   5.1921E+02 -8.4191E+01  1.1010E+02
0000910   3.5111E+02  2.8844E+02 -3.2154E+01
0000911   2.2640E+02  2.6861E+02  2.2373E+02
0000912   4.1771E+02  7.4015E+01 -1.3953E+02
0000913   4.5282E+02 -1.4850E+02  6.4317E+01
0000914   2.9886E+02  1.1514E+02  1.0667E+02
0000915   3.1159E+02 -1.0019E+02  2.5071E+02
0000916   1.8057E+02 -1.9386E+01 -1.8205E+02
0000917   3.1628E+02 -2.5815E+01 -4.0205E+02
0000918   6.3767E+02 -1.8610E+02  1.5058E+02
0000919   1.1260E+02 -2.6045E+02  1.4388E+02
0000920   5.2357E+02  3.3862E+02 -1.5548E+02
0000921   3.6429E+02  2.4219E+02 -9.2405E+01
0000922   1.4763E+02  1.1091E+02 -1.6551E+02
0000923   1.0404E+02  6.1611E+01 -2.7528E+02
0000924   5.6069E+02 -2.4492E+02 -1.5470E+02
0000925   5.6103E+02 -1.0470E+02  5.2267E+01
0000926   3.7157E+02  1.6891E+02  8.2219E+01
0000927   5.4896E+02 -1.4213E+00  2.1710E+02
0000928   1.7456E+02  2.1348E+02  2.2313E+02
0000929   4.3665E+02 -5.7928E+01 -6.6963E+01
0000930   6.2217E+02  1.0538E+02 -2.8709E+01
0000931   1.7684E+02 -2.5709E+02  3.7474E+01
0000932   2.3184E+02 -5.7197E+01 -1.5373E+02
0000933   1.8520E+02  1.2137E+02  1.0897E+02
0000934   1.1351E+02 -1.5808E+02 -7.5832E+01
0000935   3.7643E+02  2.4706E+02  2.7497E+01
0000936   6.4986E+02 -8.1484E+01 -2.5074E+02
0000937   6.3003E+01 -9.6917E+00 -1.7901E+02
0000938   2.2711E+02  2.3524E+02 -2.9795E+02
0000939   3.2485E+02  1.1717E+02  3.0810E+01
0000940   2.8928E+02  2.1203E+02 -7.4903E+01
0000941   3.6862E+02  3.3025E+01  2.9866E+02
0000942   3.4144E+01 -3.0413E+01  9.0147E+01
0000943   5.5677E+02 -2.1514E+02 -2.7511E+02
0000945   3.9918E+02  9.1395E+01  1.8832E+01
0000946   4.0625E+02 -2.0932E+02  3.2543E+02
0000947   5.5580E+02  9.6994E+01  2.5110E+02
0000948   2.4434E+02 -2.7347E+02  3.4193E+01
0000950   2.2502E+02  2.1190E+02  2.6101E+02
0000952   1.5580E+02 -1.7987E+02  1.8325E+02
0000953   2.9045E+02 -6.0670E+01 -1.1465E+02
0000954   2.3416E+02  1.0843E+02  2.0469E+02
0000955   3.0432E+02 -1.5049E+00  3.3463E+02
0000956   3.2834E+02 -9.7021E+01 -2.0289E+02
0000957   3.3289E+02 -2.1361E+02 -1.5717E+02
0000958   5.3301E+02 -1.8515E+02 -8.2191E+01
0000959   4.1744E+01  1.9039E+02 -4.0956E+01
0000960   2.1563E+02  8.4134E+00  1.6252E+02
0000961   1.8602E+02 -2.9923E+02 -1.0072E+02
0000962   8.9491E+01  1.5264E+02  2.2623E+02
0000963   3.7564E+02  2.1568E+02 -3.7058E+01
0000964   3.9462E+02 -3.6163E+01  2.8329E+02
0000966   2.5029E+02  5.1886E+01  2.3256E+01
0000967   1.4312E+02 -1.2377E+02  6.5336E+01
0000968   5.9335E+02  9.7732E+01 -9.7935E+01
0000969   3.2260E+02  1.2422E+01 -1.3405E+01
0000970   1.6033E+02 -4.5023E+00  8.2382E+01
0000971   5.4161E+02  5.8311E+01 -2.7284E+01
0000972   8.0529E+02  2.4822E+02  5.5298E+01
0000973   2.6511E+02 -4.2652E+02  1.5643E+02
0000974   3.4834E+02  1.0040E+02 -2.0871E+02
0000975   1.1503E+02 -9.4525E+01 -2.8514E+01
0000976   2.6867E+02  2.1295E+02  6.7394E+00
0000978   3.5073E+02 -2.1654E+02  9.5776E+00
0000979   4.3729E+02  1.7964E+02  8.1589E+01
0000980   2.7258E+02  1.1423E+02  1.5244E+02
0000981   3.0476E+02 -1.4465E+02 -2.3638E+02
0000982   5.8685E+02 -2.0605E+02  1.8708E+02
0000983   3.9077E+02 -9.2117E+01  1.9500E+01
0000985   5.2625E+02 -1.8646E+02  3.5581E+01
0000986   3.4653E+02  1.3283E+02 -1.3985E+02
0000987   2.4624E+02 -4.0854E+02  8.1681E+01
0000988   4.8515E+02  1.6130E+01  1.7607E+01
0000989   1.2570E+02  5.1904E+01 -2.5741E+02
0000990   3.4232E+02  1.9165E+02  3.4148E+02
0000991   6.7362E+02 -1.3782E+02  7.7154E+01
0000992   7.7511E+01 -2.4503E+02  6.5971E+01
0000993   3.2081E+02 -1.1225E+02  1.2168E+02
0000994   5.8324E+02  1.0334E+02 -1.6759E+02
0000995   4.0061E+02 -2.0273E+01 -9.4674E+00
0000996   2.1210E+02 -2.4378E+02 -1.4984E+02
0000997   1.7476E+02  2.6841E+01  1.0190E+02
0000998   3.8862E+02  1.9440E+02  5.7940E+01
0001000   1.6410E+01 -5.3552E+00  1.6492E+02
