============================== SRIM-2013.00 ==============================
==============================================================================
====== SRIM Outputs\RANGE_3D.txt : File of Final Ion Positions =====

Ion =  F (09)   Ion Mass= 018.9984
Energy  = 3000000.E-05 keV
Ion Angle to Surface = 00.0 degrees
==================== TARGET =======================
  Layer # 1 - None
  Layer # 1 - Bottom Depth=500000.E-01 A
  Layer # 1 - Density =0007.8700 g/cm3
  Layer # 1 -  100 % of Fe
ÍÍÍÍÍÍÍÍÍÍÍÍÍÍÍÍÍÍÍÍÍÍÍÍÍÍÍÍÍÍÍÍÍÍÍÍÍÍÍÍÍÍÍÍÍÍÍÍÍÍÍÍ
                                            
Ion       Depth  X   Lateral Y   Lateral Z  
Number    (Angstrom) (Angstrom)  (Angstrom) 
-------  ----------- ----------- -----------
0000001   2.7187E+02  8.6113E+01 -1.1703E+02
0000002   5.1027E+02  5.0396E+01  8.0969E+01
0000003   2.0967E+02  2.2360E+02  1.2430E+02
0000004   1.3156E+02 -4.7097E+02 -2.5601E+02
0000005   3.8105E+02  1.1010E+02 -9.5561E+01
0000006   3.2672E+02 -1.6992E+02  4.0255E+01
0000007   4.7711E+02  1.8718E+02 -8.5633E+01
0000008   3.6909E+02  2.5500E+00 -2.5425E+02
0000009   2.2597E+02 -6.1089E+01  1.2237E+02
0000010   3.8726E+02  7.3746E+01 -1.6731E+02
0000011   1.8209E+02 -1.1231E+02 -2.3566E+01
0000012   3.2620E+02  2.1690E+02  2.9522E+02
0000013   1.7850E+02 -5.0543E-01  2.9283E+01
0000014   2.9187E+02  2.3942E+01  9.8214E+01
0000015   1.3148E+02  7.8610E+01 -2.1725E+01
0000016   4.3706E+02 -2.9285E+02  4.9468E+00
0000017   2.1358E+02 -6.4865E+01 -4.1966E+02
0000018   3.1280E+02  1.3491E+02 -3.6010E+02
0000020   2.9903E+02  2.4365E+02 -3.6430E+01
0000021   7.5727E+01  3.2900E+02 -3.8671E+00
0000022   3.3488E+02  4.4607E+00 -2.1335E+02
0000023   5.7790E+01  4.3032E+01 -4.5898E-01
0000024   1.5325E+02 -1.9168E+02 -2.7939E+02
0000025   5.2083E+02  7.2138E+01  5.9107E+01
0000026   4.2087E+02 -2.0055E+02  8.0954E+01
0000027   1.6535E+02 -2.6301E+02 -2.7266E+01
0000028   6.0339E+02  8.0186E+01  3.6724E+01
0000029   1.4819E+02  1.6705E+02 -2.1731E+02
0000030   1.7736E+02  1.1407E+02 -7.9501E+01
0000031   5.5359E+02 -1.3906E+02  2.6870E+01
0000032   1.1568E+02  1.6850E+01  5.8718E-01
0000033   3.0626E+02 -1.9678E+02 -2.5860E+01
0000034   3.4901E+02 -2.2630E+02 -7.6338E+01
0000035   3.4741E+02 -3.0672E+02 -6.0369E+01
0000036   9.5577E+01  2.5773E+02 -2.3548E+02
0000037   4.2079E+02  1.1733E+02  9.4632E+01
0000038   2.1708E+02 -2.2305E+02  2.7605E+02
0000039   1.6273E+02  1.8924E+01  4.7467E+01
0000041   7.5221E+02 -2.2471E+02  4.0690E+01
0000042   5.2711E+02 -4.4306E+02 -2.2822E+01
0000043   2.4038E+02 -2.8552E+01 -9.5686E+01
0000044   3.3193E+02  1.2565E+02  5.2507E+01
0000046   1.9807E+02 -1.6108E+02  1.5045E+02
0000047   3.3133E+02 -5.1237E+01  5.6867E+01
0000048   3.8688E+02  1.2774E+02  1.2917E+02
0000049   2.7306E+02 -1.8476E+02 -1.0076E+02
0000050   4.6315E+02  1.9533E+02 -1.8025E+02
0000051   6.7062E+01 -3.8515E+02  1.0661E+02
0000052   4.6423E+02 -2.1957E+02  1.0227E+02
0000053   3.6996E+02 -2.8654E+02 -1.7104E+02
0000054   2.3756E+02 -1.2514E+02 -2.8403E+02
0000055   2.8082E+02  2.0416E+02  7.6976E+01
0000056   3.7930E+02 -4.5465E+02  1.8995E+02
0000057   3.1933E+02 -5.1568E+01  1.1938E+02
0000058   3.9221E+02  1.9821E+01 -6.7539E+00
0000059   1.9272E+02 -2.4829E+02  4.6065E+01
0000060   1.3406E+02  1.2511E+02  2.9464E+01
0000061   5.8032E+02  1.5080E+02 -8.9134E+01
0000062   4.3019E+01  1.7091E+02  4.0930E+01
0000063   1.8847E+02 -8.3454E+01 -1.6196E+02
0000064   3.7951E+02  1.1774E+02  5.0097E+01
0000065   4.6753E+02  5.6541E+01  3.8450E+02
0000066   4.0180E+02  1.2210E+02  2.9061E+01
0000067   1.1689E+02 -2.6731E+02  1.4743E+02
0000068   2.9909E+02 -7.7284E+00 -2.0763E+00
0000069   4.0021E+02 -2.3273E+01 -1.9164E+01
0000070   3.1530E+02  1.0933E+02 -5.9931E+01
0000071   4.3040E+01 -2.0827E+02  2.5130E+02
0000072   2.3057E+02  1.1628E+02 -1.0910E+02
0000073   2.5955E+02 -3.0791E+02  8.6628E+01
0000074   4.8933E+02 -1.0324E+02  1.4121E+02
0000075   4.1435E+02 -1.9930E+02  1.3833E+02
0000076   2.2294E+02 -8.4248E+01 -9.4435E+01
0000077   5.0166E+02 -7.5582E+01  1.3840E+02
0000078   4.4047E+02  6.3646E+01 -3.6597E+02
0000079   1.5019E+02 -3.5288E+02  3.2955E+00
0000080   2.7135E+02  3.8463E+02 -1.8761E+02
0000081   3.9000E+02  3.0953E+02  1.3021E+02
0000082   2.5058E+02 -6.1295E+01 -3.3837E+01
0000083   4.8921E+02  1.7513E+02 -3.8035E+02
0000084   6.1997E+02  1.4967E+02 -4.1034E+01
0000085   7.1570E+00  3.7885E+02 -1.8849E+02
0000086   8.9996E+01  6.0731E+01 -2.8909E+02
0000087   4.3175E+02 -1.6953E+02  1.3539E+02
0000088   1.3859E+02 -2.6889E+01 -1.5944E+02
0000089   2.7920E+02 -3.1145E+01  2.3119E+02
0000090   3.6996E+02  2.8186E+01  7.0044E+01
0000091   2.8260E+02  1.8524E+02  5.2793E+01
0000092   9.1366E+01  3.0420E+02  9.6061E+01
0000093   3.9790E+02 -1.3109E+02 -1.0232E+02
0000094   5.6452E+02  1.4987E+02 -9.9990E+01
0000095   4.0292E+02 -7.5438E+01 -1.9090E+02
0000096   3.2021E+02 -1.4648E+02  2.4248E+02
0000097   3.1262E+02 -4.7945E+02  1.0128E+01
0000099   3.5319E+02 -2.4016E+02 -3.2913E+02
0000100   3.7491E+02  5.7690E+01  1.1148E+02
0000101   2.0085E+02  8.3080E+01 -9.5580E+00
0000102   2.5523E+02  1.7659E+01 -4.9513E+01
0000103   2.1042E+02 -8.0964E+01 -2.8327E+02
0000104   1.9999E+02  1.0480E+02 -1.6227E+01
0000105   4.4919E+02 -1.4752E+02  4.9315E+01
0000106   3.3663E+02  2.0207E+02  1.9569E+02
0000108   4.2745E+02  4.6824E+00 -1.2059E+02
0000109   5.8625E+02 -1.8919E+01  5.6715E+01
0000110   5.7455E+02  2.8520E+02  6.4010E+01
0000111   6.0906E+02 -8.1873E+01 -2.4553E+02
0000112   3.9916E+02  3.4597E+02 -3.4866E+02
0000113   6.4960E+02 -3.1729E+02  7.7174E+01
0000114   3.9487E+02  1.3986E+02  2.9355E+02
0000115   5.0711E+02 -1.5129E+02  2.8167E+02
0000116   1.4659E+02  1.0963E+02  6.7172E+01
0000117   1.4574E+02 -4.2401E+01  6.0900E+00
0000118   2.4422E+02  2.1878E+02  4.5789E+02
0000119   1.8902E+02 -1.4153E+02  2.0116E+02
0000120   1.4794E+02 -1.7187E+02  2.6535E+02
0000121   3.1705E+02 -5.1006E+01 -1.9550E+02
0000122   3.6566E+02 -2.6231E+02  6.8281E+01
0000123   1.5503E+02  2.0146E+02  3.2273E+02
0000124   1.5747E+02 -2.4833E+01 -8.7148E+01
0000125   7.3425E+02 -1.3166E+02 -1.6570E+02
0000126   4.9992E+02 -2.7518E+01 -1.1814E+02
0000127   2.2499E+02  2.4575E+01 -1.9970E+01
0000128   4.4269E+02  1.7540E+02  1.0946E+02
0000130   2.7640E+02 -5.6223E+01  1.7754E+02
0000131   3.2384E+02 -3.2074E+01 -2.0680E+02
0000132   5.1613E+02 -7.2021E+01  1.1621E+02
0000133   4.6898E+02 -5.3907E+01  8.9045E+01
0000134   2.3634E+02  1.2873E+02  2.9006E+02
0000135   5.0429E+02  1.0423E+02 -1.7142E+02
0000136   2.8806E+02  2.5986E+02 -1.0670E+02
0000137   7.4130E+01 -1.3444E+02  2.3207E+01
0000138   2.0639E+02  2.0072E+01  8.0563E+01
0000139   2.2077E+02 -6.6726E+01 -5.6618E+00
0000140   3.8110E+02  5.0936E+01  4.2010E+02
0000141   1.5280E+02  4.9794E+01  1.7840E+02
0000142   1.6010E+02  2.2232E+01  1.4661E+02
0000143   1.9865E+02  1.4871E+02  4.5226E+01
0000144   2.4372E+02  1.7384E+01 -3.8790E+01
0000145   1.6638E+02  2.5485E+02  4.4648E+01
0000146   2.7313E+02  6.7354E+01 -2.4478E+01
0000147   3.4514E+02 -1.7548E+00 -1.4354E+00
0000148   2.6465E+02 -4.5282E+01  2.6287E+02
0000149   2.3654E+02  1.8802E+02  1.4412E+02
0000151   3.6366E+02  1.8204E+02 -8.3472E+01
0000152   1.0251E+02  1.5644E+02 -2.8756E+02
0000153   1.7471E+02  1.6765E+02 -3.0165E+01
0000154   3.4700E+02  3.5248E+02 -2.0352E+02
0000155   5.2745E+02 -3.4075E+02 -8.0383E+01
0000156   1.7885E+02 -1.0326E+02  7.6636E+01
0000157   3.2063E+02  3.4895E+02 -8.7892E+01
0000158   1.8558E+02 -3.3215E+02  2.2374E+02
0000159   2.9199E+02 -1.2858E+02  1.0470E+02
0000160   9.6250E+01  7.7153E+01 -5.2265E+01
0000161   4.6156E+02  1.0615E+01  7.2543E+01
0000162   1.6290E+02 -2.2095E+02 -3.0832E+02
0000163   1.4357E+02  3.7152E+01  4.0139E+02
0000165   1.7624E+02 -1.0297E+02 -1.4864E+01
0000166   9.6393E+01 -5.5559E+00  9.2609E+01
0000167   6.6353E+01 -5.1440E+01 -4.9072E+01
0000168   2.0333E+02 -8.8845E+01 -1.6791E+02
0000169   3.2895E+02 -3.4953E+01  1.7744E+02
0000170   2.7246E+02 -1.2678E+02 -1.6653E+02
0000171   2.7561E+02  1.2099E+02 -6.0570E+01
0000172   4.0815E+02  1.6864E+02  2.2189E+02
0000173   1.2316E+02 -1.6968E+02 -1.8535E+02
0000174   3.8754E+02  2.4290E+02 -1.1450E+00
0000175   9.1260E+01  1.3369E+02  9.8388E+01
0000177   4.3212E+02 -1.4301E+02 -2.9269E+01
0000178   4.4559E+02  2.9480E+02  9.3597E+01
0000179   1.6229E+02 -1.9417E+01  3.2110E+02
0000180   1.8369E+02 -1.0864E+02  1.7477E+02
0000182   2.9350E+02  3.0443E+02 -1.3133E+02
0000183   1.8416E+02 -2.6984E+02  1.3366E+02
0000184   1.5477E+02 -1.0573E+02  8.9134E+01
0000185   4.3631E+02 -5.5021E+02  1.6506E+02
0000186   7.3298E+02 -3.7177E+01  1.9232E+02
0000187   2.5172E+02  2.4496E+02  5.2431E+02
0000188   2.9970E+02  4.1398E+01  2.0668E+01
0000189   3.5473E+02  8.6610E+01 -3.3389E+02
0000190   3.0363E+02  3.5784E+01  8.8826E+01
0000191   2.8292E+02  1.6004E+02 -1.8608E+01
0000192   2.2229E+02 -3.2924E+02  3.9424E+02
0000193   5.4271E+02 -1.7123E+02 -1.3378E+01
0000194   1.7070E+02  7.1314E+01 -1.7592E+02
0000195   1.6917E+02  1.4184E+00  2.8932E+02
0000197   3.6794E+02 -1.4757E+02 -8.5936E+01
0000198   1.5781E+02  3.2476E+00  3.1041E+02
0000199   1.6864E+02 -6.8587E+01  1.8844E+02
0000200   2.3129E+02  7.5463E+01  8.5550E+01
0000201   4.1066E+02 -4.6071E+01  5.8990E+00
0000202   1.5294E+02 -2.5568E+01  4.5878E+01
0000203   6.1511E+02 -1.1125E+02  6.9762E+01
0000204   4.0187E+02  9.4666E+01 -1.9931E+01
0000205   9.0081E+01 -1.0501E+02  6.6102E+01
0000206   2.3520E+02  1.2907E+02 -1.8911E+02
0000207   2.7924E+02  6.7399E+01  2.2084E+02
0000208   3.3854E+02  1.5334E+02  7.7314E+01
0000209   4.4455E+02 -2.0861E+01  1.2797E+01
0000210   1.8504E+02  3.3234E+01  1.9124E+02
0000211   5.6663E+02 -7.5605E+01 -1.3307E+02
0000212   2.5091E+02  2.1159E+02  4.0196E+01
0000213   4.5568E+02  5.3135E+01 -2.5279E+01
0000214   1.4119E+02  1.0851E+02 -3.7347E+02
0000215   1.1781E+02 -4.5448E+01 -2.0102E+02
0000216   2.1964E+02 -2.0454E+02 -1.7035E+02
0000217   2.2657E+02 -1.4239E+02  3.4049E+02
0000218   4.6036E+02  8.5395E+01  2.2637E+02
0000219   3.7171E+02 -5.0546E+01 -1.1362E+02
0000220   2.7091E+00 -2.6602E+02  1.8706E+02
0000221   5.0964E+02  1.5640E+02  3.0057E+02
0000222   3.5547E+02  5.3349E+01  2.8897E+02
0000223   2.0806E+02  2.0408E+01 -4.1994E+01
0000224   1.7285E+02  4.3280E+01 -1.1214E+02
0000225   2.1855E+02  8.9999E+01  1.1510E+02
0000226   1.7867E+02  7.6752E+01 -9.7012E+01
0000227   4.1809E+02  1.7075E+02 -1.4125E+02
0000228   2.6546E+02  5.4547E+01  2.9806E+01
0000229   4.5432E+02  3.7613E+02 -3.9011E+02
0000230   2.6801E+01  5.0735E+01 -9.9502E+01
0000232   5.6806E+01 -1.6036E+02  1.8709E+02
0000233   1.2913E+02  4.2364E+01 -2.9183E+02
0000235   2.3621E+02  6.6503E+01  1.1826E+02
0000236   1.0878E+02  4.2803E+02 -8.2147E+01
0000237   2.9077E+02  1.5283E+02  1.8871E+01
0000238   1.3508E+02  7.4911E+01  4.9190E+01
0000239   1.9393E+02  1.8377E+02  3.1745E+01
0000241   1.6241E+02  1.8354E+02  7.7179E+01
0000242   4.1856E+02 -1.5584E+02 -4.6358E+01
0000243   4.4506E+02  2.8445E+02  3.1115E+01
0000244   1.6794E+01 -2.2897E+02  2.8709E+02
0000245   3.2811E+02  5.6832E+01  4.5375E+00
0000246   2.8174E+02 -1.8332E+02 -2.3680E+02
0000247   4.2240E+02 -2.4234E+02  4.5718E+01
0000248   3.7415E+02  1.1496E+02  6.9010E+01
0000249   6.3851E+02 -1.7654E+02 -1.2292E+02
0000250   3.1160E+02  1.4182E+02  7.5923E+01
0000251   2.5676E+02 -3.9604E+02 -2.4741E+02
0000252   1.0950E+01  3.5885E+02 -1.0935E+02
0000253   2.4395E+02  5.1806E+01  2.7353E+02
0000254   4.6794E+02 -1.3018E+02  1.4812E+01
0000255   2.8799E+02  1.9193E+02  7.5237E+01
0000256   4.4870E+02 -6.0292E+01 -5.0978E+02
0000257   2.0097E+02 -1.5223E+02 -9.8597E+01
0000258   8.5872E+01  6.7808E+01 -1.6259E+02
0000260   3.1430E+02  7.3256E+00  1.9316E+01
0000261   4.6812E+00 -2.7810E+02  3.4499E+02
0000262   2.8798E+02  5.0657E+01 -2.3984E+02
0000263   6.0275E+01 -1.9350E+02  6.6699E-01
0000264   3.1928E+02 -5.9061E+01  1.3874E+02
0000265   4.4116E+02 -8.7434E+01  1.9773E+02
0000266   1.4640E+02  1.5697E+02 -1.1910E+02
0000267   3.3847E+02 -3.4046E+01 -4.2283E+01
0000268   2.7632E+02 -4.2584E+01 -2.0078E+02
0000269   1.5354E+02  1.7535E+01 -2.6407E+01
0000270   4.4232E+02  4.1759E+01  2.5846E+02
0000271   3.5357E+02 -9.7966E+00 -1.4461E+02
0000272   4.5874E+02  2.2410E+02  3.3438E+02
0000273   2.7015E+02  1.5456E+02 -1.1782E+02
0000274   4.2830E+02  9.4698E+00 -2.1871E+02
0000275   4.1086E+02 -2.3870E+02 -1.6986E+01
0000276   2.9478E+02  2.9301E+02 -1.1973E+01
0000277   2.7596E+02  1.9844E+02 -1.1583E+02
0000278   1.9454E+02 -7.1479E+01  3.1750E+02
0000279   2.8592E+02  1.4084E+02 -1.3235E+02
0000280   1.5827E+02  7.2181E+01  3.4967E+02
0000281   3.5468E+02  1.3476E+02  7.2414E+01
0000282   3.8445E+02 -1.7912E+02  5.3103E+01
0000283   3.3809E+02  5.5656E+01 -6.2707E+01
0000284   4.0971E+02  1.2820E+02  3.8777E+02
0000285   4.2176E+02 -1.4041E+02  1.2149E+01
0000286   5.8726E+02  1.4554E+02  2.3439E+02
0000287   7.2572E+01  1.1864E+02  1.2969E+02
0000288   4.5757E+02 -2.7751E+02  1.2854E+02
0000289   2.3671E+02 -1.6152E+02  8.0186E+01
0000290   3.2889E+02  8.9679E+00 -1.5970E+02
0000291   3.8896E+02  2.5466E+02 -6.6356E+01
0000292   3.1599E+02  1.2183E+00  2.8390E+00
0000293   2.0071E+02 -1.1458E+01  6.9967E+01
0000294   3.5203E+02  3.7713E-01 -4.3861E+01
0000295   6.9413E+01  2.4300E+02 -3.3609E+01
0000296   3.6811E+02 -3.2490E+01 -2.4294E+02
0000297   3.6345E+01 -1.8070E+02 -1.4489E+02
0000298   4.0111E+02 -1.3090E+02  5.8048E+01
0000299   1.7289E+02  6.1548E+01 -1.9330E+01
0000300   1.0976E+02  2.4463E+02 -5.1153E+02
0000301   2.0678E+02  3.7554E+01  2.3471E+02
0000302   4.8407E+02 -4.8623E+01 -9.9447E+01
0000303   2.5061E+02  4.7320E+01 -3.2050E+02
0000304   2.8104E+02  2.8096E+02  1.1381E+02
0000305   3.3583E+02  4.4299E+02  1.6463E+02
0000306   2.0092E+02 -2.6472E+01  2.1538E+02
0000307   5.4181E+02  2.7431E+02 -2.7001E+02
0000308   2.8905E+02  1.0559E+02 -3.9861E+02
0000309   4.3934E+02  3.4638E+02  5.4528E+01
0000310   5.4508E+02 -5.1727E+01 -6.3545E+01
0000311   2.6054E+02 -5.3492E+01 -5.6252E+01
0000312   2.8189E+02  8.4953E+01  3.2786E+01
0000313   6.9064E+01  2.1442E+02  3.5389E+01
0000314   2.3596E+02  9.4009E+01  2.1503E+02
0000315   1.4504E+02 -1.6358E+02 -1.7156E+02
0000316   2.7324E+02  2.7105E+01 -4.9839E+01
0000317   5.8141E+01  7.1014E+01 -1.5893E+02
0000318   1.1991E+02  3.5647E+02 -5.2075E+01
0000319   4.3604E+02  1.3134E+02 -8.1747E+01
0000320   2.8285E+02 -1.3066E+02 -3.2994E+01
0000321   3.8281E+02 -8.6881E+01 -9.5757E+00
0000322   5.8314E+02  1.1188E+02  5.8519E+01
0000323   5.1410E+02  1.3461E+01 -1.2432E+02
0000324   4.4655E+02 -1.6232E+02 -5.7740E+01
0000325   6.4511E+01 -2.9776E+01 -8.8573E+01
0000326   4.7485E+02  1.1939E+02 -1.5439E+02
0000327   1.3273E+02  1.6673E+02  4.4031E+02
0000328   1.6300E+02 -7.1351E+01  9.2504E+01
0000329   6.3388E+01  2.1501E+02 -3.2736E+02
0000330   4.3443E+02 -1.6847E+02  4.3494E+01
0000331   3.1841E+02  2.9367E+02 -3.7142E+01
0000332   1.6129E+02 -2.1542E+01 -1.2632E+02
0000333   6.8701E+02 -4.4915E+01  1.9224E+01
0000334   2.9586E+02 -2.1402E+02  1.1121E+02
0000335   4.1647E+02 -6.6736E+01  1.5592E+02
0000336   2.9598E+02 -1.1856E+02  1.3288E+02
0000337   4.9607E+02 -1.2667E+02 -6.3847E+01
0000339   5.9968E+02 -5.6465E+01  1.7525E+02
0000340   2.5875E+02  3.5892E+02  4.3975E+00
0000341   3.0911E+02 -2.9730E+01  1.0541E+01
0000342   1.1359E+02 -1.4860E+02  1.0812E+01
0000343   2.6224E+02 -9.7058E+01 -1.1879E+02
0000344   1.0020E+02 -1.0387E+02 -8.3726E+01
0000345   3.3326E+02  1.3793E+02 -1.4442E+01
0000346   5.7317E+02 -2.0590E+02  8.2698E+01
0000347   1.9481E+02 -2.4366E+02  2.0112E+02
0000348   4.1303E+02 -4.8115E+01  1.7339E+02
0000349   1.9781E+02  2.7138E+01 -1.7445E+02
0000350   4.4513E+02  3.4788E+01  2.7537E+02
0000351   3.1942E+02  2.6475E+01 -2.5796E+01
0000352   4.6861E+02 -2.6540E+02  1.8702E+01
0000353   4.0313E+02 -3.7613E+01 -2.0501E+02
0000355   2.9981E+02  1.0499E+02  2.4563E+01
0000356   9.9986E+01 -1.5748E+02  2.7736E+01
0000358   6.8529E+00 -7.0615E+01  2.6446E+02
0000360   3.2218E+02 -1.7337E+02 -8.0772E+01
0000361   3.5931E+02  2.1619E+02  4.6021E+00
0000362   4.4637E+02  1.3983E+02  2.8797E+02
0000363   4.0394E+02  1.7861E+02  9.3620E+01
0000364   3.7790E+02  3.6674E+01 -3.2098E+02
0000365   1.1043E+02 -8.1944E+01 -3.6317E+01
0000366   2.4841E+02 -4.3300E+01 -1.3626E+02
0000367   3.5461E+02  1.4870E+02  1.2329E+02
0000368   4.5498E+02  8.0717E+00  3.6114E+01
0000369   4.2838E+02  4.2175E+01 -3.0667E+02
0000370   1.3543E+02  3.2354E+01 -2.8828E+02
0000372   1.5047E+02  4.4813E+02  1.5121E+02
0000373   7.1915E+01  3.9950E+02 -1.6201E+02
0000374   2.9684E+02  8.5252E+01 -1.4891E+02
0000375   3.3332E+02  4.6978E+02 -1.7371E+02
0000376   3.5096E+02  3.9987E+00 -8.5402E+01
0000377   4.8386E+02  1.5587E+02  1.9552E+02
0000378   4.4739E+02 -6.4471E+01  3.2467E+02
0000379   1.8841E+02 -7.7271E+01  1.2055E+02
0000380   3.0336E+02 -1.4415E+02  8.8503E+01
0000381   3.7990E+02 -6.1902E+00 -1.5034E+02
0000382   3.0214E+02 -4.9428E+01 -6.4174E+01
0000383   6.7111E+02  1.7595E+02  3.3005E+02
0000384   3.1696E+02  1.2643E+02  2.9948E+01
0000385   3.1425E+02 -1.1936E+02  1.2528E+02
0000386   4.0269E+02 -1.9222E+02 -6.1937E+01
0000388   1.4085E+02 -1.3870E+02 -7.4043E+01
0000389   1.2271E+02  1.3648E+02 -2.7681E+01
0000390   2.7933E+02 -1.5753E+02 -2.1140E+01
0000391   2.1207E+02 -7.4547E+01  1.4797E+02
0000392   1.4635E+02  2.3186E+02  7.9401E+01
0000393   3.4049E+02 -2.8774E+02  3.1139E+01
0000394   1.5422E+02  2.7088E+01  8.6945E+01
0000395   2.1945E+02  7.0093E+01  2.2769E+02
0000396   2.4892E+01  2.5447E+02  6.0678E+01
0000397   3.4653E+02  2.9043E+02 -1.2707E+02
0000398   2.6852E+02 -1.0836E+02  1.9667E+02
0000399   4.6195E+02  3.6690E+01  2.4821E+02
0000400   2.9313E+02  1.2339E+02  8.6662E+01
0000401   4.0895E+02 -5.4915E+01 -2.0980E+02
0000402   3.2030E+02 -1.6962E+02 -1.6193E+02
0000403   4.0945E+02 -1.9164E+01  6.2304E+01
0000404   2.6412E+02 -1.3023E+02  2.1629E+02
0000405   2.3028E+02  1.1723E+02 -5.6184E+01
0000406   2.3929E+02 -4.5478E+01  7.1865E+01
0000407   4.6215E+02 -7.2439E+01 -2.0451E+02
0000408   4.8533E+02 -1.9653E+02 -9.4748E+01
0000409   4.2883E+02  1.8527E+02  1.8640E+02
0000410   3.3324E+02  3.6214E+02  1.6279E+00
0000411   2.4671E+01 -9.4559E+00 -7.8677E+01
0000412   3.6760E+02 -1.3560E+02  1.8863E+01
0000413   5.2412E+02  8.5536E+01  9.1919E+01
0000414   9.8906E+01 -6.9935E+01 -3.7985E+01
0000415   3.6364E+02  1.5644E+02 -2.9160E+01
0000416   2.6606E+02  4.1242E+01 -6.3031E+01
0000417   4.1200E+02  1.6525E+02 -2.6268E+01
0000418   3.2813E+02 -3.2787E+02 -1.3766E+02
0000419   3.3441E+02  6.1268E+01  1.1420E+02
0000420   5.0389E+02  5.8028E+01  3.2888E+01
0000421   4.1510E+02  6.8429E+01 -1.8581E+02
0000422   3.0557E+02  1.3071E+02 -8.0392E+01
0000423   1.9006E+02 -1.3525E+02  2.8894E+02
0000424   1.2677E+02 -4.6298E+00 -1.4702E+02
0000425   1.0203E+02 -3.4955E+02 -5.6487E+02
0000426   4.8674E+02 -2.3690E+02  9.4998E+01
0000427   4.0820E+02 -4.4083E+01 -3.5225E+01
0000428   2.3074E+02 -4.0267E+01  3.2421E+02
0000429   5.1330E+02  1.2733E+02  4.6680E+01
0000430   2.5096E+02 -2.0205E+01 -2.2234E+02
0000431   2.0442E+02  2.1827E+02 -1.9295E+01
0000432   1.3615E+02 -2.2220E+02 -1.8755E+02
0000433   3.2262E+02 -9.3981E+01  1.8517E+02
0000434   1.5579E+02 -2.1749E+02  1.8683E+02
0000435   1.1006E+02  1.0181E+02 -1.4248E+02
0000436   1.5063E+02 -3.0553E+02  1.7081E+02
0000437   2.7911E+02 -1.2131E+02 -1.4233E+02
0000438   1.3153E+02  8.1593E+01  3.2916E+01
0000439   8.6542E+01  1.6765E+02  1.8531E+02
0000440   5.3875E+02  1.4856E+02  3.0345E+02
0000441   3.1089E+02  2.1797E+02 -2.9122E+02
0000442   1.3320E+02 -3.9398E+01  4.4702E+02
0000443   1.4028E+02  3.9148E+02  3.0877E+02
0000444   1.2442E+02  1.2902E+02  2.7302E+01
0000445   2.7781E+00 -1.9459E+02  1.1938E+02
0000446   3.5924E+02  4.6018E+02 -2.9864E+01
0000447   6.6336E+02  1.0910E+02 -1.4286E+02
0000448   6.3137E+01 -9.9455E+00 -9.1615E+01
0000449   3.4755E+02 -2.3661E+02 -1.4085E+02
0000450   1.4843E+02  7.4467E+01  1.9652E+02
0000451   4.4807E+02  1.6868E+01 -1.3691E+02
0000452   1.7183E+02 -3.4794E+01  1.9750E+02
0000453   2.4434E+02  1.6090E+02  7.2327E+00
0000454   1.7835E+02 -3.0859E+02 -1.2121E+02
0000455   1.0114E+02 -2.6393E+02  2.5019E+02
0000456   7.5942E+01  1.6808E+02  1.3115E+01
0000457   2.5967E+02  1.7902E+02  1.0400E+02
0000458   3.7389E+02  1.7584E+02  1.6358E+01
0000459   2.3866E+02 -1.6367E+02 -1.5626E+02
0000460   5.6207E+01  2.0067E+02 -4.1755E+01
0000461   3.6076E+02  5.3935E+02  6.9338E+01
0000462   4.2545E+02 -1.8540E+02  5.6742E+01
0000463   1.7850E+02 -3.9109E+00  1.4226E+02
0000464   2.7592E+02  2.2030E+01 -3.4644E+02
0000465   4.1255E+02  4.7602E+02  1.2587E+02
0000466   3.0824E+02 -2.4815E+01  9.1131E+01
0000467   3.3347E+02  8.2613E+01  6.6127E+00
0000468   2.4095E+02 -4.9220E+02  1.1319E+02
0000469   3.9119E+02 -1.7968E+02 -3.5632E+02
0000470   4.2747E+02 -1.2824E+02 -1.5960E+02
0000471   6.0761E+02 -2.2760E+02  5.3128E+01
0000472   4.1883E+02  1.9707E+02 -1.0160E+02
0000473   3.7048E+02  4.3971E+01 -1.8940E+01
0000474   9.0768E+01 -1.3790E+02  7.1186E+01
0000476   1.7849E+02 -2.4223E+02  4.4650E+02
0000477   2.7427E+02 -3.0751E+01 -1.8350E+02
0000478   2.2859E+02  9.5312E+01 -1.4110E+02
0000479   3.7531E+02  4.5595E+01  2.7411E+02
0000480   8.1496E+01 -7.0890E+01 -8.9608E+01
0000481   1.4168E+02 -1.6159E+02 -1.6861E+02
0000482   6.0537E+02  3.0521E+01 -2.0119E+02
0000483   4.6415E+01  3.5790E+01 -5.7483E+01
0000484   2.6595E+02  1.0541E+02 -1.0681E+01
0000485   3.9136E+02 -9.0370E+01 -1.3550E+02
0000486   2.9306E+02 -7.3377E+01  3.4685E+01
0000487   4.1116E+02  1.0416E+02 -2.6072E+02
0000488   2.9151E+02  2.4524E+02  2.2061E+02
0000489   4.1582E+02  3.5552E+02  1.9707E+02
0000491   2.9349E+02  2.3856E+01 -1.0283E+02
0000492   1.4069E+02  4.8210E+01 -1.2645E+02
0000493   2.4116E+02 -6.5396E-01 -5.5022E+01
0000494   4.5198E+02  1.8156E+02  8.5241E+01
0000495   2.0916E+02 -2.9566E+02 -7.4831E+01
0000496   1.8336E+02 -1.8537E+02  4.7406E+01
0000497   2.1661E+02  1.7474E+02 -2.5384E+02
0000498   1.6008E+02 -7.5693E+01  8.2233E+01
0000499   4.8536E+02  1.6368E+02  2.1007E+02
0000500   3.0244E+02  2.3390E+01 -2.1451E+02
0000501   4.3234E+02  2.4302E+02  1.2857E+02
0000502   1.9555E+01 -4.0759E+01 -1.0839E+02
0000503   3.6594E+02 -2.1441E+01 -6.2661E+01
0000504   2.3720E+02  8.0825E+01  1.9340E+02
0000505   4.5729E+02  1.9119E+02  1.6946E+02
0000506   3.1236E+02  1.8343E+02  2.6835E+02
0000507   3.6038E+02  1.2405E+02  1.0346E+02
0000508   3.5851E+02  1.1979E+02  9.8546E+01
0000509   2.8409E+02  4.0319E+01  1.1979E+02
0000511   1.7166E+02  4.4375E+01 -2.8441E+01
0000512   2.5123E+02 -1.8800E+02 -1.0571E+02
0000513   4.5107E+02 -3.5080E+02  1.7605E+02
0000514   4.1297E+02  1.8852E+02  9.1305E+01
0000515   4.7253E+02 -5.8532E+00  3.1757E+00
0000516   3.3957E+02 -6.4090E+01 -2.5709E+01
0000517   2.7080E+02  1.8451E+02  2.0725E+02
0000518   2.9816E+02 -2.6690E+02  3.1504E+02
0000519   2.3415E+02 -1.7523E+02 -2.0880E+02
0000520   1.6489E+02  1.1937E+02  7.9520E+00
0000521   2.7789E+02  1.4238E+02 -4.3721E+01
0000522   1.2311E+02  8.7704E+01 -8.3614E+00
0000523   4.4311E+02  1.7676E+01  5.1827E+01
0000524   4.7885E+02 -1.3072E+02  9.9875E+00
0000525   3.7047E+02  6.4831E+01 -9.7983E+01
0000526   4.3421E+02  2.1163E+02 -2.2491E+02
0000527   5.8082E+02  2.2744E+01 -1.8423E+01
0000528   3.3063E+02  2.2983E+02  2.4277E+02
0000529   1.6528E+02  1.1743E+02 -2.1491E+02
0000530   3.6038E+02  6.5300E+01  1.7474E+02
0000531   3.7804E+02 -1.3663E+01  1.3085E+02
0000532   2.9445E+02 -1.0407E+02 -1.7727E+02
0000534   1.5955E+02 -2.0202E+01 -2.9160E+00
0000535   6.8524E+02  2.8176E+02  2.4056E+02
0000536   5.4019E+01  1.6029E+02  1.2323E+02
0000537   5.4563E+02 -1.5964E+02 -2.3211E+02
0000538   2.5519E+02  2.2877E+02 -2.7266E+02
0000539   2.1351E+01 -7.3722E+01 -3.1540E+02
0000540   4.1443E+02 -1.3550E+02  1.6141E+02
0000541   2.9751E+02 -2.4794E+02  8.7226E+01
0000542   2.6599E+02 -2.3566E+02 -2.0308E+02
0000543   3.8965E+01 -1.9899E+02 -2.3444E+02
0000544   2.0426E+02  1.7265E+02 -4.5664E+02
0000546   6.9345E+02 -6.9515E+01 -1.3475E+02
0000547   2.3871E+02  1.1331E+02 -4.5824E+01
0000548   1.6400E+02 -2.3602E+02  7.7613E+01
0000549   3.6654E+02 -8.6944E+01  2.3080E+02
0000550   6.6313E+02  4.4091E+02  1.5185E+02
0000551   3.4168E+01  6.1383E+00 -1.4400E+02
0000552   4.6541E+02 -1.5867E+02  7.0021E+01
0000553   1.5606E+02 -1.7194E+01 -1.0879E+02
0000554   4.3330E+02 -1.0562E+02 -1.1240E+02
0000555   2.1773E+02 -3.1496E+02  4.1830E+01
0000556   2.8030E+02 -8.9690E+01 -1.3536E+01
0000557   1.1926E+02 -2.9074E+02  2.2820E+02
0000558   4.0665E+01 -7.0025E+01  7.6911E+01
0000559   2.7608E+02 -1.9383E+02  4.2044E+01
0000561   2.1443E+02  1.0098E+02  3.7507E+01
0000562   1.9373E+02  1.9955E+02  1.6410E+01
0000563   4.4915E+02  4.8716E+01 -1.7900E+02
0000564   1.7921E+02 -5.3094E+01 -1.2222E+02
0000565   2.1514E+02 -1.8943E+01  9.7096E+01
0000567   1.6509E+02 -7.5232E+01  2.7964E+02
0000568   4.6281E+02 -1.4550E+02 -1.3962E+02
0000569   5.1514E+02 -1.2507E+02 -1.0587E+02
0000570   3.2701E+02 -5.2079E-01 -2.9057E+02
0000572   3.1581E+02 -2.0262E+01  4.1458E+02
0000573   3.4789E+02 -1.9951E+02  2.7497E+02
0000574   2.3845E+02 -3.3584E+02 -5.6590E+01
0000575   2.1870E+02  1.1812E+02 -2.5030E+02
0000576   2.5345E+02  2.0415E+02  1.4538E+02
0000577   1.2768E+02 -3.9778E+00 -9.3517E+01
0000578   4.0528E+02  1.6113E+02 -1.1899E+02
0000579   4.4338E+02 -3.9533E+02  9.9552E+01
0000580   4.7495E+02 -3.0609E+02  1.5555E+02
0000581   5.5830E+02 -2.7750E+02  1.5382E+02
0000582   3.1425E+02  4.3094E+02  2.8068E+00
0000583   1.7948E+02 -1.5340E+02 -7.5661E+01
0000584   2.1406E+02 -2.7427E+01  2.3970E+02
0000585   3.6327E+02 -2.0992E+02  1.1669E+01
0000586   4.9206E+02  2.9092E+01  7.9630E+01
0000588   2.8856E+02 -1.4836E+02 -2.3891E+02
0000589   1.4215E+02  1.5944E+02  2.0575E+02
0000590   3.2372E+02  4.0284E+01 -4.4137E+02
0000591   6.7451E+02 -1.3627E+02  7.3703E+01
0000592   2.6643E+02 -1.6584E+02  1.6159E+02
0000593   4.9183E+02  3.0296E+02 -7.4176E+01
0000594   7.7879E+01  2.7765E+01 -9.4254E+01
0000595   1.2614E+02  5.5306E+01 -2.0545E+01
0000596   4.8457E+02 -1.1818E+02 -9.8202E+01
0000597   2.6436E+02 -4.3592E+01 -2.2120E+02
0000598   3.6433E+02  1.7063E+02  2.6619E+02
0000599   5.8161E+01 -8.6983E+01  1.4210E+02
0000600   4.9443E+02  1.5187E+01  6.3441E+01
0000601   3.9724E+02  8.2119E+01  2.1521E+01
0000602   1.3890E+02 -7.0190E+00 -6.2455E+01
0000603   4.3005E+02  5.1047E-01  4.8692E-02
0000604   3.7891E+02 -3.7609E+02 -1.8441E+02
0000605   6.2799E+02  1.4335E+02  8.7951E+01
0000606   3.3298E+02 -1.4148E+02  8.0219E+01
0000607   4.5706E+01  2.7699E+02 -1.1840E+02
0000608   3.5150E+02 -5.3393E+01  3.6013E+02
0000609   6.8440E+01 -2.0112E+01  2.5312E+02
0000610   2.5557E+02  1.6699E+01 -8.6172E+01
0000611   6.0655E+01  5.8825E+00  2.7848E+02
0000612   1.6039E+02 -2.9868E+02 -1.6076E+02
0000613   1.9496E+02 -1.4710E+02 -2.6473E+02
0000614   2.4453E+02 -9.7717E+01 -2.1159E+02
0000616   4.7125E+02 -8.3710E+01  1.9758E+02
0000617   2.5499E+02  2.3767E+02  1.5058E+02
0000618   3.4914E+02 -2.8387E+01  8.5761E+01
0000620   4.1033E+02  1.1275E+02  9.1931E+01
0000621   2.3108E+02 -6.5166E+01  1.0047E+02
0000622   2.5362E+02  2.7725E+02  1.5977E+02
0000623   5.3214E+01 -2.1071E+02 -8.2117E+01
0000624   6.7118E+01 -7.0138E+01  1.1958E+02
0000625   6.2211E+02 -9.4772E+01 -1.7727E+02
0000626   3.7897E+02 -6.3710E+01 -2.7047E+01
0000628   3.3756E+02  8.8243E+01  1.3684E+01
0000630   2.3136E+02  1.1185E+02  2.1428E+02
0000631   3.2470E+02  4.7858E+00 -7.3755E+01
0000632   5.9464E+02 -7.7384E+01 -3.3999E+02
0000633   2.8856E+02 -2.1261E+01 -4.0910E+01
0000634   2.5037E+02 -2.8773E+02  4.8132E+00
0000635   4.1742E+02  3.4239E+02 -3.2335E+02
0000636   1.2115E+02 -7.3303E+01  1.2661E+02
0000637   3.0942E+02  5.0736E+00 -1.3566E+01
0000638   2.0111E+02 -4.9502E+01  4.6130E+01
0000639   2.3630E+02 -9.8283E+01  1.4298E+02
0000640   2.5212E+02  6.5982E+01  2.9257E+02
0000641   2.2000E+02 -5.4974E+01 -5.1412E+01
0000642   2.4701E+02  1.7022E+02  2.8037E+02
0000643   3.5364E+02 -6.0738E+01  1.7187E+01
0000644   1.2252E+02 -2.0647E+02  1.1427E+02
0000645   3.6689E+02 -4.2501E+01  2.2726E+02
0000646   2.4061E+02  9.8277E+01  1.6390E+01
0000647   6.2477E+02 -1.9057E+02  1.4068E+02
0000648   4.6609E+02 -1.8419E+00 -1.0121E+02
0000649   4.9486E+01  1.0834E+02 -1.5384E+02
0000650   1.4391E+02 -1.0591E+02  1.7278E+02
0000651   4.4787E+02 -2.9800E+02 -7.5319E+01
0000652   6.6526E+00 -5.1202E+01  1.2099E+01
0000653   5.5929E+02 -7.7470E+01  8.3606E+01
0000654   3.2762E+02 -1.3026E+02  2.1163E+01
0000655   2.4430E+02 -2.6762E+02 -1.8282E+02
0000656   3.1945E+02 -3.1341E+00  3.1245E+01
0000657   3.2354E+02 -1.1629E+02 -4.5392E+00
0000658   2.5322E+01 -2.7390E+02  1.7741E+02
0000659   3.6750E+02 -1.0532E+02  2.6218E+02
0000660   4.2805E+02  2.4117E+02 -4.1221E+01
0000661   2.9709E+02 -1.6694E+02  9.9795E+01
0000662   2.6045E+02 -1.6300E+02 -1.6010E+02
0000663   3.3903E+02  1.9378E+02  1.5697E+02
0000664   2.7282E+02  1.2064E+01 -1.9446E+02
0000665   5.1893E+02  1.6859E+02 -1.3887E+02
0000666   2.3959E+02  1.3616E+01 -1.1055E+02
0000667   3.6615E+02  1.4996E+02  1.5204E+02
0000669   2.3361E+02 -2.4631E+02 -1.5486E+02
0000670   4.3218E+02 -9.6411E+01 -1.6682E+01
0000671   2.4206E+02 -5.1407E+01  2.9741E+02
0000672   2.3864E+02  1.5390E+02  3.0866E+02
0000673   1.2288E+02 -1.5577E+02  6.5829E+01
0000674   4.0249E+02  1.7452E+02 -7.1119E+01
0000675   2.8666E+02 -2.1859E+02  1.4913E+02
0000676   2.9969E+02  2.3666E+02 -6.0411E+01
0000677   3.3000E+02 -5.9959E+01 -9.0833E+01
0000678   1.6954E+02  9.6456E+01 -1.4636E+02
0000679   4.5015E+02 -3.7639E+02  9.0791E+01
0000680   3.5868E+02  1.7837E+02  1.7381E+02
0000682   1.9464E+02  2.5694E+02  4.6789E+01
0000683   1.0219E+02 -3.0626E+02 -3.7847E+01
0000684   3.4446E+02  6.8462E+01  6.4412E+01
0000685   4.3458E+02  1.4961E+02  1.2350E+02
0000686   4.2103E+02 -1.3019E+02 -1.8096E+00
0000687   2.5627E+02 -2.3284E+02 -1.3871E+02
0000688   3.7139E+02 -4.4128E+01 -1.2333E+02
0000689   1.6209E+02  9.8234E+01 -8.7276E+01
0000690   1.8779E+02 -4.7189E+02  1.4106E+02
0000691   3.4651E+02  5.7775E+01 -1.9581E+02
0000692   1.7766E+02  9.7489E+01 -2.1057E+01
0000693   2.7923E+02 -6.4811E+01 -1.2213E+01
0000694   3.7920E+02 -5.1712E+00  7.0086E+01
0000695   3.2980E+01 -1.4084E+02 -5.3688E+01
0000696   4.1591E+02 -1.5388E+02 -1.6977E+02
0000697   1.8010E+02  7.2112E+01 -5.1069E+01
0000698   3.5334E+02  2.5575E+02  2.8321E+01
0000699   1.5187E+02 -2.4777E+02  1.5235E+02
0000700   2.4900E+02 -9.8930E+01  1.0395E+02
0000701   1.6804E+02  3.7162E+01 -4.5464E+01
0000702   2.1127E+02 -3.4596E+01 -2.4622E+02
0000703   2.9145E+02  4.9278E+01 -2.4491E+02
0000704   1.9705E+02  7.4621E+01  6.5710E+01
0000705   5.2431E+02  1.4536E+02  3.0929E+02
0000706   4.5711E+02 -1.2837E+01 -7.9704E+00
0000707   1.4200E+02 -1.7550E+02  1.4156E+02
0000708   1.5754E+02  1.8889E+02 -1.3442E+02
0000709   2.8720E+02  6.8821E+01  7.9044E+01
0000710   2.3748E+02 -1.6630E+02  1.8667E+02
0000711   8.2494E+01 -5.6119E+00  1.4502E+02
0000712   4.7504E+02  3.0353E+02 -1.6220E+02
0000714   3.0691E+02 -1.1306E+02  5.5854E+01
0000715   4.2988E+02 -1.8720E+02 -1.4844E+02
0000716   4.5820E+02  9.2450E+01  3.4078E+02
0000718   4.2165E+02 -2.5368E+02 -4.4188E+01
0000719   7.8771E+01  8.0395E+01 -8.5941E+01
0000720   5.0983E+02  5.9360E+01  2.3921E+02
0000721   5.8833E+02 -1.6529E+02 -1.9023E+02
0000722   6.5599E+02 -1.1467E+02  1.1181E+02
0000723   5.6205E+02 -1.5670E+01  1.2432E+02
0000724   2.7725E+02 -2.4142E+02  1.5269E+02
0000725   2.0828E+02  3.4423E+02  1.1431E+02
0000727   2.6416E+02 -1.2357E+02  5.3267E+01
0000728   2.7514E+02 -2.9813E+01  1.0086E+02
0000729   3.8661E+02 -1.9448E+02  6.4057E+01
0000730   3.1930E+02  1.6561E+01 -2.0367E+02
0000731   1.4669E+02 -5.6537E+01 -4.5491E+01
0000732   2.6419E+02 -1.3823E+01  2.5069E+00
0000733   5.3862E+02 -1.5753E+02  2.6642E+01
0000734   8.4075E+00  2.6300E+02  9.6780E+01
0000735   1.3158E+02  7.6208E+01  3.0928E+02
0000736   3.9514E+02  2.7436E+02  1.6120E+02
0000737   1.8304E+02  8.4365E+01  1.3928E+02
0000738   5.8889E+02 -8.5428E+01 -1.6247E+02
0000739   5.2550E+02 -2.9728E+00 -1.8394E+02
0000740   3.7347E+02 -5.0927E+01 -2.4217E+02
0000741   5.3192E+02 -3.0964E+01 -1.5998E+01
0000742   3.6977E+02 -1.1102E+02 -6.2569E+01
0000743   3.9828E+02  1.5089E+02  3.2873E+02
0000745   2.3077E+02 -3.4130E+01  8.7387E+01
0000746   3.1663E+02  5.8079E+01  1.6966E+02
0000747   4.2964E+02 -1.1710E+02 -4.5983E+01
0000748   2.0139E+02 -3.0192E+00 -1.5826E+02
0000749   4.0592E+02 -6.1266E+01  3.3786E+02
0000750   3.5568E+02  1.2685E+02  2.5780E+01
0000751   5.1161E+01 -8.9543E+01 -3.6814E+01
0000752   1.7623E+02 -2.5782E+02 -2.1308E+01
0000753   2.3982E+02  1.5625E+02  1.6070E+02
0000754   2.2667E+02 -7.8694E+01 -1.3634E+02
0000755   5.2666E+02 -2.0256E+01  6.9028E+01
0000756   2.0709E+02 -1.7392E+02 -5.0597E+01
0000757   1.4122E+02  2.9891E+02  1.9602E+02
0000758   2.5712E+02 -1.5933E+01  9.5671E+01
0000759   8.2837E+01  1.0559E+02  1.4136E+02
0000760   3.3884E+02  1.3254E+00  8.5584E+01
0000761   2.2518E+02  1.0486E+02  1.0940E+02
0000762   1.9373E+02 -1.7832E+02 -6.9808E+01
0000763   1.6202E+02  6.7783E+01  3.4919E+02
0000764   2.2478E+02 -9.5777E+00 -1.2974E+02
0000765   3.3967E+02 -2.0355E+02 -2.2401E+02
0000766   1.9294E+02  1.3454E+02 -1.8085E+02
0000767   2.0830E+02  1.1405E+02 -1.5749E+01
0000768   2.3312E+02 -1.6640E+02  3.3228E+02
0000769   3.3891E+02  2.2166E+02 -5.8724E+01
0000770   2.7281E+02  1.3229E+02  1.9769E+02
0000771   2.5983E+02 -2.8146E+02 -2.4271E+02
0000773   1.3946E+02  2.3980E+02  1.0169E+02
0000775   3.0740E+02 -1.7808E+02  1.6209E+02
0000776   2.8658E+02 -1.9393E+01  1.0205E+02
0000777   2.0681E+02 -2.4082E+01  1.3019E+02
0000778   2.8808E+02  5.2621E-01  2.1621E+02
0000779   3.3419E+02  7.4083E+01  4.9217E+02
0000780   2.2127E+02  1.4329E+02 -4.0812E+01
0000781   5.1884E+02  2.3828E+02  3.4627E+02
0000782   2.1732E+02  1.6671E+02  1.9946E+02
0000783   3.7547E+02 -3.7863E+02 -1.7192E+02
0000784   2.3524E+02 -1.1197E+02 -1.7483E+01
0000785   4.4163E+02  1.2145E+02 -3.3792E+02
0000786   9.7761E+01 -1.9619E+01 -3.6072E+02
0000787   1.9668E+02  1.1861E+02 -2.2440E+02
0000788   1.8841E+02 -5.5748E+00 -1.4764E+01
0000789   2.1394E+02 -1.2993E+02 -2.6982E+02
0000790   1.6735E+02  1.7359E+02  3.9237E+02
0000791   3.0912E+02 -2.7495E+02 -1.8163E+02
0000792   2.3607E+02  1.0536E+02  1.4993E+02
0000793   4.1361E+02 -1.2307E+02 -6.1803E+01
0000794   2.4226E+02 -1.2182E+02  1.6362E+02
0000795   3.4159E+02  2.4977E+02 -2.3141E-01
0000796   2.6696E+02  4.3969E+01 -8.5898E+01
0000797   4.5784E+02  7.1080E+01  4.0222E+02
0000798   1.0351E+02 -1.7815E+02  3.1952E+01
0000799   3.0586E+02 -7.0964E+01 -2.1201E+02
0000800   1.0293E+02  1.5782E+02  1.6561E+02
0000801   3.0200E+02  1.0974E+02 -1.6737E+02
0000802   1.1463E+02 -1.5118E+02  1.7162E+02
0000803   3.4242E+02 -2.6435E+02 -1.3849E+02
0000804   2.0673E+02 -3.5874E+01  2.3369E+02
0000805   4.4915E+02 -2.9888E+02  2.4104E+02
0000806   2.7652E+02  1.5579E+00  4.0508E+02
0000807   2.6154E+02  6.6993E+01 -1.7961E+02
0000808   2.8257E+02  4.0255E+01 -1.9715E+01
0000809   3.0132E+02 -8.4706E+01  1.5768E+02
0000810   3.6791E+02 -3.5571E+00 -2.4407E+02
0000811   3.4711E+00 -4.9498E+01  1.2781E+02
0000812   4.1247E+02 -1.7686E+02 -1.2326E+02
0000813   5.8773E+02 -1.0532E+02 -2.0232E+02
0000814   9.7106E+01  4.9515E+02  6.9573E+00
0000815   2.1676E+02 -2.2176E+02 -1.3917E+02
0000816   4.0325E+02 -1.1948E+02 -2.4859E+02
0000817   2.7946E+02 -2.6764E+02  3.3360E+01
0000818   5.0173E+02 -4.3904E+01  1.7042E+01
0000819   2.8532E+01 -6.0137E+01  7.3548E+01
0000820   2.3980E+02  7.8591E+01  3.5346E+02
0000821   2.5624E+02  3.7693E+01  2.9885E+02
0000822   1.7335E+02  3.9740E+01  1.0517E+02
0000823   2.9319E+02  7.6018E+01  2.0851E+02
0000824   3.8212E+02 -1.0529E+02  1.6073E+02
0000825   1.6963E+02 -2.4857E+02  1.0848E+02
0000826   3.3113E+02 -1.3021E+02 -1.4428E+02
0000827   1.8081E+02 -2.0792E+02 -2.4865E+02
0000828   2.3386E+02  4.1701E+02  8.8034E+01
0000829   2.0983E+02 -3.0023E+02 -1.1652E+02
0000830   2.8162E+02 -2.3853E+02 -1.4333E+02
0000831   2.4252E+02  6.0862E+01 -2.2793E+02
0000832   1.1497E+02  3.5348E+02 -2.9098E+02
0000834   4.8529E+02  3.0501E+01 -1.3824E+02
0000835   2.9633E+02  8.4618E+01  1.6707E+01
0000836   7.3148E+02  1.1143E+02  2.5391E+02
0000837   1.5421E+02  1.2998E+02  1.7421E+02
0000838   1.7083E+02  1.9556E+01  6.5215E+01
0000839   1.5975E+02  2.8502E+02 -1.3843E+02
0000841   1.4943E+02  1.4162E+02  8.2517E+01
0000843   2.1781E+02  1.2271E+02 -1.5276E+02
0000844   2.2451E+02  2.2777E+02  6.2968E+01
0000845   6.4119E+02  5.4952E+01  6.0406E+01
0000846   5.5800E+01  6.0583E+01  7.8482E+01
0000847   3.8158E+02 -1.2166E+02 -2.9904E+02
0000848   9.6672E+01 -2.0466E+02  9.3646E+00
0000849   4.0535E+02  2.3696E+02 -2.1095E+02
0000850   3.6586E+02 -1.4749E+02 -1.0570E+02
0000851   2.1442E+02  9.7086E+01  1.4227E+02
0000853   3.4584E+02  2.0135E+02 -2.7709E+02
0000854   5.2566E+02 -1.3017E+02  9.6772E+01
0000855   2.8255E+02 -3.1128E+01 -1.1011E+02
0000856   2.7963E+02 -2.4075E+02 -3.3080E+01
0000857   7.0345E+02  5.2698E+00  1.5722E+02
0000858   2.1185E+02  8.4861E+01  8.0603E+01
0000859   5.7760E+02  1.2379E+02 -6.9189E+00
0000860   3.3950E+02 -2.2396E+02  2.2057E+01
0000861   3.6902E+02  6.6641E+00 -2.2716E+01
0000862   9.6010E+01 -1.8855E+02 -7.2888E+01
0000863   8.3513E+01 -2.5512E+02  2.7842E+02
0000865   4.9879E+02 -1.4580E+02 -1.5923E+02
0000866   4.1375E+01 -1.9181E+01 -2.6445E+02
0000867   3.4730E+02 -2.0637E+02  7.2310E+00
0000868   3.9305E+02  8.6957E+01  5.4265E+01
0000869   3.4236E+02 -1.2792E+02  1.3279E+02
0000870   3.2671E+02  2.2957E+02  2.6574E+02
0000871   1.0654E+02 -5.1347E+01 -1.2476E+02
0000872   3.7853E+02 -1.4412E+02  1.1724E+01
0000873   4.6714E+02 -3.0121E+01  1.5254E+02
0000874   4.5456E+02  3.8486E+01 -1.4449E+02
0000875   4.1249E+02 -1.1284E+02  7.5227E+01
0000877   2.1012E+02  3.6319E+01  6.9410E+00
0000878   3.7471E+02  1.9612E+02 -6.1031E+01
0000879   3.5432E+02 -4.2595E+02 -8.7239E+01
0000880   2.7417E+02  2.6951E+02 -1.4127E+02
0000881   2.1539E+02  1.8348E+01  2.7395E+01
0000882   2.0235E+02 -7.0392E+01  8.7778E+01
0000883   1.4451E+02 -1.0268E+02  2.4641E+02
0000884   2.6603E+02  8.9166E+01 -9.9055E+00
0000885   5.0534E+02  1.3428E+02  1.4353E+02
0000886   1.9991E+02 -2.8340E+02 -3.3619E+02
0000887   2.2996E+02  1.7632E+02 -1.5639E+02
0000888   5.8314E+02  1.6587E+02  1.9708E+02
0000889   4.0859E+02  1.3862E+02 -2.2947E+02
0000890   5.0996E+00 -3.1187E+02  1.9439E+02
0000891   4.1099E+02  3.8741E+01 -3.0902E+01
0000892   2.7396E+02 -3.7611E+01 -1.0878E+02
0000893   7.7627E+01  2.7507E+02  1.4737E+02
0000894   2.2435E+02  3.7154E+02 -7.1700E+01
0000895   1.7706E+02  1.4057E+02 -4.7865E+01
0000896   7.6978E+01  6.3878E+01  1.6029E+02
0000897   1.9158E+02  5.7630E+01 -4.4857E+01
0000898   2.1897E+02  3.4237E+01 -1.3709E+02
0000900   2.5972E+02  2.4534E+02  1.3052E+02
0000901   1.3717E+02 -8.1912E+01 -1.6967E+02
0000902   4.4695E+02 -2.7019E+02  1.3827E+01
0000903   2.6080E+02 -3.3692E+02 -2.7793E+02
0000904   2.5543E+02 -1.2434E+01  9.1091E+01
0000905   2.8070E+02 -2.9338E+02 -1.7826E+01
0000906   2.1558E+02 -4.5344E+01  1.3400E+02
0000907   9.2502E+01  1.5498E+02 -1.5411E+02
0000908   2.5054E+02  1.5641E+01 -9.2996E+01
0000909   2.5126E+02  1.9718E+02 -1.2665E+02
0000910   3.6260E+02 -7.1752E+01  8.4762E+01
0000911   3.1015E+02  1.3757E+02  3.9999E+01
0000912   2.3810E+02 -6.5868E+01 -5.4040E+01
0000913   4.3578E+02  2.2427E+02 -1.1836E+02
0000914   2.6284E+02  9.4639E+01  7.1649E+01
0000915   3.8474E+02  4.5241E+01  3.1946E+01
0000916   3.2161E+02  7.2651E+01 -1.9905E+01
0000917   3.3525E+02 -6.8624E+01  1.3640E+01
0000918   5.7042E+02  5.4331E+01  1.0070E+02
0000919   2.2790E+02 -3.0538E+01  1.7198E+02
0000920   1.8905E+02 -1.7687E+02 -1.4102E+02
0000921   1.2635E+02  3.1591E+02  1.0824E+02
0000922   4.4000E+02  9.9355E+00 -1.9266E+02
0000923   3.7721E+02  3.3102E+02 -2.0758E+02
0000924   3.4469E+02 -4.7328E+01  3.7153E+01
0000926   1.0974E+02  1.0298E+02  3.0525E+02
0000927   6.4146E+02  2.6878E+02  2.6165E+02
0000928   8.6287E+01  3.5895E-01  1.1515E+02
0000929   4.9440E+02 -1.3886E+01  9.6355E+01
0000930   6.3040E+00 -1.0199E+02  3.8279E+02
0000931   2.8904E+02 -1.3638E+02 -5.8265E+01
0000932   4.3452E+02 -1.8906E+02  2.7998E+01
0000933   5.2681E+02 -3.7642E+01  7.7784E+01
0000934   3.0942E+02 -6.2902E+01 -3.6565E+02
0000935   3.6419E+02  6.8549E+01 -2.8102E+01
0000936   5.3773E+02  6.0064E+01  1.5880E+02
0000937   3.0616E+01  2.1882E+01 -1.5211E+02
0000938   4.1722E+02 -3.3464E+02 -9.1243E+01
0000939   2.9434E+02 -5.6836E+01 -1.0842E+02
0000940   1.7122E+02  7.1660E+01  1.1583E+02
0000941   2.4600E+02  1.5341E+02  3.2181E+02
0000942   2.8719E+02  1.5230E+02  1.9239E+02
0000943   3.1068E+01 -2.0283E+02  1.4155E+01
0000944   2.3290E+02  9.6458E+01  4.3123E+01
0000945   2.0608E+02  3.3317E+02  9.4568E+01
0000946   4.9509E+02  8.0206E+00 -1.6533E+01
0000947   2.6847E+02 -2.0033E+02 -3.9579E+01
0000948   2.4691E+02  7.3051E+01 -2.8277E+02
0000949   3.0667E+02 -1.5178E+02 -2.3548E+02
0000950   3.7040E+02  1.0612E+02 -1.7121E+02
0000951   1.8957E+02 -1.3060E+02 -2.6951E+02
0000952   2.2640E+02 -2.2899E+02 -2.9739E+01
0000954   1.9371E+02 -7.1838E+01  5.1650E+02
0000955   1.0946E+02  2.2112E+02 -7.8404E+01
0000956   2.7459E+02  8.5652E+01 -5.5965E+01
0000957   1.1743E+02  2.8372E+00  1.1802E+02
0000958   1.4733E+02  1.6713E+02 -3.3757E+02
0000959   3.2805E+02 -6.4353E+01  1.9399E+02
0000961   4.0443E+02  3.3568E+02 -1.0967E+02
0000962   5.8444E+01 -2.4446E+02  1.3242E+02
0000963   5.2027E+02  2.2921E+02  2.8736E+02
0000964   5.3464E+02 -2.6589E+02  1.5362E+02
0000965   2.9219E+02  1.5114E+01  9.4746E+01
0000966   2.8674E+02 -3.7903E+01 -3.8041E+02
0000967   4.7192E+02  1.0546E+02  2.8234E+02
0000968   2.8317E+02  8.1032E+01  7.8116E+01
0000969   2.1717E+02 -6.3532E+01  8.7690E+00
0000970   2.4443E+02  2.0470E+02  1.6678E+02
0000971   2.1906E+02  2.2118E+01  3.3246E+01
0000972   2.7640E+02 -1.0440E+02  1.3992E+01
0000973   2.7491E+02  2.5908E+02  1.4196E+02
0000974   3.2197E+02 -5.1985E+01  2.0808E+02
0000975   3.7685E+02 -4.4495E+01 -2.2857E+02
0000976   2.6813E+02  2.5883E+01  3.4826E+01
0000977   1.0880E+02  3.6437E+01  4.4035E+01
0000978   2.1146E+02  2.2793E+01  3.7830E+02
0000979   3.4089E+02  2.9775E+02 -2.2930E+02
0000980   2.4299E+02  6.9234E+01  1.7749E+02
0000981   1.9768E+02 -3.8372E+01  1.4275E+02
0000982   9.4599E+01 -1.8528E+02 -2.0368E+02
0000983   2.9962E+02 -2.5918E+00  1.5809E+02
0000984   4.4462E+02 -1.7437E+02 -4.3462E+01
0000985   7.6187E+01  9.3468E+00  1.0185E+02
0000986   4.4158E+02  9.7685E+01 -6.1578E+00
0000987   1.9432E+02 -1.7047E+02  1.7851E+02
0000988   3.8779E+02 -1.8672E+02 -7.4770E+01
0000989   3.3263E+02 -1.8221E+02 -1.8251E+02
0000991   4.2543E+02 -2.7419E+02 -1.0176E+02
0000992   2.0612E+02 -2.8191E+02 -2.2913E+02
0000993   4.9480E+02  1.0957E+02  1.2824E+01
0000994   3.2671E+02  1.7795E+02 -5.6763E+00
0000995   1.6050E+02  1.3125E+01  1.5043E+02
0000996   4.0668E+02  8.1211E+01  7.9824E+01
0000998   3.3329E+02  2.1493E+01 -2.3034E+02
0000999   3.5270E+02  1.9306E+02  1.2018E+02
0001000   3.2567E+02 -6.9363E+01 -1.3601E+01
