============================== SRIM-2013.00 ==============================
==============================================================================
====== SRIM Outputs\RANGE_3D.txt : File of Final Ion Positions =====

Ion =  F (09)   Ion Mass= 018.9984
Energy  = 3000000.E-05 keV
Ion Angle to Surface = 00.0 degrees
==================== TARGET =======================
  Layer # 1 - None
  Layer # 1 - Bottom Depth=500000.E-01 A
  Layer # 1 - Density =0007.8700 g/cm3
  Layer # 1 -  100 % of Fe
ÍÍÍÍÍÍÍÍÍÍÍÍÍÍÍÍÍÍÍÍÍÍÍÍÍÍÍÍÍÍÍÍÍÍÍÍÍÍÍÍÍÍÍÍÍÍÍÍÍÍÍÍ
                                            
Ion       Depth  X   Lateral Y   Lateral Z  
Number    (Angstrom) (Angstrom)  (Angstrom) 
-------  ----------- ----------- -----------
0000002   2.6688E+02  2.4588E+02 -1.5136E+02
0000003   7.6757E+01 -2.2110E+02  2.0732E+02
0000004   5.7595E+02  2.1245E+02  2.8527E+02
0000005   2.6278E+02 -2.8641E+02  1.5752E+02
0000006   4.6554E+02  1.6126E+01 -2.0598E+02
0000007   8.6928E+01  4.3922E+02 -9.9722E+01
0000008   5.1572E+02  3.4366E+02 -1.0668E+02
0000009   4.7417E+02 -1.3252E+02 -3.1895E+01
0000010   5.3563E+02 -1.2623E+01 -6.5496E+01
0000011   4.2399E+02 -1.1064E+02  2.0698E+01
0000012   3.3561E+02  1.7265E+02 -5.2410E+01
0000013   3.3178E+02 -1.3228E+02  9.1985E+01
0000014   4.3690E+02 -1.6192E+02  1.0491E+02
0000015   4.5954E+02 -3.7266E+00 -4.3576E+01
0000016   3.2741E+02 -3.0308E+02 -7.3854E+01
0000017   3.3684E+02  1.3438E+02 -3.4328E+01
0000018   2.3407E+02  1.9252E+01 -2.4652E+02
0000019   4.7052E+02  4.8063E+01  4.6993E+01
0000020   1.7152E+02 -1.0420E+02  2.0892E+02
0000021   1.6784E+02  2.7912E+02 -1.0132E+02
0000022   9.1757E+01  1.8770E+02 -9.7122E+01
0000023   4.6633E+02  8.7885E+01  3.4626E+00
0000024   3.0169E+02  1.6005E+02 -1.0472E+02
0000025   2.6062E+02  2.2602E+01 -5.4899E+01
0000027   4.8408E+02  4.6253E+01 -2.3031E+02
0000028   2.2712E+02 -7.9794E+00  2.0239E+01
0000029   6.3612E+01  5.1481E+01 -3.8314E+02
0000030   5.2681E+02  9.9996E+01 -1.0334E+02
0000031   2.3513E+02 -1.5954E+02 -6.9802E+01
0000033   1.8873E+02 -1.6809E+02  6.0043E+01
0000034   1.7872E+02 -9.4863E+00 -4.2088E+02
0000035   1.9353E+02 -1.3288E+02  2.0564E+02
0000036   1.9069E+02 -1.4134E+01 -5.5487E+01
0000037   2.6962E+02 -1.6748E+02 -4.0431E+00
0000038   5.9300E+02  9.2069E+01 -3.9105E+01
0000039   4.2907E+02  3.1935E+02  1.4383E+02
0000040   4.8129E+02 -1.0653E+02  2.6885E+02
0000041   1.0471E+02  1.9449E+01  1.4320E+02
0000042   2.8977E+02 -5.5879E+01 -1.3602E+02
0000043   1.7447E+02  3.6529E+01 -1.2327E+02
0000044   1.4055E+02 -9.3363E+00 -1.6422E+02
0000045   2.9131E+02 -9.0302E+00  2.4376E+02
0000046   3.4698E+02  2.0539E+02  6.7949E+01
0000047   4.5768E+02 -1.3675E+02 -7.2738E+01
0000048   2.5870E+02  8.1958E+01 -1.3319E+02
0000049   4.8882E+02  8.7471E+01 -2.6441E+02
0000050   2.2908E+02  9.7932E+01  2.0663E+02
0000051   6.0788E+02 -8.3624E+01  5.6584E+01
0000052   3.9851E+02  9.3845E+01  8.6559E+01
0000053   3.4341E+01  1.0657E+02  7.1744E+01
0000054   4.1475E+02 -7.8358E+01  4.0741E+02
0000056   2.4525E+02 -3.9818E+01 -4.1260E+02
0000057   1.1547E+02  1.3057E+02  2.2251E+01
0000058   2.7960E+02  1.2303E+02  1.2828E+02
0000059   1.3612E+02  2.2027E+01 -2.6236E+02
0000060   8.3415E+01  3.0316E+01  1.3717E+02
0000061   6.5479E+02 -1.2811E+02  1.0040E+02
0000063   1.9549E+02  4.2625E+02 -1.8187E+02
0000064   2.6259E+02  2.0338E+02  1.6160E+02
0000065   6.3200E+01  6.3843E+01  1.7887E+02
0000066   1.0214E+02  3.6582E+02 -8.0943E+01
0000067   1.5163E+02  2.3066E+02 -4.5962E+01
0000068   5.9174E+02 -2.4789E+02 -1.2106E+02
0000069   3.8221E+02  2.1080E+01  2.6839E+02
0000070   2.3600E+02  1.7223E+02 -2.0737E+02
0000071   1.0936E+02 -1.7963E+02  1.9603E+02
0000072   4.4052E+02  3.7387E+01  4.5863E+01
0000073   5.1528E+02  1.9334E+02 -1.6443E+02
0000074   3.7409E+02  1.6344E+02  2.5345E+01
0000075   4.6672E+02  2.5247E+02  2.1822E+02
0000076   2.6526E+02 -3.1450E+02  8.8146E+01
0000077   4.9428E+02  2.9746E+01  1.0021E+02
0000078   1.9026E+02  3.1814E+01  2.3696E+02
0000079   3.6484E+02  1.2919E+02  1.8740E+01
0000080   4.3149E+02  5.2083E+01 -1.3227E+02
0000081   4.0142E+02  8.6955E+01  2.0475E+02
0000082   3.0871E+02  1.5652E+02 -4.1158E+01
0000083   1.1992E+02 -5.2419E+02  7.7540E+01
0000084   1.7621E+02  1.5814E+02 -7.6819E+01
0000085   3.0871E+02 -1.0213E+02  1.4499E+02
0000086   2.9711E+02 -6.7723E+01 -9.2097E+01
0000087   4.3656E+02 -6.5963E+01 -1.3029E+02
0000089   9.3582E+01 -6.4469E+01  4.1619E+01
0000090   4.1223E+02  7.1037E+01  1.9974E+02
0000091   4.4331E+02 -8.0481E+01  3.3958E-01
0000092   4.1837E+02  1.4020E+02  1.0535E+02
0000094   5.6129E+02 -2.6272E+00 -3.4071E+02
0000095   2.4462E+01  7.4043E+01 -1.3564E+02
0000096   2.4467E+02  1.8023E+02  3.9712E+01
0000097   6.0384E+02  2.9570E+01  2.5132E+02
0000098   1.7179E+02  4.2427E+01  1.6814E+01
0000099   6.3556E+02 -1.0577E+02  1.3564E+01
0000100   2.6716E+02  7.5650E+01  5.4389E+01
0000101   3.1991E+02  5.8762E+01 -2.1685E+00
0000102   2.7571E+01  1.9094E+01  2.1207E+02
0000103   4.3443E+02  2.5607E+02  8.7810E+00
0000104   1.0460E+02 -2.3825E+00 -7.9153E+01
0000105   1.7022E+02 -1.0902E+02  2.4811E+02
0000106   3.0767E+02 -2.7529E+02 -2.6709E+01
0000107   1.5328E+02  1.1009E+01 -3.8181E+01
0000108   4.8086E+02 -2.6287E+02 -2.3048E+02
0000109   2.2867E+02  1.3049E+02 -2.5251E+02
0000110   3.2203E+02 -5.4638E+01  2.3107E+02
0000111   1.3846E+02 -1.4247E+02  1.6626E+01
0000112   4.0513E+02 -2.4598E+02  4.7865E+01
0000113   1.4889E+02 -2.9138E+01  3.9904E+02
0000114   3.8394E+02 -2.7211E+02  1.6548E+02
0000115   3.3965E+02  2.4857E+01 -1.4816E+02
0000116   6.0029E+02  5.3599E+01  9.7265E+01
0000117   3.4816E+02 -1.1232E+02  6.7494E+01
0000118   2.9859E+02  1.5195E+02  1.2603E+02
0000119   4.6904E+02 -2.6194E+02 -3.1135E+01
0000120   3.3038E+02 -5.1512E+02 -2.2339E+02
0000121   3.2264E+02 -9.9829E+01 -1.0676E+02
0000122   2.5294E+02 -8.9360E+01 -1.6787E+02
0000123   3.0322E+01 -9.7959E+01 -4.2009E+01
0000124   1.9939E+02  1.9632E+02 -8.2417E+01
0000125   5.2352E+02 -6.9019E+01 -1.2771E+02
0000126   3.2549E+02  1.3569E+02  8.2135E+01
0000127   3.4657E+02  8.7748E+01  7.5806E+01
0000128   3.1861E+02 -2.2534E+02 -2.2221E+02
0000129   1.9953E+02  1.4704E+02 -6.8663E+01
0000130   2.7050E+02  1.9763E+02 -6.2247E+01
0000132   3.3939E+02  1.2207E+02  2.9644E+01
0000133   2.9824E+02 -1.9081E+02  2.7859E+01
0000134   3.1403E+02  3.3328E+01 -4.9646E+01
0000135   8.9608E+01 -2.9314E+02 -1.3138E+02
0000136   1.0210E+02  2.5420E+01 -1.5866E+02
0000137   2.2271E+02 -2.3538E+02 -2.4788E+02
0000138   3.9255E+02 -4.9446E+01  6.8344E+01
0000140   1.6484E+02 -1.7340E+02  5.6531E+01
0000141   3.8835E+02  2.2386E+02 -4.1642E+02
0000142   5.0804E+02  1.8052E+01 -3.1725E+01
0000143   4.7465E+02  3.3223E+01 -3.1039E+01
0000144   2.8911E+02 -8.4377E+01  2.3219E+02
0000145   3.2289E+02 -2.3050E+02 -3.1552E+01
0000146   4.7104E+02  3.1719E+01  8.3612E+01
0000147   3.3096E+02 -1.5872E+00 -1.4841E+02
0000148   2.3544E+02 -1.3651E+02 -1.9995E+02
0000149   2.2792E+02  5.4784E+01  1.3040E+02
0000150   2.0914E+02  2.9178E+00  7.0105E+01
0000151   5.0559E+02  1.2961E+02  2.0966E+02
0000152   4.3548E+02  1.7641E+01  1.3568E+02
0000153   3.1233E+02  2.3139E+02 -1.0475E+02
0000154   2.8979E+02 -1.7123E+02  3.6776E+01
0000155   1.7961E+02 -4.8077E+01  7.0579E+01
0000156   3.8974E+02 -5.0261E+02 -2.8163E+01
0000157   4.0033E+02 -1.6523E+01  3.1079E+01
0000158   8.3122E+01  1.4483E+02  2.2017E+02
0000159   1.4428E+02 -8.6467E+01  1.9862E+02
0000160   7.1855E+01  4.6672E+00 -1.3273E+02
0000161   6.2850E+01  2.2891E+02  3.4443E+02
0000162   4.8574E+02  2.3299E+01 -1.9233E+02
0000163   2.7759E+02 -6.9217E+01 -1.2892E+02
0000164   5.0404E+02  1.0131E+02  1.1167E+02
0000165   3.6481E+02  1.0387E+02 -1.4620E+00
0000166   2.3242E+02  1.5528E+00  6.4432E+01
0000167   3.2522E+02 -1.7727E+02  1.3827E+02
0000169   6.2503E+02 -1.3568E+02 -2.1032E+02
0000170   2.9794E+02 -1.0593E+02  2.8086E+02
0000171   4.8135E+02  2.3175E+02 -5.2469E+01
0000172   3.7311E+01 -2.2264E+02 -3.2358E+02
0000173   2.7994E+02 -2.0451E+02 -2.6300E+02
0000174   3.0168E+02  1.5570E+01  1.0928E+01
0000175   3.7575E+02  3.4674E+02 -9.3833E+01
0000176   3.2640E+02 -2.8051E+02 -9.1177E+01
0000177   4.5343E+02 -5.4953E+01 -2.6844E+02
0000178   8.1890E+01 -1.3126E+02 -3.8627E+01
0000179   2.9451E+02  1.6876E+02 -3.0214E+01
0000180   3.1555E+02  1.1254E+02 -1.6705E+02
0000182   2.6568E+02 -7.1895E+00 -4.1326E+01
0000183   2.7773E+02 -1.0254E+02  2.3621E+02
0000184   4.0444E+02 -1.1392E+02  3.9358E+02
0000185   4.5726E+02 -1.3612E+02 -3.3278E+02
0000186   2.4722E+02 -9.9597E+01 -9.6507E+01
0000187   3.6247E+02 -1.1858E+02  1.0602E+02
0000188   3.4495E+02  7.6517E+01 -1.8106E+02
0000189   5.1697E+02 -2.8972E+02 -4.4989E+01
0000190   5.8730E+02  3.4116E+01 -3.1918E+02
0000191   4.7873E+02  9.1671E+01  6.1245E+01
0000192   2.5922E+02  2.6761E+02 -1.0861E+02
0000193   2.1416E+02  1.3885E+02 -2.3756E+02
0000194   1.7321E+02  2.4567E+01  1.2781E+02
0000195   3.9463E+02  4.2859E+01  4.9126E+01
0000197   1.5431E+02  1.3412E+01 -3.5877E+00
0000198   4.6440E+02  9.2331E+01 -1.5904E+02
0000199   4.9803E+02  1.1267E+02 -7.9608E+01
0000200   2.2656E+02  7.2654E+01 -6.2465E+01
0000201   3.3495E+02  4.4063E+01 -3.2294E+02
0000202   5.0627E+02  5.0885E+01 -1.1768E+02
0000203   4.8172E+02 -6.7645E+00 -8.2685E+01
0000204   2.7598E+02  1.6049E+02  5.8396E+01
0000205   4.7987E+02 -1.7343E+01 -1.7466E+02
0000206   1.9898E+02  1.3412E+02  6.1020E+01
0000207   4.5918E+02 -2.3718E+02  3.6782E+02
0000208   3.0804E+02  1.4107E+02  3.1389E+02
0000209   4.4175E+02  1.8108E+02 -1.5725E+02
0000210   5.1198E+02  1.7332E+02  2.5292E+02
0000211   2.3764E+02 -1.5830E+02 -9.5517E+01
0000212   4.0535E+02  1.6411E+02  6.0769E+01
0000213   2.8137E+02  1.0267E+02  1.3406E+02
0000214   4.4201E+02 -1.8802E+02 -1.6623E+02
0000215   3.5038E+02  1.4081E+02  1.4536E+02
0000216   2.0953E+02 -2.1619E+02 -8.5181E+01
0000217   2.6783E+02 -1.6692E+02 -1.7407E+02
0000218   4.4167E+02  6.9983E+01  8.3704E+01
0000219   2.4278E+02 -2.6496E+01  5.5386E+01
0000220   4.8394E+01  1.6347E+02  1.8273E+01
0000222   4.8674E+02  1.9554E+01  2.1478E+01
0000223   5.5724E+02  1.1727E+02  2.9985E+02
0000224   5.7495E+02 -3.9490E+01 -7.0788E+01
0000225   2.4059E+02 -1.7110E+02 -2.7512E+02
0000226   5.9957E+02 -3.1984E+02  1.3654E+02
0000227   2.7852E+02 -9.1948E+01  6.4764E+01
0000228   3.2932E+02 -9.3007E+01 -5.6925E+01
0000229   4.0808E+02  1.6805E+02 -3.1242E+01
0000230   2.9392E+02  4.9004E+01 -1.4809E+02
0000231   2.0541E+02 -1.6734E+02 -4.2779E+02
0000232   4.4968E+02 -2.0735E+02 -2.2632E+02
0000233   4.9725E+02 -1.4794E+02  2.7846E+02
0000234   2.5577E+02 -2.0333E+02 -3.5659E+01
0000235   5.7373E+02 -6.4319E+01 -3.6738E+02
0000236   1.1067E+02  1.5862E+01 -2.2091E+02
0000237   4.6068E+02  1.9851E+02  9.4868E+01
0000238   1.8084E+02  3.2745E+02  2.3440E+02
0000239   4.0136E+02  2.0449E+02  4.9172E+01
0000240   5.2087E+02 -1.6346E+02  2.4460E+02
0000241   3.9597E+02  8.2239E+01 -2.4011E+01
0000242   1.8367E+02  9.8637E+00  1.4630E+02
0000243   3.1067E+02 -2.2300E+02 -5.3132E+01
0000244   1.5095E+02  2.0641E+02  1.9326E+02
0000245   1.5783E+02  1.7262E+01  2.6627E+02
0000246   2.8360E+02  3.5449E+02  2.1235E+02
0000247   5.4720E+01 -5.8823E+01  3.8998E+02
0000248   4.1720E+02  2.1308E+02  9.2194E+01
0000249   4.0406E+02  2.6977E+02 -9.9939E+01
0000250   3.0207E+02  3.6973E+02  8.7841E+01
0000251   2.2409E+02  1.2579E+01 -5.3180E+01
0000252   2.9094E+02 -1.5512E+02  1.8706E+02
0000253   3.5701E+02 -1.4751E+02  9.2071E+01
0000254   2.1682E+02  1.8789E+02  2.3887E+02
0000256   3.5350E+02  1.6084E+00 -1.7592E+02
0000257   2.9389E+02 -2.1368E+02 -1.5668E+02
0000258   2.7075E+02  3.2723E+02 -2.3327E+02
0000259   1.9259E+02 -4.0236E+01 -2.7086E+02
0000260   2.2798E+02 -3.2719E+02  1.8111E+02
0000261   1.4410E+02 -2.9565E+02 -7.3887E+01
0000262   4.7292E+02  3.4592E+00  8.3948E+01
0000264   3.2284E+02  2.5758E+02  1.2995E+02
0000265   3.2989E+02 -6.1339E+01 -3.5752E+02
0000266   3.4961E+02 -1.0390E+02  1.2782E+02
0000267   3.2179E+02  8.1718E+01 -3.5070E+02
0000268   1.6610E+02 -7.2602E+01  1.7244E+02
0000269   3.0178E+02 -6.2913E+01  6.3062E+01
0000270   3.9278E+02  2.8156E+01  1.1237E+02
0000271   1.4455E+02 -2.6947E+02  6.6795E+00
0000272   1.0390E+02  2.0178E+02 -1.6538E+02
0000273   3.9444E+02  4.3027E+01 -1.9867E+02
0000274   7.2268E+01  3.1742E+01  8.2364E+01
0000275   2.2670E+02 -9.3436E+01  7.5074E+01
0000276   6.6704E+02 -2.3649E+02 -1.0804E+02
0000277   1.1814E+02  1.4327E+00 -2.9233E+02
0000278   1.8467E+02  4.1950E+01  7.6441E+00
0000279   2.8927E+02 -6.6723E+01 -7.3200E+01
0000280   3.4449E+02  3.9945E+01  2.4270E+01
0000282   1.1602E+02  1.1740E+02 -1.4248E+02
0000283   1.2388E+02 -1.0974E+02  1.6720E+02
0000284   3.6638E+02  2.7323E+00 -1.6693E+02
0000285   7.8829E+01 -5.1748E+01  4.8874E+01
0000286   4.2978E+02 -2.6668E+02 -2.5462E+02
0000287   3.5707E+02  1.1758E+02  1.2790E+02
0000288   8.1828E+02  1.2665E+02 -1.5504E+02
0000289   9.5845E+01 -1.0266E+02  1.7247E+01
0000290   3.8046E+02 -2.2546E+02  9.7972E+01
0000291   3.8519E+02  3.8393E+02  9.8939E+01
0000292   2.8740E+02  5.1800E+01  2.1460E+02
0000293   3.1650E+02  5.8141E+01  1.6507E+02
0000294   3.9157E+02 -1.5525E+02  4.5107E+00
0000295   4.5402E+02  1.2694E+01  2.1528E+02
0000296   2.8556E+02 -1.1008E+02 -1.5140E+02
0000297   1.0529E+02 -1.2957E+02  8.9342E+00
0000298   4.6985E+02 -1.2874E+02  4.5015E+01
0000299   2.9633E+02  1.7352E+02  1.7842E+02
0000300   2.1330E+02 -1.9034E+02 -1.0334E+02
0000301   1.5767E+02  1.3948E+02 -3.0132E+01
0000302   2.0506E+02 -1.8094E+01  3.4163E+02
0000304   3.3522E+02 -1.3437E+01 -2.0275E+02
0000305   3.4725E+02 -1.1426E+02  2.2436E+02
0000307   1.2657E+02  1.7328E+02  5.6826E+01
0000308   8.7791E+01 -7.0205E+01  8.8968E+00
0000309   2.3242E+02 -3.3260E+01 -2.6900E+01
0000310   5.2641E+02 -1.3553E+02 -2.3783E+01
0000311   4.5170E+02 -2.2449E+01 -4.4553E+01
0000312   2.7541E+02 -6.8811E+01  1.3465E+02
0000313   3.7069E+01 -1.3208E+02  1.3285E+02
0000314   3.2277E+02  2.3512E+02  3.0037E+02
0000315   2.1146E+02  1.3877E+02  1.4312E+02
0000316   2.4392E+02  1.4976E+02 -1.7564E+02
0000317   2.3687E+02 -2.2731E+02  1.2140E+02
0000318   2.2833E+02  2.9886E+02  2.2269E+02
0000319   4.7027E+02  1.3001E+01 -1.8628E+02
0000320   4.4827E+02 -1.8856E+02  1.0853E+02
0000321   2.1067E+02 -1.3991E+01  1.0752E+02
0000322   3.8184E+02  8.0845E-01  8.6688E+01
0000323   3.8733E+02 -1.1207E+02  7.0777E-02
0000324   4.2730E+02 -2.9822E+02 -4.6740E+01
0000325   3.4435E+02  1.1639E+01 -1.7656E+02
0000326   2.4930E+02  1.3283E+02 -4.1270E+00
0000327   3.8239E+02 -2.4967E+02  2.6128E+02
0000328   2.2514E+02 -1.7593E+01  3.2901E+00
0000329   3.5499E+02 -2.1642E+02  9.3060E+01
0000330   1.1472E+02 -2.5599E+02 -5.5352E+01
0000331   3.2132E+02  2.6343E+02 -1.7845E+02
0000332   7.3236E+02  1.5870E+02  2.5300E+01
0000333   4.0000E+02  1.7616E+02  2.8179E+00
0000334   5.7559E+02  1.6432E+02  9.6304E+01
0000335   3.6868E+02 -9.8109E+00 -1.7710E+02
0000336   3.0455E+02  3.4528E+02  3.1483E+02
0000337   1.3421E+01 -1.3671E+02  1.7748E+02
0000338   1.0954E+02 -9.1907E+01 -1.9688E+02
0000339   5.5871E+02  1.2294E+02  2.2305E+02
0000340   2.7208E+02  1.7548E+02 -3.9288E+02
0000341   2.3505E+02 -1.9305E+02 -1.3880E+02
0000342   6.8309E+02  1.7349E+02  8.0817E+01
0000343   2.0339E+02  2.6217E+02  5.1230E+01
0000344   2.3519E+02  6.3260E+01 -2.2651E+00
0000345   2.4606E+02  3.0002E+02  2.0111E+02
0000346   5.9070E+02  3.2052E+01 -2.6510E+02
0000347   2.5657E+02  1.4005E+02 -1.0488E+02
0000348   4.7463E+02 -1.9469E+02  1.7099E+02
0000349   1.2576E+02 -3.3582E+01 -1.2368E+02
0000350   5.2343E+02 -1.5652E+02  1.4885E+02
0000351   3.6173E+02 -2.9553E+02 -9.0636E+01
0000352   2.5063E+02 -1.6864E+01  2.9749E+02
0000353   2.1061E+02 -4.7577E+01  4.3792E+02
0000354   3.2271E+02  1.7349E+02  1.9344E+02
0000356   2.7715E+02  2.6712E+02  3.6848E+01
0000357   2.5938E+02  2.1617E+02  1.6708E+02
0000358   2.1232E+02 -2.8284E+02 -1.6822E+02
0000359   5.0642E+01  9.7930E+01 -2.9094E+01
0000360   5.3101E+02  1.8619E+02 -7.4448E+01
0000361   5.1594E+02  1.6113E+02  1.9796E+02
0000362   2.7783E+02 -3.8443E+01 -1.8773E+02
0000363   1.7520E+02  3.1852E+02  3.5467E+02
0000364   2.8938E+02 -4.2749E+02  8.9528E+01
0000365   4.2273E+02  1.9381E+02 -1.7926E+00
0000366   4.9055E+02  9.2797E+01  1.8501E+02
0000367   2.4691E+02 -2.2835E+02  1.4591E+01
0000368   2.7891E+02 -1.1772E+02 -2.4142E+02
0000369   1.6179E+02 -2.3955E+02 -9.7402E+01
0000370   2.0082E+02  1.6427E+01  4.2566E+01
0000371   1.8205E+02 -8.5695E+01  1.2516E+02
0000372   4.4137E+02 -7.9154E+01 -6.9662E+01
0000373   3.0648E+02 -1.3402E+02 -6.6990E+01
0000374   3.3349E+01 -1.4618E+02 -3.1585E+02
0000375   3.2278E+02  3.2503E+02  1.7472E+02
0000376   4.7199E+02 -1.6874E+02  8.8539E+01
0000377   5.1936E+02  7.0583E+01  1.3494E+02
0000379   1.8782E+02 -1.5646E+02 -1.4137E+02
0000380   2.5764E+02  3.4405E+02  4.6343E+01
0000381   1.9665E+02  1.4084E+02  3.7902E+01
0000382   5.8298E+02  2.9771E+02 -1.3811E+02
0000383   3.6310E+02 -5.8906E+01  2.6226E+01
0000384   4.5094E+02  7.7357E+01  2.3530E+02
0000385   5.0616E+02  3.6502E+02  4.2451E+01
0000386   1.5142E+02  5.7127E+01 -7.6386E+01
0000387   1.5714E+02 -1.2331E+02  4.3936E+01
0000388   1.0264E+02 -1.6191E+01 -1.0258E+02
0000389   2.5583E+02  2.3730E+01 -1.1735E+02
0000390   1.8213E+02  3.6706E+02  1.1811E+02
0000391   4.7131E+01 -1.2912E+02 -1.8778E+02
0000392   4.1125E+02  1.2685E+02  1.2790E+02
0000393   4.0205E+02 -2.7522E+02  6.0848E+01
0000394   2.0394E+02 -1.9333E+02  2.1580E+02
0000395   3.0440E+02 -1.0125E+02  1.7356E+02
0000396   1.4187E+02  3.1482E+00 -2.1004E+02
0000397   4.2064E+02  3.8134E+02  2.2697E+02
0000398   8.7633E+01 -1.2800E+01 -1.2779E+01
0000399   2.6494E+02 -1.5376E+02  9.9429E+00
0000400   3.7557E+02  7.1713E+01  9.3330E+00
0000401   2.2607E+02  2.8372E+02  2.7386E+01
0000402   4.3503E+02 -1.1391E+02 -3.6910E+01
0000403   2.7386E+00 -3.5914E+01  1.0179E+02
0000404   3.0384E+02  1.2767E+01 -2.5356E+02
0000405   3.2156E+02 -2.0975E+01  3.4591E+02
0000406   8.6546E+01 -1.4289E+02  1.1606E+02
0000407   4.0266E+02  1.3600E+02 -1.3091E+02
0000408   1.6057E+02 -6.8295E+01  1.1488E+01
0000409   4.3921E+02 -5.4385E+01  2.3824E+02
0000410   7.2558E+02  2.7991E+02  2.1275E+02
0000411   2.0167E+02 -2.3686E+01 -1.8551E+02
0000412   9.8237E+01 -7.6541E+01 -9.3362E+01
0000413   3.1950E+02 -2.1737E+02  7.6036E+01
0000414   4.3525E+02  2.3511E+02 -3.3118E+02
0000415   4.8350E+02 -2.3646E+02  2.0005E+02
0000416   3.7783E+02 -1.3096E+02 -1.0845E+02
0000417   4.7590E+02 -2.6634E+02  3.5575E+01
0000418   2.7753E+02 -4.2142E+01 -1.3612E+02
0000419   1.0452E+02  1.7617E+02 -4.7629E+00
0000420   2.6529E+02  8.9366E+01 -5.7173E+01
0000421   4.7321E+02 -1.1054E+01  4.1575E+00
0000422   1.9825E+02  2.5647E+01 -7.5868E+01
0000423   1.1376E+02  8.0651E+01 -2.1222E+02
0000424   1.7919E+02 -1.2877E+02  8.2532E+01
0000425   3.1278E+02  1.9728E+01 -1.3519E+02
0000426   3.5047E+02  2.6357E+02 -2.1835E+01
0000427   1.3175E+02 -3.5269E+01  1.8033E+02
0000428   3.4409E+02 -2.9482E+02  4.4557E+01
0000429   4.0858E+02 -3.4386E+02  3.7903E+01
0000430   2.4401E+02  1.0185E+02  5.6911E+01
0000431   5.4289E+02  3.5873E+01 -1.6326E+02
0000432   2.2586E+02  4.2964E+02  1.2727E+02
0000433   7.0401E+01  1.4847E+02 -6.7716E+01
0000434   1.2304E+02 -2.8962E+01  5.7106E+00
0000435   4.0362E+02  1.7144E+02  8.0761E+01
0000436   2.6328E+02 -2.5812E+02  4.1768E+01
0000437   1.1479E+02 -6.2695E+01  5.7533E+01
0000438   2.4961E+02 -5.4282E+01 -1.6389E+02
0000439   3.2264E+02  7.0045E+00  1.3243E+02
0000440   2.0653E+02 -3.3451E+02 -1.0578E+02
0000441   2.3432E+02  3.3122E+02 -1.7462E+02
0000442   3.5302E+02 -1.3457E+02 -2.8732E+02
0000443   6.6908E+02  3.1018E+01 -6.1426E+01
0000444   9.7546E+01 -3.2169E+01 -3.7950E+01
0000445   3.3269E+02  3.3627E+02 -8.7343E-01
0000446   2.1163E+02  4.8669E+01  1.0790E+02
0000447   3.4464E+02  1.9367E+02  1.6034E+02
0000448   3.1072E+02  8.7348E+01  1.7538E+01
0000449   3.7375E+02 -1.5629E+02  1.0531E+02
0000450   3.2280E+02 -2.1931E+02  1.7490E+01
0000451   3.0397E+02 -1.0654E+02 -1.1092E+02
0000452   2.3401E+02 -4.9932E+01 -1.7436E+02
0000453   2.9049E+02  2.2994E+02  3.1234E+01
0000454   3.6566E+02  1.2623E+02 -5.8528E+01
0000456   4.4827E+02 -6.8804E+01  5.2006E+01
0000457   6.1775E+02 -3.4920E+02 -4.1554E+01
0000458   3.8291E+02 -3.2421E+01 -1.2637E+02
0000459   5.3969E+02 -1.2808E+02 -6.6574E+01
0000461   1.3801E+02 -4.5960E+01  3.7545E+01
0000462   3.4166E+02 -2.8106E+02  5.1577E+02
0000463   4.2555E+02 -1.0265E+02 -1.8462E+01
0000464   2.7330E+02 -5.1194E+01 -1.2228E+02
0000465   2.9040E+02 -8.5627E+01 -3.0624E+01
0000466   1.8988E+02 -1.2649E+02 -1.4366E+02
0000467   6.7251E+02  2.9765E+02 -1.2120E+00
0000469   5.0304E+02 -2.1900E+02 -1.1814E+02
0000470   1.5992E+02 -7.3201E+01 -8.2246E+01
0000471   2.6653E+02 -5.0888E+01 -9.6550E+00
0000472   6.2831E+02  4.6483E+02  5.2197E+01
0000473   5.3889E+02  9.3929E+01 -9.9460E+01
0000474   4.8551E+02  3.0876E+00  1.5760E+02
0000475   1.3759E+02  2.7448E+02  1.5651E+02
0000476   8.3451E+01 -1.6472E+02  6.8076E+00
0000477   5.1217E+02  1.3609E+02  1.4430E+02
0000478   3.9953E+02  1.9626E+02  5.6718E+01
0000479   2.7374E+02 -3.5106E+01  3.0267E+02
0000480   2.2759E+02  1.9082E+02  1.6558E+02
0000481   1.0847E+02 -1.6561E+00  4.6474E+01
0000482   1.9495E+02 -1.1574E+02  7.1545E+01
0000483   3.0560E+02  2.6609E+01 -1.7268E+01
0000484   1.5373E+02  1.5155E+02  1.6382E+02
0000485   1.9685E+02  1.1855E+02  2.5929E+02
0000486   5.5578E+02 -1.7238E+02 -4.2686E+01
0000487   5.7676E+02  2.1262E+02 -3.5627E+02
0000488   1.2712E+02  1.1288E+01 -6.7474E+01
0000489   4.4875E+02 -4.4319E+02 -2.3113E+02
0000490   3.1123E+02  3.3867E+02  1.7356E+02
0000491   3.1814E+02 -1.4780E+02  2.3572E+02
0000492   4.6955E+02  1.2360E+02  6.7147E+01
0000493   4.7283E+02 -1.9309E+01  4.4363E+01
0000494   2.9091E+02 -1.9626E+00 -1.3694E+02
0000495   6.4719E+02 -7.3604E+00  5.2353E+02
0000496   2.7773E+02  1.6930E+02  4.1060E+01
0000497   2.2021E+02 -1.3753E+02  5.3584E+01
0000498   9.4208E+01  2.2646E+02  2.6405E+02
0000500   1.4133E+02  1.8561E+02  1.5289E+02
0000501   2.3081E+00 -4.7861E+01  6.5766E+00
0000502   1.7080E+02  2.8130E+02 -8.3770E+01
0000503   4.6390E+02  1.3376E+02  9.9429E+01
0000504   5.7902E+02 -2.2737E+01  4.6923E+01
0000505   6.3227E+02 -2.4419E+02  5.2651E+01
0000506   1.3169E+02 -2.2125E+01 -2.2791E+02
0000507   2.9638E+02 -7.8555E+01 -3.4096E+02
0000509   2.3432E+02 -1.9476E+02 -1.5554E+02
0000510   3.1107E+02 -7.1476E+01  2.1786E+02
0000511   1.3892E+02  9.8656E+01  1.6407E+02
0000512   4.0330E+02  2.0131E+02  9.6127E+01
0000514   4.6536E+02  1.9030E+02 -1.1057E+02
0000515   3.1372E+02  1.1560E+02 -2.8590E+02
0000516   2.5037E+02  2.5557E+02 -3.1069E+02
0000517   1.1214E+02  1.3935E+02  1.4214E+02
0000518   6.2582E+01 -1.9262E+02  1.1433E+02
0000519   4.3515E+02  2.2517E+02  1.4314E+02
0000520   2.8221E+02  7.8103E+00  1.8591E+02
0000521   2.8488E+02 -2.3246E+01 -2.9147E+01
0000522   1.4164E+02 -5.2125E+01  2.8836E+02
0000523   1.9181E+02 -1.3427E+02 -9.4639E+01
0000524   5.0746E+02 -1.1316E+02 -1.5789E+01
0000525   3.8637E+02 -2.2588E+02  3.9162E+01
0000526   3.4309E+02 -2.0325E+02  3.8865E+02
0000527   3.7346E+02  2.7648E+01 -1.6301E+02
0000528   2.1708E+02 -4.1887E+01 -2.7951E+02
0000529   3.4873E+02  1.4437E+02 -2.7865E+02
0000530   3.4352E+02 -1.1514E+02  2.5445E+02
0000531   3.7476E+02 -1.0227E+02  2.1081E+02
0000533   2.3773E+02  3.0393E+02 -2.4024E+02
0000534   1.7896E+02  1.7061E+02  2.4182E+01
0000535   1.6714E+02 -1.1092E+02 -1.8877E+02
0000536   6.2976E+02  6.1506E+00 -1.2708E+02
0000537   1.6171E+02 -1.2234E+02  9.1184E+01
0000538   1.7575E+02 -1.4770E+02 -1.9059E+02
0000539   1.9084E+02 -6.8220E+01  2.7983E+02
0000540   5.2086E+01  2.8340E+01 -7.1316E+01
0000541   6.0355E+02 -7.1078E+01 -2.5250E+02
0000542   9.9903E+01  2.0480E+02  2.6974E+02
0000543   5.8031E+02  5.1923E+01  2.5973E+02
0000544   3.8937E+02 -9.0315E+01 -1.5227E+01
0000545   4.3251E+02  1.0892E+02  1.1796E+02
0000546   1.3128E+02 -2.8463E+02 -1.3449E+02
0000547   3.8708E+02  1.5461E+00 -3.8962E+02
0000548   4.5962E+02  1.2441E+02  5.0851E+01
0000549   6.2044E+01  1.6334E+02 -2.6797E+02
0000550   2.6483E+02 -9.8459E+01  1.1807E+02
0000551   4.5156E+02 -9.7252E+01  1.9873E+02
0000552   4.3062E+02  2.1115E+02  2.6980E+01
0000553   6.8746E+02  1.3020E+02  2.8108E+02
0000554   1.4825E+02  2.8518E+01  2.1185E+01
0000555   2.5959E+02  2.6743E+02  9.1122E-01
0000556   5.4288E+02 -8.7640E+01 -1.5275E+02
0000557   1.0413E+02 -1.1541E+01 -2.1532E+02
0000558   5.5605E+02  1.3854E+02 -1.6644E+02
0000560   2.4122E+02 -1.4197E+02  4.1418E+02
0000561   2.5252E+02 -3.9596E+01 -2.9347E+01
0000562   4.5060E+02 -5.6469E+01  7.6736E+01
0000563   3.3211E+02 -1.2763E+02  7.7295E+01
0000564   5.6273E+02  1.8327E+02 -1.0139E+02
0000565   3.5322E+02  4.0330E+02 -2.1597E+02
0000566   4.6923E+02 -2.2622E+02 -5.4769E+01
0000567   2.3514E+02  2.6528E+02 -4.5634E+02
0000568   1.5847E+02 -1.9753E+02 -1.8191E+02
0000569   2.3845E+01  2.6131E+02 -1.6996E+01
0000570   2.5631E+02 -1.1052E+02 -5.8046E+01
0000571   1.6855E+02 -4.7651E+01  1.9176E+02
0000573   3.5298E+02 -9.8306E+00 -2.1060E+02
0000574   5.8324E+02 -6.6664E+01  8.1361E+01
0000575   3.1715E+02 -3.9206E+02 -1.5468E+02
0000576   4.2337E+02 -6.5732E+01 -4.2122E+01
0000577   2.3613E+02 -2.3390E+02 -1.0404E+02
0000578   4.0884E+02  2.7949E+02 -4.4259E+02
0000579   3.1503E+02 -3.0506E+02 -1.9093E+02
0000580   4.5289E+02  5.5953E+00 -4.2771E+00
0000581   2.8240E+02  1.7732E+02 -7.7613E+01
0000582   3.9774E+02  2.0194E+02 -1.9538E+02
0000583   3.4421E+02 -1.0475E+02  1.2736E+02
0000584   1.9383E+02 -2.3774E+02  4.3874E+01
0000585   9.9044E+01 -5.9075E+01 -9.8576E+01
0000586   1.0306E+02 -7.9021E+01  1.4612E+02
0000587   1.6726E+02 -1.2262E+02  1.5512E+02
0000588   3.8470E+02  1.3789E+01  3.3795E+01
0000589   8.9511E+01 -2.8027E+02 -3.8808E+02
0000590   2.9580E+02  5.6104E+01  1.2863E+02
0000591   6.1799E+02  1.7067E+02 -1.3536E+02
0000592   6.0361E+02 -1.0859E+02 -2.2769E+02
0000594   2.9252E+02  4.0359E+02  6.4756E+01
0000595   3.3596E+02 -1.3794E+02 -2.7329E+02
0000596   3.6035E+02  3.3492E+01  3.4914E+01
0000597   3.0981E+02 -4.9662E+01  1.5756E+02
0000598   3.0811E+02  3.1106E+01 -6.6436E+01
0000599   3.3268E+02 -9.0964E+01 -5.0812E+02
0000600   3.7491E+01 -3.7953E+01 -1.8418E+02
0000601   5.9221E+02  9.4695E+01 -2.7454E+02
0000602   5.7666E+02  4.3032E+02  3.2865E+02
0000603   3.6703E+02  8.3318E+01  4.8546E+01
0000604   5.1662E+02  2.4604E+02  2.5931E+01
0000605   3.0547E+02 -1.4877E+02 -3.0496E+02
0000606   4.8087E+02  2.1792E+02 -3.6523E+01
0000607   3.6936E+02 -1.9028E+00 -8.0316E+01
0000608   6.2045E+02 -2.7347E+01  2.6351E+02
0000610   5.6732E+02 -3.4182E+01 -3.6786E+01
0000611   2.9077E+02  2.7750E+02  5.2578E+01
0000612   4.4872E+02 -1.5289E+01 -2.1548E+01
0000613   4.3047E+01  2.0206E+01 -8.4379E+01
0000615   4.5954E+02  2.2446E+02 -1.7728E+01
0000616   1.5304E+02  2.7848E+01 -2.4536E+02
0000617   3.1089E+02 -5.0127E+01  5.5371E+01
0000619   2.3673E+02  8.2740E+01  5.2091E+02
0000620   1.0314E+01 -1.2543E+02  1.4150E+02
0000621   1.6693E+02 -2.9250E+02  5.6740E+01
0000622   1.5117E+02 -4.4166E+01 -1.1228E+02
0000623   4.8805E+02  5.0452E+01 -1.4929E+02
0000624   5.0232E+02  2.3878E+02 -2.3689E+01
0000625   4.1261E+02  1.7056E+02  3.7476E+01
0000626   1.4151E+02 -1.9134E+02 -2.1642E+02
0000627   1.0719E+02 -3.8650E+01 -1.5611E+02
0000628   5.4603E+02  1.9984E+02 -9.5425E+01
0000629   9.7132E+01 -2.7599E+02 -5.0201E+01
0000630   2.5887E+01 -5.0335E+01 -4.9322E+01
0000631   2.7980E+02  1.6302E+02  1.4169E+02
0000632   3.8638E+02  2.8392E+02 -7.8654E+01
0000633   3.6133E+02 -8.0071E+01  5.0338E+01
0000634   4.2413E+02 -4.5112E+02 -8.0121E+01
0000635   3.6313E+02 -1.3736E+02 -9.6428E+01
0000636   1.5809E+02  1.6958E+01  3.2262E+02
0000637   4.9259E+02  1.8094E+02 -4.3643E+01
0000638   1.7644E+02 -7.7667E+01  5.8907E+00
0000639   2.6508E+02  1.7994E+02 -1.0255E+02
0000640   4.5115E+02 -7.3713E+01  1.8834E+02
0000641   5.9015E+02 -5.1512E+01  1.1390E+02
0000642   1.2656E+02  9.8948E+01 -1.3800E+02
0000643   3.3810E+02  1.7204E+02  2.6366E+02
0000644   1.3574E+02  4.5006E+01  6.6244E+01
0000645   2.1127E+02  5.5918E+01 -1.0700E+02
0000646   3.2751E+02  1.1221E+02  6.5540E+01
0000647   3.0814E+02  3.0479E+01  1.0167E+02
0000648   4.4062E+02 -4.0552E+01  2.4544E+02
0000650   1.6415E+02  1.8488E+02 -3.1355E+00
0000651   1.4148E+02 -4.3059E+01 -2.5564E+02
0000652   2.1527E+02 -2.0270E+02 -6.4290E+01
0000653   1.7954E+02  1.6222E+02 -9.5440E+01
0000655   1.6970E+02 -2.0187E+02 -6.3338E+01
0000656   4.2309E+02  1.9793E+02  1.5541E+02
0000658   1.1683E+02  9.5225E+01  1.9930E+02
0000659   1.4589E+02  1.5614E+02  2.8068E+02
0000660   2.1604E+02 -6.3054E+01  2.4207E+02
0000661   5.8800E+02 -6.9546E+01  1.0237E+01
0000662   4.0984E+02  3.1915E+02 -2.4592E+02
0000663   2.7553E+02  4.2032E+02 -3.0411E+02
0000664   9.7868E+01  1.1060E+02 -1.2201E+02
0000665   1.0187E+02  3.8332E+01  9.8838E+01
0000666   1.0353E+02  4.2156E+02  3.7163E+02
0000667   2.8565E+02  2.4738E+02 -2.1338E+02
0000668   3.5123E+02 -2.1432E+02  3.2160E+01
0000669   3.6924E+02  5.9663E+01  8.9680E+01
0000670   3.4781E+02 -7.4586E+01 -9.1252E+01
0000671   3.0746E+02 -2.2827E+02  9.0135E+01
0000673   2.1442E+02 -1.2434E+01 -3.4267E+02
0000674   3.3945E+02 -1.3483E+01  3.7169E+02
0000675   1.7943E+02 -2.5778E+00  1.9356E+02
0000676   1.1684E+02 -6.0568E+01 -1.7370E+01
0000677   1.3285E+02  1.5046E+02 -1.4492E+02
0000678   1.4346E+02 -5.6865E+01 -1.0134E+02
0000679   4.7661E+02  1.2125E+02  5.2631E+01
0000680   6.1528E+02  6.3547E+01 -9.9231E+00
0000681   1.6530E+02  6.1510E+00 -1.1015E+01
0000682   2.2850E+02 -7.1790E+01  9.6508E+01
0000683   1.4184E+01 -2.0296E+01 -3.1799E+01
0000684   6.5765E+02 -3.8707E+02  2.6724E+02
0000686   3.6600E+02 -5.8939E+01  1.0286E+02
0000687   3.6321E+02 -2.0029E+02 -8.6398E+01
0000688   3.6335E+02  1.1443E+02  5.3467E+01
0000689   3.5394E+01 -1.9195E+02  2.1635E+01
0000690   3.3410E+02 -3.4433E+01 -8.7846E+01
0000691   3.2048E+02  5.2243E+01  7.9249E+01
0000692   5.0310E+02 -5.7931E+00 -1.8281E+02
0000694   3.4602E+02 -2.0812E+02 -1.9674E+02
0000695   1.8173E+02 -8.7645E+00  6.2482E+01
0000696   3.5671E+02 -1.0161E+02  2.0639E+02
0000697   2.1895E+02 -1.9260E+02  1.5535E+02
0000698   4.2676E+02  3.8782E+01 -2.3639E+02
0000699   3.9514E+02 -2.3667E+02 -1.8503E+01
0000700   2.6746E+02  5.2112E+01  1.8633E+02
0000701   3.8741E+02  3.7720E+02 -3.6782E+02
0000702   1.4265E+02 -1.2921E+02 -3.8454E+02
0000703   3.3345E+02  2.4991E+01 -5.9502E+01
0000704   3.3856E+02 -4.9913E+01 -3.0540E+01
0000705   4.3004E+02 -2.1442E+02 -2.6528E+02
0000706   1.4145E+02 -1.2820E+02 -1.5333E+01
0000707   1.0261E+02 -9.0041E+00 -5.1606E+00
0000709   7.4225E+01 -3.4971E+02 -1.8155E+02
0000710   8.0999E+01 -1.9575E+01 -4.6854E+01
0000711   4.0554E+02 -1.1186E+01  8.2426E+01
0000712   4.9764E+02  2.9927E+02  1.7993E+02
0000713   4.7019E+02 -2.0845E+02  1.4928E+02
0000714   5.7474E+02 -6.9902E+01  8.3902E+01
0000715   3.5760E+02 -1.0214E+02  2.0615E+02
0000716   4.0119E+02  3.4910E+01 -1.3039E+02
0000717   3.7166E+02  1.5273E+01 -1.6811E+02
0000718   4.0983E+02  4.0400E+02 -1.1004E+02
0000719   4.3029E+02  1.8829E+02 -6.5233E+01
0000720   4.7619E+02  1.2893E+02 -5.3627E+01
0000721   4.2703E+02  1.2645E+02 -2.1694E+02
0000722   5.9945E+02  2.4399E+02 -3.4634E+01
0000723   4.4777E+02 -6.2559E-01 -2.8513E+02
0000724   3.3007E+02 -9.2588E+00 -1.0663E+02
0000725   1.3122E+02  1.3356E+02  4.5082E+01
0000726   3.5416E+02  1.4585E+02  1.0198E+02
0000727   1.4530E+02 -1.4423E+02 -1.8028E+02
0000728   8.5549E+01  2.5937E+02  8.2290E+01
0000730   2.7667E+02 -8.8066E+01  2.8524E+01
0000731   1.4523E+02 -7.0647E+01 -2.3071E+02
0000732   8.7922E+01 -2.8124E+02  1.4794E+01
0000733   5.1274E+02 -4.2194E+01 -2.5656E+02
0000734   2.4467E+02  7.5348E+01  1.2666E+02
0000735   2.3279E+02 -3.3747E+00  6.1330E+01
0000736   1.6739E+02 -1.5305E+01 -2.5158E+02
0000737   9.2325E+01  5.4498E+01 -2.2033E+01
0000738   3.0527E+02  7.0943E+01  5.0244E+01
0000739   4.9273E+02  2.1133E+02  3.2090E+02
0000740   3.7609E+02  2.2045E+02  1.8075E+02
0000741   4.9514E+02  3.6782E+01 -1.2647E+02
0000742   9.3010E+01 -6.3919E+01 -1.3264E+02
0000743   2.3867E+01  5.4774E+01  9.2862E+01
0000744   2.0252E+02 -3.2569E+02  3.5594E+01
0000745   4.6994E+02  1.3001E+02 -8.6028E+01
0000746   1.1937E+02  1.2769E+02 -8.5691E+01
0000747   3.3162E+02  1.4335E+02 -3.8008E+02
0000748   5.8074E+00 -1.1464E+02 -1.7568E+02
0000749   3.9067E+02 -5.7203E+01  1.2265E+02
0000751   2.3238E+02 -2.6223E+02  8.1466E+01
0000752   2.2145E+02  1.6336E+02 -1.7863E+02
0000753   3.4579E+02 -2.5982E+02 -2.1544E+02
0000754   5.2793E+02 -1.0383E+02  1.1654E+02
0000755   4.1452E+02  1.2300E+01  3.1838E+02
0000756   3.6337E+02  5.0394E+01 -6.1513E+01
0000757   1.6706E+02 -1.8648E+02  1.5412E+02
0000758   1.2175E+02 -1.8298E+02 -1.5715E+02
0000759   2.2820E+02  5.0159E+01  1.9761E+01
0000760   3.7218E+02  1.5811E+02 -2.0394E+02
0000761   3.9789E+02 -6.0699E+00  2.0059E+02
0000762   2.4886E+02  1.9467E+02  2.0436E+02
0000763   3.0480E+02 -2.2016E+02 -4.8978E+01
0000764   2.2681E+02 -6.6861E+01  2.2520E+02
0000765   2.1400E+02  1.6164E+02 -4.2175E+01
0000766   2.5093E+02 -3.6518E+01 -1.9417E+02
0000767   2.0001E+02 -1.4580E+02 -2.0137E+02
0000768   8.8289E+01 -5.6857E+01 -1.2574E+02
0000769   9.1502E+01 -1.0161E+02 -4.2804E+01
0000770   5.1527E+02 -1.0312E+02  1.6544E+02
0000771   5.4631E+02  1.8410E+01  6.0342E+01
0000774   1.3119E+02  7.0446E+01 -2.3818E+02
0000775   4.0315E+02 -4.3608E+01  2.2412E+01
0000776   3.4108E+02 -1.5160E+02 -6.0715E+01
0000777   2.9664E+02 -9.7942E+01  1.4645E+02
0000779   2.0045E+02  3.0700E+02 -1.3660E+02
0000780   2.9121E+02  1.5867E+02 -1.2562E+02
0000782   5.7150E+02 -1.5842E+01 -9.0599E+00
0000783   3.7618E+02 -8.1090E+01  7.4389E+01
0000784   3.1710E+02  9.9350E+01  2.1572E+01
0000785   2.7510E+02  1.4127E+02  2.7846E+02
0000786   3.8787E+02 -1.3562E+02 -4.4852E+01
0000787   3.7170E+02  8.8600E+01 -8.8811E+01
0000788   1.1391E+02  4.8128E+02  1.9219E+02
0000789   3.0784E+02 -2.2284E+01 -2.3401E+02
0000790   2.8569E+02 -3.6517E+01  2.6073E+02
0000791   4.4652E+02 -1.0712E+02 -1.3867E+02
0000792   4.6094E+02 -1.1804E+01  8.6996E+01
0000793   1.0069E+02 -3.4997E+02 -3.2942E+02
0000794   1.8511E+02  1.9658E+02 -1.2059E+02
0000795   3.9663E+02  1.4681E+02 -3.2145E+01
0000797   4.9203E+02  4.7557E+01 -2.3014E+02
0000798   3.1419E+02  1.8675E+02 -3.5688E+02
0000799   2.7493E+02  1.5789E+02 -1.4343E+02
0000800   5.9379E+02 -8.0480E+01  1.7570E+02
0000801   2.5302E+02  4.3681E+02  1.2243E+02
0000802   2.1842E+02  1.1170E+02 -1.5066E+02
0000803   1.5637E+01  1.4742E+01 -4.5921E+01
0000804   3.3660E+02 -2.2841E+02 -3.2607E+02
0000805   2.6742E+02  2.1283E+01  7.0661E+01
0000806   3.6384E+02  2.2415E+01  1.3845E+02
0000807   5.4735E+02  3.4997E+02  1.6751E+02
0000808   4.1040E+02 -6.4306E+01  2.6715E+02
0000809   4.7163E+02  2.2994E+01  9.1758E+01
0000810   1.9597E+02  2.7922E+00  1.0697E+01
0000811   4.9223E+02 -2.7033E+02  1.4106E+02
0000812   4.9786E+02 -5.7947E+01 -2.2037E+01
0000813   1.7930E+02 -4.0479E+01 -3.1185E+01
0000814   3.3290E+02  1.7472E+02  2.1130E+02
0000816   2.8244E+02  1.3682E+00 -2.0190E+02
0000817   5.2831E+02  1.5122E+02  6.2211E+01
0000818   2.3565E+02  1.5762E+02  1.5359E+02
0000819   3.2562E+02  7.3459E+01 -2.7785E+02
0000820   3.0355E+02 -1.7910E+02  7.2653E+01
0000821   1.2750E+02  2.8688E+02  1.1628E+02
0000822   2.0839E+02 -7.0625E+01 -2.5121E+02
0000823   3.8849E+02 -9.7762E+01  1.0290E+02
0000824   3.5229E+02 -9.7258E+01  1.5605E+01
0000825   2.6309E+02  9.7542E+01 -4.6231E+01
0000826   6.4435E+02 -1.9904E+02  8.4444E+00
0000827   6.0040E+02  1.8133E+01  3.1290E+02
0000828   3.2833E+02 -1.0233E+01 -1.9867E+02
0000829   4.1956E+02 -1.0621E+02 -9.4693E+01
0000830   2.4355E+02  1.3736E+02 -6.0683E+00
0000831   3.0304E+02  5.1678E+01 -1.7469E+02
0000833   2.5021E+02  1.3468E+02  4.0407E+02
0000834   7.8159E+01  1.6240E+02  1.6343E+02
0000835   4.2066E+02  1.4293E+02  2.6829E+02
0000836   2.4376E+02  3.4052E+02  2.0415E+01
0000837   4.9799E+02  8.4274E+00  1.9919E+02
0000838   3.1796E+02  9.9937E+01  3.2628E+02
0000839   6.9308E+02  3.0040E+01  2.0115E+02
0000840   3.1099E+02 -1.2234E+00  3.5358E+01
0000841   2.0621E+02  2.2943E+02 -1.6254E+02
0000842   2.8710E+02 -1.1899E+02  2.1457E+01
0000843   2.4247E+02 -2.9637E+01 -2.5750E+02
0000844   1.9801E+02 -1.3678E+01  8.0898E-01
0000845   2.1762E+02  1.8774E+01  6.1974E+01
0000846   3.2138E+02 -2.5725E+02  1.2000E+02
0000847   2.4600E+02  6.7505E+01  8.5579E+01
0000848   4.3363E+01 -6.9334E+01 -1.4576E+02
0000849   3.2704E+02  5.0834E+01  9.2844E+01
0000850   3.9087E+02  2.7658E+02  6.9366E+01
0000851   4.9063E+02 -1.3390E+02 -3.2002E+02
0000852   4.9758E+02  9.1429E+01 -4.7302E+01
0000853   4.2899E+02  7.5983E+01 -1.2584E+02
0000855   3.0624E+02 -2.2029E+02 -2.7037E+02
0000856   4.0239E+02 -3.9459E+02  7.5832E+01
0000857   2.9871E+02  1.5906E+02  5.2681E+01
0000858   2.7889E+02  1.3688E+02  1.0152E+02
0000859   4.5217E+02  2.6277E+02  1.4184E+01
0000860   6.1231E+02  2.6284E+02  1.9981E+02
0000861   2.4788E+02 -1.1678E+02 -1.0901E+02
0000862   4.8325E+02  1.3333E+01  5.5329E+01
0000863   1.0126E+02 -5.2805E+00  7.9171E+00
0000864   1.9289E+02 -4.3468E+02 -1.8624E+02
0000865   5.1747E+02 -2.4461E+02  1.2695E+02
0000866   7.5266E+02  1.2598E+01 -3.5859E+00
0000867   2.2451E+02 -4.1382E+01  2.4471E+02
0000868   1.9899E+02  4.4908E+01  2.1618E+02
0000869   1.4299E+02  3.3817E+00 -3.4828E+01
0000870   9.8537E+01 -5.3489E+01 -6.2736E+00
0000871   5.2015E+02 -8.7577E+01  3.9875E+01
0000872   4.3913E+01  2.1557E+01 -1.5226E+02
0000873   1.1888E+02  2.0454E+02  2.1521E+02
0000874   2.7260E+02  2.9030E+02  1.9966E+02
0000875   4.7059E+02  2.7653E+01  2.3287E+01
0000876   3.2419E+02  2.0133E+02  1.8268E+02
0000877   9.1888E+01 -7.6424E+01  1.1917E+02
0000878   2.9882E+02 -9.3278E+01  1.2125E+02
0000879   2.9881E+02 -2.0303E+02 -1.1055E+02
0000880   5.0901E+02  1.3002E+02  1.1512E+02
0000881   1.6915E+02 -3.8473E+01  7.2388E+01
0000882   2.2477E+02 -4.4696E+02  1.9209E+02
0000883   1.9993E+02  4.2396E+02 -8.9475E+01
0000884   5.0836E+02  3.3480E+01 -1.1677E+02
0000885   3.0224E+02 -1.0450E+02  2.6284E+01
0000886   3.5416E+02 -1.3214E+02  1.0711E+02
0000888   5.0201E+02 -1.5958E+00  3.7008E+01
0000889   2.0209E+02 -1.2057E+02 -5.0900E+01
0000890   3.0234E+02  1.4673E+02  1.4402E+01
0000891   2.8073E+02 -5.7536E+01  1.9740E+02
0000892   2.3606E+02 -2.6389E+02  1.1080E+02
0000893   1.7357E+02 -3.7239E+02 -1.3827E+02
0000894   1.2745E+01  1.1132E+02  2.0255E+02
0000895   1.0798E+02  1.4452E+02 -1.0552E+02
0000896   3.1913E+02 -2.2177E+02  1.5570E+02
0000897   2.2172E+02  7.0362E+01  7.7113E+01
0000898   5.3167E+02  1.0583E+02  1.8916E+01
0000899   5.0397E+02 -1.8171E+02  4.1454E+01
0000900   2.2201E+02  1.3939E+02  9.3441E+01
0000901   3.5096E+02 -1.9013E+02  2.7019E+02
0000902   2.0679E+02  1.0577E+00 -5.4778E+01
0000903   3.9917E+02 -1.6252E+02 -1.2920E+02
0000904   1.1116E+02 -6.8619E+00 -2.5398E+02
0000905   4.3167E+02  1.2283E+02  2.3596E+02
0000906   3.2154E+02  1.9465E+02  2.0642E+02
0000907   2.9239E+02 -2.6236E+02  1.4259E+02
0000908   5.2978E+02  1.0543E+02  2.5824E+02
0000909   3.8323E+02 -1.6939E+02 -3.1426E+02
0000910   5.3687E+02  2.3696E+01  1.3903E+02
0000911   2.9631E+02 -1.7579E+02 -2.4227E+02
0000912   3.0772E+02  1.0914E+02 -1.2068E+01
0000913   4.0611E+02 -4.3654E+02  5.4597E+01
0000914   3.6638E+02  5.7973E+01  5.5227E+01
0000915   2.7191E+02 -3.2572E+01  2.4881E+01
0000916   2.3205E+02 -2.2314E+02 -3.1874E+01
0000917   3.5886E+02 -1.9243E+02  1.7013E+02
0000918   8.3474E+01 -5.3321E+00  5.7388E+01
0000919   1.0844E+02 -4.2339E+01 -2.6488E+02
0000920   3.5736E+02 -8.5554E+01  8.8569E+01
0000921   5.5351E+02  7.9750E+00  2.1934E+01
0000922   2.1140E+02  2.0453E+02  8.0403E+01
0000923   5.2674E+02 -2.3764E+02  1.1228E+02
0000924   3.6817E+02  6.0083E+01  3.7689E+01
0000925   2.2725E+02 -1.2422E+02 -1.3358E+02
0000926   4.4755E+02 -3.0676E+01 -8.2996E+01
0000927   2.4411E+02 -1.5784E+02  1.7617E+01
0000928   4.5174E+01  1.5000E+02 -7.6073E+01
0000929   5.7158E+02 -4.2059E+02 -2.7435E+02
0000930   1.5295E+02 -1.2467E+02  7.0855E+01
0000931   2.9035E+02 -4.5438E+01 -7.1347E+01
0000932   1.5704E+02 -2.4426E+01 -6.2583E+01
0000933   3.6103E+02 -1.7635E+02 -1.6868E+02
0000934   3.6265E+02 -1.7899E+02 -3.4110E+01
0000935   5.2578E+02  1.7330E+02 -1.5139E+02
0000937   3.8287E+02 -4.2050E+00  1.4153E+02
0000938   2.4296E+02 -1.2970E+02 -1.7297E+01
0000939   2.1002E+02 -2.9190E+01  3.4520E+01
0000940   2.8670E+02 -3.4034E+01  2.3795E+02
0000941   1.9444E+02  1.4934E+02 -2.5246E+02
0000942   8.1541E+01  3.1580E+02  3.0274E+02
0000943   1.9493E+02 -1.9808E+02  1.4685E+02
0000944   3.2315E+02 -8.0655E-01  1.3353E+02
0000945   2.1491E+02 -1.2654E+02  2.5473E+02
0000946   1.2808E+02  7.6763E+01  2.2877E+02
0000947   2.8278E+02  3.1508E+02 -1.2129E+02
0000948   4.0708E+02  1.7516E+02  1.0976E+02
0000949   2.2711E+02 -1.4300E+02 -4.5070E+01
0000950   2.8894E+02 -6.4051E+00  1.3399E+02
0000951   1.8340E+02  9.1402E+01 -1.1934E+02
0000952   1.9430E+02 -2.7224E+02 -3.5190E+01
0000953   1.1855E+02 -8.2074E+01  4.0132E+01
0000954   3.5748E+02  7.4476E+01 -9.3457E+01
0000955   2.1180E+02  2.9046E+01  3.3927E+01
0000956   1.2813E+02  1.0098E+02 -9.6291E+01
0000957   1.1517E+02 -5.7080E+01 -9.8189E+01
0000958   3.4155E+02  8.6500E+00  1.9323E+01
0000959   1.8131E+02 -2.2163E+02  1.0772E+02
0000960   4.8840E+02 -7.4992E+00  1.8096E+01
0000961   4.9778E+02  1.7254E+02 -2.8740E+02
0000963   1.4349E+02 -6.7288E+01  2.2186E+02
0000964   6.2719E+02  1.1456E+02  7.8855E+01
0000965   2.0043E+01  1.5917E+01 -3.4892E+00
0000966   1.7526E+02  1.4842E+02  1.0061E+02
0000967   4.3488E+02  1.7805E+02  2.5909E+02
0000968   5.0053E+02 -2.4028E+02  2.1159E+02
0000969   2.9740E+02  1.1915E+02  2.5298E+01
0000970   2.1703E+02 -1.9707E+02  3.4846E+01
0000971   5.5475E+02  1.4749E+02 -2.2972E+02
0000972   1.8389E+02 -1.2925E+01  7.5208E+01
0000973   5.2024E+02 -5.5111E+01  2.5143E+02
0000974   3.7445E+02 -3.0356E+02  7.3805E+01
0000975   4.1765E+02  3.9241E+01  2.3995E+02
0000976   3.9599E+02  6.6038E+01 -1.5328E+02
0000977   7.8084E+01 -8.0368E+01 -2.1461E+02
0000978   1.7154E+02 -2.0108E+02 -1.9445E+02
0000979   2.7381E+02 -6.6556E+00 -2.8101E+02
0000980   3.1914E+02 -3.1131E+02  2.2603E+02
0000981   2.7609E+02  3.0067E+01  1.9106E+02
0000982   4.8581E+02 -5.0584E+01 -2.1189E+02
0000983   1.4370E+02 -6.1123E+01  2.6590E+02
0000984   1.1029E+02  1.6824E+02 -6.5680E+01
0000985   2.0995E+02 -2.7577E+02 -4.6292E+02
0000986   3.4908E+02  3.6390E+02  1.9600E+02
0000987   4.8962E+01  3.0366E+01 -5.6612E+02
0000988   5.6030E+02  6.1749E+01  6.0976E+01
0000989   5.2883E+02  1.0075E+01  7.3547E+01
0000990   3.7824E+02 -7.2366E+01  9.4979E+00
0000991   3.2921E+02  2.3967E+01 -1.0851E+02
0000992   3.8626E+02 -5.1662E+01 -3.9301E+02
0000993   4.8938E+02  9.1954E+00 -6.4670E+01
0000994   1.6803E+02 -7.4655E+01 -1.3589E+02
0000995   1.9013E+02  4.0982E+01  1.4272E+01
0000996   3.0439E+02 -7.6107E+01 -4.9070E+01
0000997   2.3090E+02  6.5157E+01 -4.1464E+01
0000998   3.7454E+02  2.3724E+02  6.7744E+01
0000999   1.3427E+02 -4.6759E+01 -6.8396E+01
0001000   1.8165E+02  1.8579E+02  3.7590E+02
