============================== SRIM-2013.00 ==============================
==============================================================================
====== SRIM Outputs\RANGE_3D.txt : File of Final Ion Positions =====

Ion =  F (09)   Ion Mass= 018.9984
Energy  = 3000000.E-05 keV
Ion Angle to Surface = 00.0 degrees
==================== TARGET =======================
  Layer # 1 - None
  Layer # 1 - Bottom Depth=500000.E-01 A
  Layer # 1 - Density =0007.8700 g/cm3
  Layer # 1 -  100 % of Fe
ÍÍÍÍÍÍÍÍÍÍÍÍÍÍÍÍÍÍÍÍÍÍÍÍÍÍÍÍÍÍÍÍÍÍÍÍÍÍÍÍÍÍÍÍÍÍÍÍÍÍÍÍ
                                            
Ion       Depth  X   Lateral Y   Lateral Z  
Number    (Angstrom) (Angstrom)  (Angstrom) 
-------  ----------- ----------- -----------
0000001   4.8766E+02  6.0420E+01 -4.3414E+01
0000002   3.9405E+02  1.4031E+02 -1.4348E+02
0000003   2.5886E+02 -3.5851E+02 -1.9852E+02
0000004   5.4820E+02 -2.5750E+02 -3.3485E+00
0000005   2.9150E+02 -1.1656E+01 -3.0590E+02
0000006   4.5717E+02 -2.5019E+02 -1.2477E+02
0000007   1.4991E+02  1.2929E+02  5.8472E+01
0000008   3.2634E+02  3.2907E+02  1.8475E+02
0000009   2.2693E+02  2.0282E+01  9.5544E+01
0000010   3.0360E+02 -3.2237E+01  2.5133E+00
0000011   1.5803E+02  5.3796E+01 -3.9580E+01
0000012   5.7287E+02 -1.4037E+02 -1.9035E+01
0000013   4.0405E+02  1.4922E+02  3.2852E+01
0000014   1.4346E+02 -5.4144E+01 -1.5408E+02
0000015   1.5687E+02 -1.9250E+01  2.4503E+01
0000016   4.5796E+02  1.2233E+02  1.4396E+01
0000018   5.3672E+02  6.5392E+01  3.0088E+02
0000019   4.3452E+02  9.4255E+01  1.3856E+02
0000020   2.9814E+02  1.3542E+02  1.7608E+02
0000021   3.5473E+02  1.3115E+01  2.8777E+02
0000022   3.7222E+02  5.6032E+01  1.0468E+01
0000023   1.8855E+02  3.8513E+00 -1.4001E+02
0000024   3.2148E+02  2.6642E+01  4.7643E+01
0000025   2.1033E+02  1.8482E+02 -2.6364E-02
0000026   1.2426E+02 -4.3209E+00  1.8236E+02
0000027   5.9710E+02 -1.4972E+01  8.3917E+00
0000028   2.5401E+02 -2.6538E+02  2.6421E+02
0000029   1.5202E+02 -4.5165E+02 -3.5801E+01
0000030   3.9381E+02  9.3254E+01 -6.1639E+00
0000031   1.6876E+02 -2.9509E+02 -2.7269E+02
0000032   3.0703E+02  5.7226E+01  1.9739E+02
0000033   6.8665E+01  1.5596E+01  7.9103E+01
0000034   3.2461E+01  1.2413E+02  6.0783E+01
0000035   3.9255E+02 -2.2488E+02  3.7787E+02
0000036   2.7374E+02  3.6168E+01 -2.8774E+02
0000037   6.7243E+01  1.0351E+02  1.0294E+02
0000038   2.9725E+02  9.2196E+01 -1.5845E+02
0000039   3.4530E+02  1.2266E+02  1.8799E+01
0000040   1.4407E+02 -6.2197E+01  7.5787E+01
0000041   4.2284E+02  4.2388E+01  1.3093E+02
0000042   5.7484E+02  4.6260E+01  7.9395E+01
0000043   5.6812E+02 -5.0638E+01 -8.5698E+01
0000044   2.3894E+02 -1.5669E+02  1.2055E+02
0000045   3.0911E+02  1.2129E+02 -9.9937E+00
0000046   3.6261E+02 -8.7575E+01 -4.1657E+02
0000047   2.1458E+02  2.0386E+01  1.3056E+02
0000048   2.1090E+02  1.5726E+02 -1.3639E+02
0000049   2.0955E+02  1.2808E+02 -6.3755E+01
0000050   2.0467E+02  2.6865E+02 -3.8584E+00
0000051   4.9083E+02 -2.1932E+02 -5.2887E+01
0000052   2.4735E+02  2.1496E+02  8.4550E+01
0000053   4.4082E+02  2.8405E+01 -1.7615E+02
0000054   1.2923E+02  9.9987E+01 -1.4453E+02
0000055   5.4465E+02 -1.9346E+01  2.2405E+01
0000056   2.4219E+01 -9.2214E+00 -1.4015E+01
0000057   1.9026E+02  2.8169E+02 -1.1213E+02
0000058   5.7663E+02  3.3603E+02 -7.1015E+01
0000059   2.6323E+02 -1.1424E+01 -2.6733E+02
0000060   5.5884E+02  1.6354E+02 -1.7060E+02
0000061   2.4258E+02 -2.8571E+02 -2.5791E+02
0000062   4.6736E+02 -5.1363E+01 -4.4066E+02
0000063   1.5057E+02 -1.4903E+02  4.7821E+01
0000064   1.0316E+02 -1.2649E+02  1.3030E+02
0000065   2.5671E+02 -2.2247E+02 -1.6935E+02
0000066   1.4821E+02 -2.3880E+02  1.0146E+02
0000067   5.4274E+02 -1.4349E+02  2.0700E+02
0000068   2.9436E+02  7.0381E+01 -6.2368E+01
0000069   2.7811E+02  5.2977E+02 -6.0479E+01
0000070   2.0757E+02  1.8972E+02  1.1063E+02
0000072   1.9474E+02 -7.2539E+01 -2.6731E+01
0000073   2.3301E+02  2.3392E+02 -3.8696E+01
0000075   3.3928E+02 -1.4518E+02 -1.7886E+02
0000076   3.6242E+02 -3.5684E+02 -3.1541E+02
0000077   3.7264E+02  1.4189E+02 -1.3185E+02
0000078   9.1523E+01 -8.9877E+00  1.5026E+02
0000079   2.5604E+02  1.6174E+02  5.2615E+01
0000080   4.1593E+02 -3.6355E+01 -1.4173E+02
0000081   6.1350E+01  3.1759E+02 -8.2749E+01
0000082   2.7314E+02  7.3193E+01  2.1548E+02
0000083   2.4919E+02  1.9977E+02 -8.4794E+01
0000084   3.9853E+02 -7.2334E+01 -7.6340E+01
0000085   2.2487E+02  2.2144E+01 -4.7854E+02
0000086   2.5896E+01 -9.3201E+01  7.3796E+01
0000087   2.2589E+02 -1.9222E+02 -2.9222E+01
0000088   1.1363E+02  1.1623E+02 -3.3280E+02
0000089   4.8432E+02 -2.8568E+02 -2.5850E+02
0000090   2.7481E+02 -1.7927E+02  5.6137E+01
0000091   5.6611E+02 -8.9735E+01 -8.6425E+01
0000092   3.5527E+02  6.8082E+01 -2.1477E+01
0000093   2.8283E+02 -1.5619E+01 -7.5348E+01
0000094   2.6652E+02 -1.2549E+02  3.6057E+02
0000095   2.1276E+02  4.4193E+01  9.2538E+01
0000096   1.9096E+02  1.7401E+02  4.6311E+01
0000097   1.6847E+02  2.4031E+01 -1.3989E+02
0000098   8.4365E+01  2.0408E+02  3.0394E+02
0000099   3.7771E+02 -1.1455E+02 -1.3299E+02
0000100   2.9820E+02 -3.8072E+01 -2.1951E+01
0000101   1.8610E+02  2.4322E+02 -2.0086E+02
0000102   5.6356E+02  2.1964E+02  3.2659E+01
0000103   6.9060E+01 -4.4643E+01 -1.8543E+02
0000104   3.2374E+02  1.4973E+02  4.3047E+00
0000105   5.5591E+02  1.6948E+01 -1.7819E+02
0000106   4.1342E+02 -1.7406E+02  1.0418E+02
0000107   4.2491E+02  4.8261E+01 -1.5777E+02
0000108   2.5160E+02 -1.2937E+02 -8.3500E+00
0000109   3.1719E+02 -1.1639E+02  9.9177E+01
0000110   3.4402E+02 -6.2186E+01  7.1627E+01
0000111   4.5509E+02  3.1427E+02 -1.3394E+01
0000112   2.3438E+02 -3.8227E+01  1.9141E+02
0000113   4.7347E+02  1.8350E+02 -1.8578E+02
0000114   2.8776E+02  1.3490E+02 -2.4596E+02
0000115   2.9107E+02 -8.6011E+01  5.3393E+01
0000116   2.1229E+02  5.5043E+01 -2.6798E+02
0000117   1.3240E+02  7.4926E+01  8.5644E+01
0000118   4.9723E+02 -9.9158E+01 -3.4492E+02
0000119   5.4758E+02  1.8941E+02  2.5315E+02
0000120   1.6714E+02  7.7950E+01  4.6477E+01
0000122   6.3842E+02  1.9177E+02  7.7990E+01
0000123   1.1392E+02  4.9531E+01 -1.8623E+02
0000124   3.9272E+02 -5.0075E+01 -2.7622E+02
0000125   3.3132E+02 -7.9439E+01  7.1783E+01
0000126   1.8092E+02  1.3792E+02 -4.0856E+01
0000127   3.6542E+02  1.1120E+02  9.0113E+00
0000128   5.4832E+02  1.6496E+01 -3.3040E+02
0000129   3.8398E+02 -1.6962E+02  5.6863E+01
0000130   4.9851E+02 -2.9834E+02 -2.6614E+02
0000131   3.3443E+02 -2.2456E+02  3.6630E+01
0000132   2.8338E+02 -9.1400E+01  1.0621E+02
0000133   1.9423E+02  4.4894E+00 -1.1840E+02
0000134   4.1183E+02  1.3334E+02 -7.2712E+01
0000136   3.2819E+02  1.1001E+02 -2.1621E+02
0000137   4.1035E+02  5.8133E+00  1.4771E+01
0000138   3.1727E+02  1.6206E+02 -1.6529E+00
0000139   1.6325E+02 -2.2660E+02  7.6491E+01
0000140   6.9637E+02  1.9568E+02  2.4435E+02
0000142   3.0609E+02  7.8683E+01 -1.5705E+02
0000143   3.1949E+02  1.8398E+02  1.3797E+02
0000145   2.9083E+01  8.8893E+01  2.1497E+01
0000146   2.8266E+02  2.3242E+02 -1.0812E+02
0000147   1.3609E+02  1.1213E+02  1.9251E+02
0000148   4.4447E+02 -6.9581E+01 -1.1270E+02
0000149   2.4392E+02  9.0382E+01 -1.7025E+02
0000150   1.8508E+02  3.0468E+02  2.3304E+02
0000151   1.5859E+02  1.5375E+02 -7.0857E-02
0000152   2.0303E+02 -9.5028E+01  6.6298E+01
0000153   2.8744E+02 -2.0377E+02 -6.8584E+01
0000154   6.4784E+02 -2.0080E+02 -3.8567E+01
0000155   5.3825E+02 -1.9970E+01  8.8802E+01
0000157   2.8272E+02  1.2908E+02  1.2281E+02
0000158   2.4918E+02  1.6788E+01 -9.7387E+01
0000159   2.9478E+02 -2.6788E+02 -6.1950E+01
0000160   3.4054E+02  3.6532E+02 -4.6828E+01
0000161   1.2754E+02 -3.5200E+01 -4.3821E+01
0000162   4.2444E+02 -1.7203E+01  5.8778E-01
0000163   5.9814E+02 -1.8194E+02  1.3354E+02
0000164   4.2092E+01 -6.8986E+01 -7.3305E+01
0000165   3.5818E+02  1.6278E+02  1.8995E+02
0000166   4.7731E+02 -5.4975E+01  3.0421E+02
0000167   4.0158E+02 -2.9816E+02  1.6776E+02
0000168   5.2225E+02  1.3238E+02 -6.1685E+01
0000169   3.5078E+02 -7.9069E+01 -1.7396E+02
0000170   2.5915E+02  2.3580E+02  1.0906E+02
0000171   1.5408E+02 -2.0000E+02  2.4195E+01
0000172   5.5678E+02 -1.2623E+02  2.1141E+02
0000173   2.0271E+02 -1.7839E+02 -8.4732E+01
0000174   2.7994E+01  5.7096E+01  2.0739E+02
0000175   2.4660E+02 -2.8636E+00  1.1041E+02
0000176   6.0717E+02  1.0503E+02 -7.0220E+00
0000177   2.6051E+02  2.6415E+02 -7.4831E+01
0000178   3.2310E+02  3.5400E+01 -1.3614E+02
0000179   2.2090E+02 -2.7563E+02 -3.2130E+01
0000180   6.5360E+02  1.2573E+02 -1.1370E+01
0000181   5.8126E+02 -2.0570E+01 -7.8072E+01
0000182   3.0805E+02  3.1991E+02  8.1399E+01
0000183   5.5775E+02  1.3456E+02  7.9374E+01
0000185   2.5456E+01  1.9522E+02  1.0780E+02
0000186   2.8702E+02 -6.7884E+01  2.3406E+02
0000187   4.1625E+02 -2.7918E+02 -3.1115E+02
0000188   4.3041E+02  2.2905E+02  1.5716E+01
0000189   4.4041E+02 -1.0555E+02 -2.5794E+01
0000190   2.2524E+02  1.8254E+02 -1.0491E+02
0000191   4.6460E+02  2.6392E+02 -2.5921E+02
0000192   1.5226E+02  9.0940E+01 -1.4721E+02
0000193   1.4197E+02  3.3382E+00  4.2402E+01
0000194   6.1089E+02  1.2242E+02  1.0104E+02
0000195   7.3665E+02  1.2491E+02  6.7279E+01
0000196   3.9602E+02  2.2329E+01 -6.2131E+01
0000197   4.8614E+02 -1.4398E+02 -2.0085E+02
0000198   4.5330E+02 -1.6147E+02  1.5315E+02
0000199   5.2275E+02 -1.4805E+02  1.4267E+02
0000200   2.7676E+02  3.6589E+01 -2.1458E+02
0000201   6.6380E+02  6.1860E+01 -1.8086E+02
0000202   6.3862E+02  1.0575E+02 -1.0854E+02
0000203   1.7901E+02 -2.6106E+02  1.9970E+02
0000204   7.1865E+01  1.3470E+02  9.0908E+01
0000205   4.2342E+02 -4.6788E+01  7.1054E+01
0000206   4.7763E+02 -3.5592E+02 -2.1856E+02
0000207   4.6889E+02  1.0204E+00 -3.1770E+01
0000208   7.2051E+01  2.2415E+01 -9.6828E+01
0000209   9.9829E+01 -3.7491E+01  7.4972E+01
0000210   5.2045E+02  3.6287E+02 -6.4952E+00
0000211   3.3712E+02  2.0423E+01 -6.2858E+01
0000212   2.0207E+02 -1.6333E+01  2.7503E+02
0000213   3.9706E+02  3.5387E+02 -2.8919E+02
0000214   2.1254E+02 -1.3197E+02 -1.5614E+02
0000215   2.6932E+02 -1.3836E+02 -2.8883E+01
0000216   1.4693E+02 -6.8940E+01 -1.0211E+02
0000217   1.6113E+01  1.8889E+02 -1.9162E+02
0000218   3.4562E+02 -1.3524E+01  2.0085E+02
0000219   2.9409E+02  2.7384E+02  1.6272E+02
0000220   3.4034E+02 -3.5316E+02  1.6107E+02
0000221   3.4794E+02 -3.0961E+02 -2.6039E+02
0000222   4.2180E+02 -2.9758E+02 -2.0021E+02
0000224   3.8677E+02 -1.8301E+01 -6.8169E+01
0000225   3.9448E+02  3.3608E+01  9.8065E+01
0000226   2.6000E+02  1.8396E+02  5.9107E+01
0000227   4.5126E+02 -4.6815E+01  5.4041E+01
0000228   3.4614E+02 -1.9392E+02  2.3128E+02
0000229   8.2391E+00 -1.4060E+02 -3.2856E+01
0000230   2.9989E+02 -1.2651E+02 -3.7769E+01
0000231   4.3393E+02  2.6066E+01 -4.6086E+01
0000232   3.6278E+02  1.0094E+02 -6.9596E+01
0000233   3.5886E+02 -8.7595E+01  7.0686E+01
0000234   2.0136E+02  8.9311E+01 -2.4066E+02
0000235   4.9174E+02  4.5796E+01  1.5680E+02
0000236   1.1732E+02 -2.2745E+01 -8.1662E+01
0000237   3.5034E+02 -6.0839E+01  3.4179E+02
0000238   4.7118E+02  1.0294E+02  8.7982E+01
0000239   2.9709E+02 -1.7736E+02 -3.3782E+02
0000240   1.2121E+02  1.0365E+02 -3.0571E+02
0000241   1.6335E+02 -1.0379E+02 -1.2586E+02
0000242   4.6218E+02  2.1061E+02 -2.8891E+02
0000243   1.1238E+02 -2.3124E+00 -1.1010E+02
0000244   2.4164E+02 -3.1667E+02 -3.0092E+02
0000245   5.1090E+01 -3.5789E+02 -4.5797E+01
0000246   8.0789E+01 -5.0926E+01 -1.2438E+02
0000247   2.1956E+02 -1.5672E+02  1.9724E+02
0000248   1.1196E+01 -1.1351E+02  1.9930E+02
0000249   2.3828E+02  7.1691E+01 -1.4696E+02
0000250   3.9316E+02 -4.1100E+01  3.8168E+01
0000251   3.6475E+02  1.9707E+02  1.3889E+02
0000252   3.8969E+02 -1.2442E+02 -1.2821E+02
0000253   4.5028E+02 -1.7624E+02  2.7864E+02
0000254   2.2959E+02  1.0178E+02 -7.3225E+00
0000255   4.2650E+02  4.1136E+01  4.2906E+02
0000256   1.8982E+02  5.3039E+01  2.2504E+01
0000257   7.5964E+01  1.7555E+02 -7.0815E+01
0000258   3.0207E+02  7.2320E+01  3.4458E+01
0000259   3.3742E+01 -1.7221E+02  2.9066E+02
0000260   2.8335E+02 -5.2477E+01  2.2746E+02
0000261   3.5574E+02 -2.0555E+02  1.4607E+02
0000262   4.2600E+02 -2.3622E+01 -7.3886E+01
0000263   2.4548E+02  9.8117E+01  4.9714E+01
0000264   2.4106E+02 -1.9603E+02  2.0289E+02
0000265   2.7261E+02  2.1020E+02  1.0614E+02
0000266   3.4939E+02  1.7733E+02  2.7062E+01
0000267   3.3982E+02 -4.4095E+01  8.2627E+01
0000268   4.1799E+02  3.9040E+01  8.1105E+01
0000269   2.3106E+02  1.2879E+02 -8.1995E+01
0000270   2.4050E+02 -1.8693E+02  1.5274E+02
0000271   1.7295E+02 -2.8530E+00  8.0370E+01
0000272   2.5019E+02 -3.0047E+01 -3.6859E+01
0000273   2.8245E+02  1.1859E+02  2.2745E+02
0000274   4.5426E+02  2.6181E+02  9.1343E+00
0000275   6.8434E+02 -6.9821E+01  1.0218E+02
0000276   4.6739E+02 -3.0291E+01  4.3827E+01
0000277   2.2265E+02 -2.7305E+02 -5.8859E+01
0000278   5.7546E+02 -2.2257E+02 -4.5691E+01
0000279   2.0903E+02  1.1945E+02 -5.1628E+01
0000280   5.3929E+02 -1.0035E+00  8.4811E+01
0000281   3.8968E+02 -4.9516E+01 -2.1937E+02
0000282   5.3571E+02  1.2739E+02  2.4351E+02
0000283   2.6736E+02 -4.2882E+01  1.6747E+01
0000284   4.4888E+01  6.1528E+01 -1.9490E+02
0000285   4.1261E+02  6.4780E+01 -1.2535E+02
0000286   2.6920E+02 -9.5610E+01 -7.9802E+01
0000287   1.2941E+02 -2.5738E+01 -8.4635E+01
0000288   1.2620E+02  9.3690E+01  3.6774E+01
0000289   1.8042E+02 -2.5375E+02 -2.6944E+02
0000291   3.8718E+02  1.4429E+02  1.8724E+02
0000292   4.0508E+02  1.5716E+02 -1.3689E+02
0000293   4.6049E+02  3.4246E+01 -1.9684E+02
0000294   2.5291E+02  2.5487E+02  5.8105E+00
0000295   4.0406E+01 -1.0223E+02 -5.8438E+01
0000296   1.8208E+02  1.1441E+02 -1.0501E+02
0000297   2.1963E+02 -4.3627E+02 -2.2605E+02
0000299   2.2511E+02 -1.3765E+02 -4.7344E+01
0000301   3.9163E+02 -1.3915E+02  2.1852E+02
0000302   2.2719E+02 -8.9391E+01 -2.5552E+02
0000303   1.6016E+02 -2.7556E+02  6.2547E+01
0000304   2.4570E+02 -3.5766E+02 -7.3314E+01
0000305   1.8702E+02  3.3300E+02 -8.9031E+01
0000306   5.2473E+02 -1.8528E+02 -9.0720E+01
0000308   5.3148E+02  4.7175E+01  1.4739E+02
0000309   3.7979E+02 -1.9321E+02  7.7883E+01
0000310   2.7455E+02 -2.3524E+02  1.0585E+02
0000311   1.3094E+02  3.2007E+02 -1.6295E+01
0000312   3.4384E+02 -1.5815E+02 -4.1751E+02
0000313   4.0861E+02  3.7117E+01  1.8822E+02
0000314   1.3782E+02  2.0831E+01  3.0481E+02
0000315   5.0746E+01  7.0578E+00  7.0427E-01
0000316   1.2617E+02  8.9001E+01  1.7166E+01
0000317   5.7016E+02  1.9683E+02  2.2813E+02
0000318   1.2088E+02  7.1856E+01  4.2701E+01
0000319   3.8679E+02  1.8709E+02 -2.1508E+02
0000320   2.5275E+02  1.5495E+02 -3.2137E+02
0000321   3.1646E+02 -1.9933E+02  1.3479E+02
0000322   6.0710E+01 -3.1660E+00 -1.1294E+01
0000323   3.6045E+02 -2.2689E+01 -2.6300E+02
0000324   2.4692E+02  3.3719E+01 -4.5865E+01
0000325   4.8346E+02 -3.9080E+02 -2.2240E+02
0000326   2.7292E+02  3.0880E+02  1.1068E+02
0000327   4.1448E+02  4.3402E+02  8.2280E+01
0000328   5.2660E+02 -1.3107E+02 -4.2127E+01
0000329   6.7902E+01  2.0895E+02  1.1051E+02
0000330   3.2125E+02 -1.9494E+02  6.1398E+01
0000331   2.4492E+02 -1.7050E+02 -1.6014E+02
0000332   4.5793E+01  1.7756E+02 -8.7732E+00
0000333   2.9448E+02  4.5477E+01  9.3796E+00
0000334   3.7792E+02 -3.7037E+01 -6.0830E+01
0000335   3.6528E+02 -1.7920E+01 -4.2856E+01
0000336   6.6003E+01 -4.2312E+02  2.3347E+01
0000337   2.0160E+02 -1.8893E+01 -5.4275E+01
0000338   4.4833E+02  1.5169E+02  2.1099E+02
0000339   2.0374E+02 -1.9503E+02 -1.6335E+02
0000340   2.8581E+02  4.2664E+02  1.2826E+02
0000341   1.3403E+02  1.1858E+02 -2.3676E+02
0000342   1.6127E+02 -1.5716E+02  3.6766E+01
0000343   3.7576E+02  8.2845E+01  1.6361E+02
0000344   4.8068E+01  1.8862E+02  1.0186E+01
0000345   1.1671E+02  7.8851E+01  5.2242E+01
0000346   2.2171E+02  8.0500E+01 -9.6187E+00
0000347   4.1605E+02  1.6766E+02  4.3366E+01
0000348   5.1476E+02 -1.4813E+02  1.2952E+02
0000349   3.6164E+01 -2.1205E+02 -1.4974E+02
0000350   1.1874E+02 -2.6910E+01  9.5625E+01
0000351   2.0488E+02 -4.8751E+01 -7.7271E+01
0000352   3.2706E+02  8.4068E+00 -2.1046E+02
0000353   1.7425E+02 -1.2774E+02  1.7583E+02
0000354   4.8640E+02  2.1186E+02 -2.9876E+02
0000355   4.6094E+02 -2.3557E+02 -2.1379E+02
0000356   2.1901E+02 -9.5717E+01 -1.0428E+02
0000357   3.1970E+02  6.8678E+01  1.2625E+02
0000358   1.4564E+02 -4.7963E+01  3.6385E+00
0000359   1.4110E+02 -1.8941E+01  8.4698E+01
0000360   1.5754E+02 -2.5937E+02  4.4421E+02
0000361   2.6181E+02 -4.3839E+02  4.0955E+02
0000362   8.8354E+01 -1.1453E+02  1.6523E+02
0000363   1.2667E+02 -1.6677E+02 -2.4739E+02
0000364   2.4669E+02  9.9204E+01 -2.5809E+02
0000365   2.7471E+02  6.0167E+01 -2.0784E+02
0000366   2.7948E+02 -1.2082E+02  6.6440E+01
0000367   3.7038E+01 -1.6856E+02  4.6583E+01
0000368   4.0884E+02 -1.3062E+02 -5.6925E+01
0000369   3.8770E+02 -1.6959E+02 -2.0498E+02
0000370   2.9477E+02  4.4808E-01 -2.6638E+02
0000371   8.0836E+01  1.1075E+02 -4.2065E+02
0000372   1.1650E+02 -2.9721E+01 -7.0668E+01
0000373   5.7611E+02  1.2540E+02 -1.6081E+02
0000374   1.6693E+02  4.1255E+01 -1.2615E+02
0000375   9.4998E+01  4.9442E+01  1.5539E+02
0000376   3.7954E+02 -3.1453E+01  2.0657E+02
0000377   2.7355E+02  6.4208E+01 -2.0831E+02
0000378   4.6554E+02  2.5397E+02  2.9250E+02
0000379   1.3711E+02  7.8392E+01  1.6148E+02
0000380   7.2267E+01 -1.4902E+01  2.6743E+00
0000381   2.6870E+02  5.3842E+01  1.7578E+01
0000382   3.6762E+01  4.3213E+01 -3.9675E+01
0000383   1.6786E+02  1.9657E+01 -7.2255E+01
0000384   4.3571E+02  2.4289E+02  2.7467E+02
0000385   1.2443E+02 -3.4262E+02 -4.7631E+01
0000386   4.0610E+02  1.5399E+02  6.7334E+00
0000387   3.6567E+01  5.0730E+01  7.6483E+00
0000388   2.1483E+02 -2.1127E+02  2.0694E+02
0000389   1.5501E+02 -5.3992E+01 -7.0751E+01
0000390   3.7219E+02  2.0399E+02  4.0769E+01
0000391   1.1474E+02  6.3336E+01 -4.7154E+01
0000392   1.2409E+02  2.9190E+02 -2.5178E+02
0000393   2.6983E+02  1.0605E+02  5.3259E+01
0000394   5.1480E+02 -8.4146E+01 -2.5147E+02
0000395   2.2585E+02  1.8076E+02  9.2276E-01
0000396   6.5462E+01  1.0626E+01  2.8647E+02
0000397   2.9842E+02  2.4360E+00  1.0650E+02
0000398   4.5693E+02 -2.1566E+02  1.9582E+02
0000399   4.0517E+02  7.1567E+01 -2.9805E+02
0000400   5.8172E+02  2.3358E+02  2.8428E+02
0000401   2.5001E+02 -3.8733E+02 -2.1914E+02
0000402   1.3484E+02  1.0965E+02  5.2330E+01
0000403   3.6878E+02  6.3995E+01 -2.0140E+02
0000404   4.0710E+02  7.9605E+00 -5.4670E+01
0000405   3.4913E+02 -7.0237E+01  1.7835E+02
0000406   4.0759E+01  2.8907E+01 -1.2810E+01
0000407   2.0693E+02  6.3135E+01 -2.2407E+02
0000408   4.4134E+01 -5.5003E+01  3.4857E+01
0000409   4.4918E+02  4.2565E+01 -3.3592E+01
0000410   9.0021E+01 -1.1838E+02  7.6877E+01
0000411   5.0362E+02 -2.1415E+02  1.2158E+02
0000412   3.5688E+02 -1.5041E+02  1.9765E+02
0000413   2.1229E+02 -1.6516E+01 -1.9744E+02
0000414   2.1192E+02  2.0491E+02  8.3239E+01
0000415   1.9088E+02 -2.7393E+02 -2.3075E+01
0000416   3.9307E+02 -1.3071E+02 -3.1292E+02
0000417   1.7663E+02  1.3740E+02 -4.9138E+01
0000418   5.2169E+02  2.8045E+01  2.7608E+02
0000419   9.2896E+01  2.0508E+02  2.5286E+02
0000420   4.0137E+02 -1.1809E+02 -7.9333E+01
0000421   5.1013E+02  4.1552E+02 -2.6328E+02
0000422   1.7668E+02 -1.4753E+02  1.7915E+02
0000423   4.7207E+02 -1.1583E+01 -7.4593E+01
0000424   4.7227E+02  2.5757E+02 -4.8300E+01
0000425   4.1597E+02 -3.1672E+02 -7.9112E+00
0000427   2.6849E+02  2.2769E+01 -3.2091E+02
0000428   4.8037E+02  3.3230E+02 -8.1934E+01
0000429   4.7349E+02 -1.3067E+02  9.7023E+01
0000430   2.6135E+02  2.0475E+02 -2.4264E+02
0000431   1.8256E+02 -2.6717E+01  3.2729E+01
0000432   1.6034E+02 -2.4596E+02 -2.5810E+02
0000433   2.8177E+02  4.3798E+01  6.2730E+01
0000435   4.3262E+02  2.9941E+01  1.0448E+02
0000436   5.7581E+02  9.6865E+01 -6.1646E+00
0000437   3.7202E+02  2.5764E+02  4.6019E+01
0000438   1.2300E+02 -7.0868E+01  7.7140E+00
0000440   2.0117E+02 -4.2625E+01 -8.4413E+01
0000441   5.5015E+02 -2.4222E+02 -1.2705E+01
0000442   5.5730E+02  8.2248E+00 -1.2043E+00
0000443   5.5332E+02  2.9875E+01  1.9960E+02
0000444   4.0864E+02  1.5607E+02 -6.9478E+01
0000445   7.5974E+02 -2.1419E+02 -2.0822E+02
0000446   4.4164E+02 -5.0425E+01 -1.4366E+02
0000447   3.6316E+02  1.9686E+02  1.0987E+02
0000448   3.2495E+02 -1.4898E+02 -2.2034E+02
0000449   1.5529E+02 -4.7308E+01 -3.1677E+02
0000450   3.0532E+02  5.4862E+02  4.5247E+01
0000451   2.3811E+02 -5.2456E+01  3.1608E+01
0000452   4.6614E+02 -6.4568E+01 -1.0880E+02
0000454   2.9176E+02  2.4795E+02  2.2161E+01
0000455   4.9725E+02 -3.3460E+02 -3.8700E+01
0000456   5.0594E+02  1.0945E+02  5.1525E+01
0000457   2.0990E+02 -4.2851E+01 -2.1455E+02
0000458   5.0144E+02 -1.9957E+02  4.2450E+01
0000459   3.1702E+02 -1.2422E+02  3.1853E+01
0000460   2.6837E+02 -3.3992E+01  2.0414E+02
0000461   9.4554E+01  5.7833E+01 -1.5939E+02
0000462   4.3557E+02  1.3245E+02  5.1491E+01
0000463   3.8382E+02 -2.1030E+02 -2.7032E+02
0000464   2.7206E+02 -8.5603E+01  8.6501E+01
0000465   1.3624E+02  1.3816E+02 -9.9032E+01
0000466   2.1899E+02 -1.6516E+01 -2.5245E+01
0000467   4.1472E+02 -2.5623E+02 -1.0644E+01
0000468   4.4313E+02 -2.8318E+01  3.0329E+01
0000469   1.5065E+02 -4.4618E+01 -9.5969E+01
0000470   4.1381E+02  2.9407E+02 -2.0479E+02
0000471   2.1422E+02  1.7402E+01  1.5370E+02
0000472   2.8581E+02 -1.5617E+02 -1.6500E+02
0000473   4.0114E+02  9.5879E+01 -2.2156E+02
0000474   2.3321E+02  8.7470E+01  1.0201E+02
0000475   4.0220E+02 -1.4784E+02  7.7656E+01
0000476   8.3390E+01  2.4860E+02 -1.3611E+02
0000477   3.2242E+02 -3.0491E+02 -1.5958E+01
0000478   2.2585E+02 -1.1772E+01 -4.3505E+02
0000479   3.6019E+02  4.4128E+01 -1.1067E+02
0000480   1.8779E+02 -2.0821E+02  2.5408E+02
0000481   7.0424E+01 -1.1151E+02  1.2769E+02
0000482   2.6671E+01  1.3972E+02 -2.1385E+02
0000483   2.1097E+02  2.0377E+02  9.4330E+01
0000484   1.0898E+02  2.1035E+02  1.4845E+02
0000485   5.6993E+02 -4.0682E+01 -8.4800E+01
0000486   4.8902E+02 -1.1400E+02  3.0946E+02
0000487   1.8848E+02 -2.9110E+02  1.0962E+02
0000488   1.0374E+02 -4.3321E+01 -1.1901E+02
0000489   2.7648E+02  8.1939E+00 -2.5965E+02
0000490   1.2287E+02 -1.6982E+01  6.0672E+01
0000491   1.1122E+02  6.7627E+01  1.7939E+01
0000492   1.8346E+02 -1.1121E+02 -1.4371E+02
0000493   2.4663E+02 -1.6015E+02 -2.7582E+01
0000494   3.4817E+01 -2.8578E+02  2.2480E+02
0000495   3.0136E+01 -8.2396E+01  5.5220E+01
0000496   3.5369E+02  2.4215E+01 -1.8431E+02
0000497   1.6861E+02  2.7049E+02  2.2805E+02
0000498   6.2637E+02 -1.5936E+01 -1.1431E+02
0000499   2.0040E+02  2.7203E+02 -1.9518E+02
0000500   2.6606E+02 -1.8227E+02 -5.9504E+01
0000501   2.0506E+02  7.1215E+01 -5.9886E+01
0000502   1.6962E+02 -3.7781E+01  8.9423E+01
0000503   4.2780E+01  9.8995E+01 -2.7477E+02
0000504   3.5872E+02  1.7993E+02  3.2493E+00
0000505   2.1064E+02  4.3603E+01  1.5063E+02
0000506   4.8413E+02 -8.6784E+01  1.3169E+02
0000507   3.5428E+02 -7.3243E+01  8.1169E+01
0000508   4.2453E+02  1.2481E+02  1.4549E+01
0000509   1.0983E+02  1.5325E+01  1.9185E+01
0000510   1.0010E+02  1.8723E+01 -2.7461E+02
0000511   2.7898E+02  2.1106E+02 -1.0117E+02
0000512   2.5304E+02  1.1063E+02  5.8519E+01
0000513   1.8517E+02  2.3998E+01 -7.0291E+00
0000514   1.5073E+02  2.3321E+02 -2.3456E+01
0000515   1.2720E+02  8.6189E+01 -1.1070E+02
0000516   4.1951E+02 -1.5550E+02  1.3543E+01
0000517   4.5198E+02  3.4541E+02 -4.7854E+01
0000518   1.1338E+02  2.0448E+02 -2.0410E+02
0000519   2.8904E+02 -1.7760E+02  9.1219E+01
0000520   4.7896E+01  5.9529E+01  6.0949E+01
0000521   1.4177E+02 -2.2329E+02 -1.9956E+01
0000522   3.5094E+02 -2.4568E+00 -7.2308E+00
0000523   4.1984E+02  4.0545E+01  3.0976E+01
0000524   2.6981E+02 -1.5542E+01  5.7523E+01
0000525   2.0688E+02  6.5006E+01  3.9522E+02
0000526   4.1504E+02 -2.3577E+01 -2.5291E+01
0000527   3.2713E+02  1.0514E+02  2.2451E+02
0000528   2.7999E+02  1.9829E+02 -2.9493E+02
0000529   3.4960E+02  7.8911E+01  1.0419E+02
0000530   3.9159E+01  4.6774E+01 -2.6617E+00
0000531   3.8235E+02  4.3937E+02  8.6456E+01
0000532   3.1002E+02  1.3185E+02 -7.9415E+01
0000533   5.6139E+02 -1.7585E+02 -1.1617E+02
0000534   1.7920E+02  2.4304E+02 -6.9764E+01
0000535   1.3644E+02 -1.3047E+02  6.1664E+01
0000536   5.8479E+02 -4.0326E+01  1.5398E+02
0000537   2.6713E+02 -2.4015E+02 -1.1401E+02
0000538   5.5755E+01  1.0173E+02 -1.8973E+02
0000539   7.2770E+01  1.8205E+02  2.2796E+02
0000540   1.8615E+02 -2.5968E+01  1.5771E+02
0000541   2.2568E+02 -1.1299E+02 -1.5258E+02
0000542   4.3863E+02  1.4224E+02  1.8528E+02
0000543   3.3457E+02  1.4077E+02  6.8154E+00
0000544   4.0445E+02 -1.4455E+01 -1.5134E+02
0000545   2.8862E+02  5.0846E+01 -1.0975E+01
0000546   2.1459E+02  7.0968E+00 -3.7349E+01
0000548   2.0810E+02  3.2464E+02  6.7101E+01
0000549   1.8109E+02  7.9870E+01  1.3149E+02
0000550   2.2520E+01  6.9578E+01  5.9869E+00
0000551   1.3270E+02 -3.0105E+02  5.6596E+01
0000552   7.1714E+02  1.1716E+02  2.9948E+01
0000553   2.2806E+02  1.5243E+02 -1.1119E+02
0000554   2.9414E+02 -1.6323E+02 -4.7640E+01
0000555   6.2512E+01 -8.7087E+01 -3.4643E+01
0000556   1.6560E+01 -4.8896E+02  3.1431E+01
0000558   2.3452E+02  4.3261E+01  2.9368E+02
0000559   3.7364E+02 -1.5711E+02 -4.1566E+02
0000560   4.7815E+02 -2.0545E+01  1.9082E+02
0000561   1.0458E+02  3.0514E+02  1.3393E+02
0000562   1.3125E+02  1.3042E+02  2.8808E+02
0000563   7.2084E+02  4.1028E+02 -1.8963E+02
0000564   2.9976E+02  3.7635E+01 -2.0884E+02
0000565   3.2030E+02 -3.3769E+01  2.9508E+01
0000566   4.2815E+02  2.6665E+02 -1.2056E+02
0000567   5.0081E+02  1.1754E+02  9.0110E+01
0000568   6.2167E+02  1.8986E+02 -7.7185E+01
0000569   2.5872E+02 -6.9048E+00 -1.5675E+02
0000570   1.4753E+02  1.3875E+02 -2.6607E+01
0000571   3.8444E+02 -1.5476E+02  1.2053E+02
0000572   2.6663E+02 -1.3871E+02  1.5456E+02
0000573   5.5478E+02 -4.0986E+01 -9.3709E+01
0000574   2.3829E+02  4.2947E+02 -1.0353E+02
0000575   2.5916E+02 -2.6375E+01 -1.8762E+02
0000576   1.9902E+02  2.3816E+02 -1.8733E+02
0000577   3.0395E+02  1.4129E+02 -1.0914E+02
0000578   3.0555E+02  1.7317E+00 -6.4208E+01
0000579   2.3081E+02 -7.9869E+01  1.6468E+02
0000580   3.8921E+02  1.2160E+02  4.5615E+01
0000581   5.1822E+02 -1.2005E+02  9.5256E+01
0000582   9.2856E+00  8.6757E+00  1.9095E+01
0000583   6.4786E+02 -1.2498E+02 -1.3862E+02
0000584   3.9098E+02 -1.8209E+02  1.0387E+02
0000585   4.2199E+02  4.6336E+01  2.7716E+02
0000587   1.3905E+02 -3.3967E+02 -7.2400E+01
0000588   4.2896E+02 -2.9888E+02  2.1967E+02
0000589   2.7854E+02  2.9022E+02 -6.5448E+01
0000590   5.2573E+02 -1.2658E+02  4.2714E+00
0000591   1.2914E+02 -3.5942E+01 -1.1586E+02
0000592   9.3438E+01 -4.9967E+01 -2.9390E+02
0000593   3.9633E+02 -8.9462E+01  1.0503E+02
0000594   4.0077E+02 -8.9484E+01  1.4199E+02
0000595   5.3909E+02 -1.1282E+02  1.1058E+02
0000596   2.0817E+02 -2.1356E+02 -2.3844E+02
0000597   2.1484E+02 -6.1875E+01  1.7513E+02
0000598   3.9781E+02 -1.5713E+02 -5.8661E+01
0000599   2.5344E+02 -2.3659E+01 -2.1965E+02
0000600   2.1294E+02  2.5593E+02  2.2787E+02
0000601   1.1544E+02  8.4429E+01 -2.8546E+02
0000602   3.8015E+02  1.6095E+02  2.1711E+00
0000603   3.6846E+02  5.8272E+01 -2.4195E+02
0000604   2.7527E+02  2.7909E+02  7.4545E+01
0000605   1.6022E+01 -9.3975E+01  4.6078E+00
0000606   4.9639E+02  1.0983E+02  1.3375E+02
0000608   3.3928E+02  1.6498E+02 -6.6795E+01
0000609   4.2250E+02  1.5431E+01 -2.2667E+02
0000610   5.4320E+01  3.7930E+01 -5.2442E+01
0000611   3.0835E+02 -1.8767E+02  6.4967E+01
0000612   6.5285E+02 -4.0156E+01 -2.7620E+02
0000613   4.5661E+02  1.8536E+02 -1.1925E+02
0000614   6.7158E+01 -2.3610E+02 -2.3402E+02
0000615   1.4465E+02 -5.9665E+01 -7.6997E+01
0000616   3.1486E+02 -3.5110E+01 -3.4521E+02
0000617   2.6009E+02 -1.9793E+01 -6.4937E+01
0000618   2.8271E+02  8.0524E+01 -1.1271E+02
0000619   2.8147E+02 -1.7331E+02  3.4339E+01
0000620   5.1123E+02 -1.9344E+02 -7.6845E+01
0000621   4.1900E+02 -7.4286E+00 -2.8975E+02
0000622   9.2229E+01 -5.3898E+01  3.9824E+01
0000623   1.2773E+01  3.0536E+00  4.9574E+01
0000624   4.7586E+02  9.5570E+01 -2.0673E+02
0000625   2.2973E+02  2.0909E+02 -2.3104E+02
0000626   4.2050E+02 -1.5944E+02  3.2496E+02
0000627   3.1589E+02 -1.9491E+02  3.6708E+01
0000628   3.5196E+02 -1.9084E+02 -2.0501E+02
0000629   4.9451E+02  7.1112E+01 -4.6006E+01
0000630   3.9268E+02 -2.8341E+02  8.2516E+01
0000631   2.8315E+02  6.0631E+01 -6.7838E+01
0000632   4.4105E+01  8.8178E+01  1.2215E+02
0000633   3.8666E+02  1.0276E+02 -1.9975E+02
0000634   2.4003E+02  2.9733E+02  5.6867E+01
0000635   3.3472E+02 -5.7221E+01  2.1377E+02
0000636   5.3447E+02  3.0166E+01 -3.5446E+01
0000637   1.7430E+02 -1.5089E+02  1.6122E+01
0000638   3.9977E+02  2.0910E+02  1.3999E+02
0000639   5.2999E+02 -1.8645E+01  2.5499E+02
0000640   6.3312E+02  1.2356E+02 -5.9017E+01
0000641   1.6337E+02  8.3887E+01  1.4075E+02
0000642   2.4794E+02 -1.8710E+02 -1.5743E+02
0000643   3.4562E+02  1.8917E+02  1.0726E+02
0000644   2.8561E+02  2.0289E+01  1.7037E+02
0000645   2.1108E+01  6.2707E+01 -5.6570E+01
0000646   3.3148E+01 -4.7917E+01 -5.0028E+01
0000647   4.4899E+02  1.1342E+02  2.2953E+01
0000648   5.9336E+02 -1.6167E+02 -3.8212E+02
0000649   5.8808E+02  4.4132E+01  1.3873E+02
0000650   8.1877E+01 -2.5319E+01 -8.0587E+01
0000651   4.5795E+02  8.6449E+01 -1.9045E+02
0000652   4.7179E+02  1.7123E+02 -1.3941E+01
0000653   4.1670E+02 -1.1607E+02 -3.1167E+02
0000654   4.4082E+02  4.4262E+01  1.3456E+02
0000655   4.9099E+02  1.0793E+01 -2.4464E+01
0000656   4.6665E+02  1.4752E+02  2.0984E+02
0000657   3.1833E+02  3.7799E+01  2.4090E+02
0000658   3.7220E+02 -4.0202E+01 -3.1710E+01
0000659   6.6330E+02 -3.2720E+02 -1.1104E+02
0000660   1.3415E+02 -3.6086E+01 -2.7190E+01
0000661   5.0766E+02  7.1462E+01  1.7119E+02
0000662   4.4337E+02 -1.6163E+02  6.1214E+01
0000663   1.9728E+02  2.5427E+02  4.0120E+02
0000664   4.1296E+02  4.6982E+01 -1.1762E+01
0000665   4.5346E+02  6.8074E+01 -1.1665E+02
0000666   2.0146E+02 -1.8268E+02 -4.3398E+01
0000667   9.8253E+01 -7.9112E+01 -7.7106E+01
0000668   4.0665E+02 -2.9456E+01 -6.9383E+01
0000669   5.5988E+02  1.8434E+02  2.1399E+02
0000670   3.7958E+02  4.0642E+02 -3.0729E+02
0000671   4.0021E+01 -2.0531E+02  4.3939E+02
0000672   7.0978E+01  9.5275E+00  4.8599E+01
0000673   1.1624E+02  8.5495E+01 -2.0111E+02
0000674   4.1101E+02  7.0583E+01  7.9736E+01
0000675   3.1821E+02 -2.9218E+01  5.4311E+01
0000676   3.1657E+02 -2.1331E+02 -2.0126E+02
0000677   3.8217E+02 -2.5946E+02  2.0575E+02
0000678   6.8683E+02 -5.3355E+01 -5.3892E+01
0000679   2.2485E+02  6.8568E+01  2.3130E+02
0000680   2.6251E+02 -2.4652E+02  5.5068E+01
0000681   4.5070E+02 -2.8187E+01 -8.8409E+01
0000682   4.0034E+02 -2.6784E+02 -2.0758E+02
0000683   3.0388E+02  6.6649E+01  1.2902E+01
0000684   6.2997E+02  2.0847E+02 -2.0968E+02
0000686   4.1221E+02  1.7303E+02 -2.1034E+02
0000687   2.1004E+02 -1.3966E+01  1.3036E+02
0000688   8.5917E+01  3.6698E+02 -1.6269E+02
0000689   5.0798E+01 -1.1677E+02 -1.1636E+02
0000690   4.4301E+02 -3.9720E+02 -1.9608E+02
0000692   2.8367E+02 -1.4076E+02 -2.1879E+02
0000693   2.0836E+02 -1.1014E+02  4.6595E+01
0000694   1.8844E+02 -3.7058E+02 -2.3343E+02
0000695   1.8260E+02  1.1520E+02 -1.4878E+01
0000696   3.2855E+02  3.0851E+02  2.2217E+02
0000697   1.8970E+02  1.6919E+02 -7.5335E+01
0000698   2.6752E+02  1.1836E+02  8.5391E+01
0000699   3.4698E+02 -9.7282E+01  1.3889E+02
0000700   2.9136E+02  2.5426E+02  9.1733E+01
0000701   1.7987E+02  1.7826E+01 -8.2502E+01
0000702   2.5973E+02 -1.5383E+02 -1.9168E+02
0000703   3.2595E+02 -1.1557E+02  1.6922E+02
0000704   1.8492E+02  3.1572E+01 -1.7265E+02
0000705   6.6840E+01  5.8881E+01 -1.4133E+01
0000706   2.1106E+02  2.0983E+02  2.8084E+02
0000707   3.8131E+02 -1.3503E+02  7.2220E+00
0000708   1.1501E+02  1.8202E+02  2.6978E+02
0000709   3.7270E+02  2.1584E+02 -1.3823E+02
0000710   3.4630E+02  8.5408E+01  1.4632E+02
0000711   4.2781E+02  1.2166E+02  2.9169E+01
0000712   2.7487E+02 -9.3160E+01 -2.1491E+02
0000713   1.9694E+02  1.0554E+02  4.9285E+01
0000714   3.9540E+01 -6.0595E+01  5.7349E+01
0000715   3.1667E+02  1.0179E+02  2.1810E+02
0000717   2.4888E+02  5.6300E-01  8.6115E+01
0000718   2.1800E+02 -1.8150E+00  1.0898E+02
0000719   2.1346E+02  2.3019E+02 -7.0428E+01
0000720   4.4067E+02 -1.3012E+02  9.5412E+01
0000721   4.3442E+02 -9.1243E+00  1.9025E+02
0000722   5.2390E+02  9.3635E+01 -2.7689E+02
0000723   5.2408E+02 -1.2873E+02  2.1377E+02
0000724   3.1994E+02 -1.0419E+02 -1.7548E+02
0000725   2.8185E+02 -5.8613E+01  1.4344E+02
0000726   4.5236E+02 -7.0585E+00 -9.5127E+01
0000727   2.0537E+02 -6.4945E+01  1.4330E+02
0000728   3.6744E+02 -9.4460E+00 -9.8977E+01
0000730   2.7494E+02 -5.6056E+01  5.7829E+00
0000731   3.0272E+02 -2.1854E+02  1.0302E+02
0000732   1.8893E+02  1.7912E+02  6.0322E+01
0000733   2.1172E+02  1.7583E+02  9.9815E+01
0000734   3.4021E+01 -1.6883E+02  1.7767E+01
0000735   1.6037E+02 -1.3449E+02 -5.3009E+01
0000736   4.4823E+02  4.5385E+02 -1.9016E+01
0000737   5.7070E+02  1.0218E+02 -9.3083E+01
0000738   5.7531E+02  1.0948E+02 -1.6884E+02
0000739   4.4528E+02  1.3244E+02  2.2105E+02
0000740   3.0339E+02  1.5788E+01  8.8940E+01
0000741   2.9397E+02  1.5291E+01 -6.6771E+01
0000742   3.5277E+02 -1.5256E+02  1.4109E+00
0000743   4.6245E+01  3.0894E+00 -3.0730E+02
0000744   3.5969E+02 -1.3732E+02  1.2923E+02
0000745   2.3575E+02  1.6213E+02 -6.5424E+01
0000746   3.4002E+02  3.7268E+02 -1.7930E+02
0000747   6.1813E+02 -1.0377E+02 -2.2143E+02
0000748   3.1973E+02 -7.7091E+01  4.7612E+01
0000749   1.4195E+02 -2.2460E+02  2.4304E+02
0000750   4.5873E+02 -1.6773E+01 -8.5091E+01
0000751   2.1324E+02 -3.6929E+02 -2.4087E+02
0000752   2.2894E+02  5.6885E+01  3.0065E+02
0000753   2.2326E+02 -1.0786E+02  1.2257E+02
0000754   4.6640E+02 -1.2282E+02  5.1058E+01
0000755   3.9255E+02 -5.4832E+01  1.0995E+02
0000756   4.4265E+02 -9.5465E+01  2.8914E+02
0000757   2.7321E+02 -1.4794E+02  2.8049E+01
0000758   2.7415E+02 -7.0009E+01 -1.1220E+02
0000759   8.2227E+01  7.9716E+01  2.7519E+01
0000760   4.8531E+02 -2.5858E+02 -2.1840E+02
0000761   3.9706E+02 -2.8798E+02  3.4913E+02
0000762   1.7983E+02 -4.2675E+01 -1.5631E+02
0000763   3.2466E+02 -1.9186E+02  1.0316E+02
0000764   3.7742E+02  4.4458E+01 -2.0748E+02
0000765   2.6755E+02  4.0982E+00 -2.2826E+02
0000767   4.5081E+02  1.5714E+02  5.8493E+01
0000768   3.5080E+02  5.4233E+01  1.8295E+02
0000769   3.8371E+02  1.4541E+02 -1.9810E+01
0000770   1.6546E+02  6.4524E+01 -6.8951E+01
0000771   4.2001E+02 -6.0945E+01  1.9717E+02
0000772   3.5488E+02  1.2076E+02  3.9432E+02
0000773   4.7705E+02  3.6873E+02 -1.6334E+02
0000774   2.2803E+02  7.6368E+01 -3.6365E+01
0000775   4.6636E+02  7.3960E+01  9.8453E+00
0000776   5.1922E+02  1.4523E+02 -2.4585E+02
0000777   1.2514E+02 -1.0949E+02  5.7251E+01
0000778   1.9152E+02 -4.0943E+01  6.1222E+01
0000779   3.0563E+02  3.8945E+01 -1.4538E+02
0000780   5.1758E+02 -2.8668E+02 -1.3662E+02
0000781   1.5510E+02 -7.0404E+01  1.3632E+02
0000782   3.8847E+02  5.9296E+01  3.7923E+02
0000783   1.0346E+02  2.9949E+01 -2.3883E+02
0000784   4.0317E+02 -4.0826E+01  7.3962E+01
0000785   5.0022E+02 -6.1944E+01 -6.4658E+01
0000786   2.0164E+02  1.4280E+02 -2.8553E+02
0000787   2.6817E+02 -1.3495E+02 -3.4423E+02
0000788   2.0554E+02  3.3013E+00  1.6125E+02
0000789   3.9982E+02  1.6913E+02 -8.1782E+01
0000790   2.5521E+02  1.8405E+02 -1.5706E+02
0000791   2.1350E+02  1.2013E+02  2.5838E+01
0000792   4.0005E+02  1.6930E+02 -2.3362E+02
0000793   4.0087E+02 -8.6095E+01 -9.4429E+00
0000794   9.9385E+01 -1.1309E+02 -2.6753E+02
0000795   5.3759E+02 -6.0863E+01  8.1982E+01
0000796   4.2558E+02  1.9135E+02  2.7548E+02
0000797   2.5684E+02 -8.4503E+01 -1.9139E+02
0000798   1.3262E+01 -8.8068E+01 -2.4332E+02
0000799   1.2544E+02  4.2876E+01 -7.8450E+01
0000800   1.7715E+02 -9.2348E+01  2.7821E+02
0000801   7.2935E+02 -1.2206E+02  4.2412E+01
0000802   4.4631E+02 -1.0063E+02  1.2718E+02
0000803   1.9558E+02  2.8903E+02 -4.5687E+01
0000804   2.6457E+02  1.0297E+02 -7.8361E+01
0000805   3.8423E+02  1.6149E+02  1.6324E+01
0000806   1.0391E+02  5.6570E+01  2.1919E+02
0000807   3.3250E+02  1.2817E+02 -2.4170E+02
0000808   4.0167E+02 -4.3474E+02  1.5177E+02
0000809   3.6803E+02 -3.1827E+02  3.1580E+02
0000810   1.2727E+02  2.7804E+02  1.0903E+02
0000811   2.4741E+02 -2.0074E+02  8.4357E+00
0000812   2.2057E+02  2.8416E+02 -6.8081E+01
0000813   2.1267E+02 -6.1282E+00 -1.5933E+02
0000814   3.8326E+02  2.4753E+01 -1.0155E+02
0000815   6.3181E+02  3.2227E+02 -1.9598E+02
0000816   2.2613E+02  2.3896E+02  2.0976E+02
0000817   2.5448E+02 -2.0612E+02 -5.6759E+01
0000818   2.9438E+02 -2.9324E+01 -8.5503E+01
0000819   4.1639E+02  2.4559E+01  2.4256E+02
0000820   2.0554E+02  3.9345E+01 -4.3394E+01
0000821   4.4960E+02  8.4025E+01  1.1682E+02
0000822   4.7354E+02 -3.3552E+01 -2.7093E+02
0000823   3.5893E+02  2.7174E+01 -2.0719E+02
0000824   3.2233E+02 -7.6388E+00 -1.2734E+02
0000827   4.8406E+02 -1.8732E+01  1.9989E+02
0000828   1.7966E+02  2.4154E+02 -5.4177E+01
0000829   4.7681E+02 -2.9246E+02 -1.8444E+02
0000830   2.2891E+02  1.0286E+02 -7.8437E+01
0000831   9.2075E+01 -2.2015E+02 -2.3659E+02
0000832   1.5019E+01  2.5885E+01 -7.1256E+01
0000833   1.5040E+02 -6.9695E+00  7.0421E+01
0000834   1.1702E+02  1.1387E+02 -2.1369E+01
0000835   3.1828E+02  4.3321E+01 -2.3096E+02
0000836   4.8875E+02  2.1627E+02  1.2018E+02
0000837   2.7260E+02 -1.3937E+02 -1.8741E+02
0000838   1.4676E+02 -1.0707E+02 -4.6171E+02
0000839   2.1566E+02  4.2992E+02 -2.1127E+01
0000840   5.9069E+01 -8.1190E+01 -1.6663E+02
0000841   4.4640E+02 -6.6139E+01  2.2519E+02
0000842   3.0783E+02  9.3520E+01  3.1437E+01
0000843   3.7226E+02  2.1285E+02  9.3200E+00
0000844   5.6665E+02 -5.4625E+01 -1.1122E+02
0000845   1.3935E+02 -1.0235E+02 -4.3523E+02
0000846   3.3149E+02 -1.1744E+02 -1.6517E+02
0000847   3.2561E+01  8.8391E+01  1.6717E+01
0000848   5.1621E+02 -1.4731E+02  1.4293E+02
0000849   7.6201E+01 -6.0253E+01 -6.4879E+01
0000850   3.9237E+02 -9.8560E+00 -7.6260E+01
0000851   3.2103E+02 -1.8907E+02  3.5764E+02
0000852   3.0240E+02 -2.1496E+02  3.0428E+02
0000853   3.6877E+02 -2.2482E+02 -8.1183E+01
0000854   3.6587E+02  3.3563E+01 -4.5510E+00
0000855   2.1640E+02  6.7617E+01 -1.3037E+02
0000856   1.4801E+02 -2.3259E+02 -1.3821E+02
0000857   1.6175E+02 -2.4353E+01 -2.9005E+02
0000858   3.1987E+02  2.1889E+01  1.3898E+02
0000859   6.7463E+01  8.7154E+01  1.6656E+02
0000860   2.5588E+02  4.9439E+01 -6.9477E+01
0000861   2.5118E+02 -1.4829E+02  1.9719E+02
0000862   5.0401E+02 -5.1211E+01  1.9317E+02
0000863   5.1795E+02 -2.6807E+02  2.4502E+02
0000864   2.6105E+02 -8.0339E+01 -1.1020E+02
0000865   3.0727E+02  8.6810E+01  8.1853E+01
0000866   5.5669E+02  2.4181E+00 -3.7537E+01
0000867   2.4208E+02 -2.1732E+01  2.0387E+02
0000868   2.5616E+02  1.4416E+02  8.9419E+01
0000869   4.5474E+02  4.9531E+01  1.3958E+02
0000870   4.0741E+02 -1.1052E+01  1.4376E+02
0000871   3.9577E+02  1.4708E+02  3.1531E+01
0000872   4.8113E+02 -3.2429E+00  2.7629E+02
0000873   1.6017E+02 -5.3366E+01 -1.4509E+01
0000874   5.0210E+02 -1.3678E+02  7.4240E+01
0000875   2.1286E+02 -2.9238E+01  5.8282E+01
0000876   3.3488E+02  2.1839E+01 -1.6647E+02
0000877   2.7041E+02 -1.0524E+02 -2.3071E+02
0000878   7.8589E+01  1.8868E+02  7.1046E+00
0000879   4.1205E+02 -1.7518E+02  4.4164E+02
0000881   3.0787E+02 -1.5482E+02 -5.0152E+00
0000882   2.2029E+02 -2.2109E+02 -1.2662E+02
0000883   1.4580E+02  7.2816E+01  4.1802E+02
0000884   3.3215E+02 -2.0097E+02  2.5006E+02
0000885   4.2273E+02 -2.0764E+02  2.2230E+02
0000886   2.7123E+02 -2.5097E+02  1.3360E+02
0000887   1.5450E+02  7.8173E+01  6.9955E+00
0000888   4.1732E+02 -1.2006E-01  5.4620E+01
0000889   1.1527E+02  4.0225E+01  2.7377E+02
0000890   4.1221E+02 -4.3486E+02  2.8018E+02
0000891   6.4600E+02  2.4108E+02  1.6513E+02
0000892   3.1763E+02 -1.9067E+02 -1.7978E+02
0000893   2.6966E+02 -2.7418E+01 -1.2411E+02
0000894   1.0312E+02  3.2370E+01 -4.2807E+01
0000895   2.6653E+02 -1.2590E+02  5.8129E+00
0000896   4.4054E+02  2.2892E+02 -1.3007E+01
0000897   4.8890E+02 -9.8235E+01 -6.2657E+00
0000898   2.5704E+02  3.6780E+01 -3.9157E+01
0000899   3.6628E+02 -1.6849E+01  1.6112E+01
0000900   1.7652E+02  4.0478E+01  6.8841E+01
0000901   3.2050E+02  4.1102E+02  1.5755E+02
0000902   1.4489E+02 -2.6188E+01 -1.1912E+02
0000903   3.8173E+02  2.2535E+02 -1.3886E+02
0000904   4.5150E+02  3.4506E+02  1.2930E+02
0000905   4.1810E+02  1.4521E+02 -2.1845E+02
0000906   4.3086E+02  4.1050E+02  2.5294E+02
0000907   5.6657E+02  9.9742E+00  1.9946E+02
0000908   6.1654E+02  2.6605E+02 -7.6576E+01
0000909   1.7975E+02  9.2982E+01  2.3380E+02
0000910   1.4100E+02 -1.9113E+02 -4.0326E+01
0000911   3.7693E+02 -6.9339E+01  1.6457E+02
0000912   4.1503E+02  6.6669E+01  1.1422E+02
0000913   5.3625E+02 -5.9999E-01 -1.7099E+02
0000914   3.4494E+02  2.2229E+02  3.8837E+02
0000915   6.7131E+01  1.1983E+02  1.8161E+02
0000916   4.9311E+02  1.0922E+02 -1.6436E+00
0000917   6.0084E+02  8.7090E+01 -2.4556E+02
0000918   1.7474E+02  7.2191E+01 -1.7302E+02
0000919   2.4194E+02  1.2613E+02 -8.6763E+00
0000920   1.2105E+02  1.7923E+01 -5.9754E+01
0000921   5.0740E+02 -1.4538E+02  9.1890E+01
0000922   2.6140E+02  5.1974E+01 -2.1170E+01
0000923   4.3607E+01  5.9910E+01 -4.1975E+02
0000924   1.6438E+02 -1.9980E+01  2.1115E+02
0000926   2.8325E+02  1.3419E+02  7.9650E+01
0000927   2.2278E+02 -4.0083E+02 -2.2344E+02
0000928   6.3535E+02  7.9762E+01  1.8398E+02
0000929   3.8698E+02 -1.3618E+02 -6.8680E+01
0000930   4.2972E+02 -4.3998E+01  1.2668E+02
0000931   4.8435E+02 -3.1639E+02 -4.1322E+02
0000932   2.0878E+02  1.8749E+02 -1.0632E+01
0000933   8.5883E+01  3.8544E+01 -1.6558E+00
0000934   1.1493E+02 -2.3722E+01 -5.5506E+01
0000935   2.3579E+02 -1.2519E+02 -2.6105E+02
0000936   2.5000E+02  1.8809E+02  9.9310E+01
0000937   1.8181E+02  2.1957E+02 -1.3160E+02
0000939   3.2294E+02  9.5731E+01 -3.1035E+02
0000940   9.9297E+00  3.2782E+02  2.4156E+02
0000941   3.0368E+02  2.3675E+02  1.4841E+02
0000942   3.5837E+02 -2.1662E+02 -1.8524E+02
0000943   3.3994E+01  4.2740E+01 -3.0430E+02
0000944   2.4773E+02 -8.6781E+01  1.6821E+01
0000945   1.9574E+02  5.1444E+01 -2.0235E+02
0000946   2.9257E+02 -2.0764E+01 -1.5028E+01
0000947   4.3929E+02 -1.9285E+02  1.2205E+02
0000948   5.6338E+02 -2.3904E+02 -6.3177E+01
0000949   2.4178E+02 -1.1824E+01  3.4169E+01
0000950   3.3523E+02  4.3857E+02  9.8148E+00
0000951   1.0169E+02 -2.3327E+01  3.2744E+01
0000952   3.6713E+02 -7.5216E-01  2.2582E+02
0000953   4.0007E+02 -2.4533E+02 -4.3113E+01
0000954   1.8306E+02 -1.0955E+02  2.5277E+02
0000955   2.1599E+02 -3.9803E+02 -4.4896E+01
0000956   3.2670E+02 -5.2970E+01 -8.7020E+00
0000957   2.8732E+02 -1.6102E+02  2.5801E+02
0000958   1.3894E+02  2.0409E+02  5.1125E+01
0000959   5.1883E+02  1.0533E+02  2.4601E+02
0000960   1.5906E+01 -1.3501E+01 -2.9444E+01
0000961   3.7453E+02 -3.0868E+02  3.0733E+02
0000962   3.5013E+02 -1.0176E+02  1.5453E+02
0000963   3.2555E+02  8.6274E+01 -1.5429E+02
0000964   5.0601E+02  2.7527E+02 -5.7193E+01
0000966   6.2100E+01 -9.7224E+01 -1.1542E+02
0000967   3.4175E+02 -1.6680E+02  2.1244E+02
0000968   5.8584E+01 -2.7489E+02 -3.3909E+02
0000969   2.2073E+02  2.9351E+02 -2.2559E+02
0000970   5.6025E+02 -1.6154E+02  2.5992E+01
0000971   1.1771E+02  9.1450E+01  2.2327E+01
0000972   1.9688E+02  9.2665E+01  1.7490E+02
0000973   1.0141E+02 -1.1395E+02  3.3089E+02
0000974   1.6253E+02  1.9461E+02  1.2793E+02
0000975   1.8221E+02 -1.6419E+02  3.4594E+02
0000977   4.6901E+01  5.8076E+01 -8.2341E+01
0000978   2.2021E+02 -8.5237E+01  1.0259E+02
0000979   4.9604E+02  1.2499E+02 -3.7801E+02
0000980   2.4299E+02 -1.4817E+02 -1.9326E+01
0000981   3.8684E+02  2.4335E+02 -1.1919E+02
0000982   1.6462E+02  1.4948E+02  5.6281E+01
0000983   4.2664E+02 -8.3975E+01 -1.8995E+02
0000984   1.4914E+02 -2.7536E+02 -2.2101E+02
0000985   3.4872E+02 -8.7217E+01 -7.3783E+01
0000986   3.2630E+02  6.0829E+01  1.1134E+02
0000987   4.4997E+02 -2.3731E+02 -1.8177E+02
0000988   1.5180E+02  2.8532E+02  2.3068E+01
0000989   1.2110E+02  1.8047E+02  2.0118E+01
0000990   8.6829E+01  4.7083E+01 -1.5155E+02
0000991   2.1324E+02  2.6951E+02 -1.4463E+02
0000992   5.3106E+02 -5.8475E+00  8.7987E+01
0000993   1.8142E+02  1.8676E+02 -1.5775E+02
0000995   7.2638E+01 -2.4736E+02 -1.8229E+02
0000996   3.2925E+02  2.2174E+02  1.4223E+02
0000997   7.2418E+02  8.1267E+01  1.0472E+02
0000998   2.3306E+02  2.7755E+02  1.5058E+02
0000999   3.8914E+02 -1.8919E+02  1.5231E+02
0001000   3.8284E-01  7.5655E+01 -1.5019E+02
