============================== SRIM-2013.00 ==============================
==============================================================================
====== SRIM Outputs\RANGE_3D.txt : File of Final Ion Positions =====

Ion =  F (09)   Ion Mass= 018.9984
Energy  = 3000000.E-05 keV
Ion Angle to Surface = 00.0 degrees
==================== TARGET =======================
  Layer # 1 - None
  Layer # 1 - Bottom Depth=500000.E-01 A
  Layer # 1 - Density =0007.8700 g/cm3
  Layer # 1 -  100 % of Fe
ÍÍÍÍÍÍÍÍÍÍÍÍÍÍÍÍÍÍÍÍÍÍÍÍÍÍÍÍÍÍÍÍÍÍÍÍÍÍÍÍÍÍÍÍÍÍÍÍÍÍÍÍ
                                            
Ion       Depth  X   Lateral Y   Lateral Z  
Number    (Angstrom) (Angstrom)  (Angstrom) 
-------  ----------- ----------- -----------
0000001   2.4803E+02 -1.6698E+02  1.8427E+02
0000002   3.5326E+02 -5.1201E+01 -2.1124E+01
0000003   3.7324E+02  2.5122E+02 -1.6564E+02
0000004   2.1335E+02  1.5394E+02  2.5181E+02
0000005   3.9097E+02 -2.8742E+02 -5.4738E+01
0000006   1.7736E+02  2.7853E+01 -2.7899E+02
0000007   3.4146E+02  6.6376E+01  1.0185E+02
0000008   5.5472E+02 -4.4356E+01  1.9534E+01
0000009   1.4235E+02 -2.1483E+02 -7.3264E+01
0000010   1.1446E+01  6.1109E+01 -5.1554E+01
0000011   2.7245E+02 -2.4977E+02 -1.0088E+02
0000012   2.9001E+02 -2.3417E+02 -9.3260E+01
0000013   3.7077E+02  1.1240E+02 -7.7958E+01
0000014   3.5440E+02 -5.5712E+01 -9.0463E+01
0000015   2.9570E+02 -3.7773E+02 -2.8066E+01
0000016   5.5320E+01 -4.6202E+02  5.3335E+01
0000017   4.1869E+01  2.2041E+02 -5.5708E+01
0000018   3.8120E+02 -3.2606E+02 -1.0530E+02
0000019   3.9147E+02 -1.8611E+02  7.7188E+01
0000020   2.0901E+01  2.5045E+01  1.6932E+02
0000021   4.4746E+02 -2.3508E+02 -2.0036E+02
0000022   2.8345E+02 -2.0435E+02 -1.0957E+02
0000023   5.3053E+02  1.2722E+02  2.0144E+01
0000024   6.6943E+01  2.4516E+02 -6.1216E+01
0000025   2.4325E+02  4.7507E+02  2.9429E+02
0000026   3.6205E+02 -6.7107E+01  2.3025E+00
0000027   3.9264E+02 -3.7738E+02 -1.8386E+02
0000028   4.5658E+02 -1.2809E+02 -1.8461E+02
0000029   6.2383E+01  3.1935E+02  4.0204E+02
0000031   5.0831E+02 -1.1984E+02  2.2729E+02
0000032   4.7630E+02 -1.9071E+02  1.6169E+02
0000033   3.2203E+02 -1.0699E+02  3.5418E+01
0000034   8.4014E+01 -1.4687E+01  1.2016E+01
0000035   2.1204E+02  9.4186E+01 -7.3172E+01
0000036   2.8070E+02 -1.1112E+02  1.1373E+02
0000037   4.2694E+02 -7.4570E+01 -2.6557E+02
0000038   1.8333E+02  2.5280E+02  1.1237E+02
0000039   2.7162E+02  5.9599E+01  2.3576E+02
0000040   5.4748E+02 -5.7931E+01 -1.0053E+02
0000041   4.8807E+02  7.1864E+01  9.6391E+01
0000042   4.3528E+01 -1.8639E+01 -1.0736E+02
0000043   1.9482E+02  2.0804E+01 -9.4590E-01
0000044   1.0362E+02  3.3940E+01  8.9116E+01
0000045   5.5140E+02 -1.1682E+02  8.4466E+01
0000046   3.3918E+02  1.3230E+02  4.3027E+01
0000048   4.2024E+02  3.9084E+02  6.5594E+01
0000049   3.6329E+02  1.7713E+01 -8.0430E+01
0000050   2.7346E+02  1.0207E+02 -6.3732E+01
0000051   2.0282E+02 -1.0732E+02  2.9488E+01
0000052   1.9958E+02  7.3355E+01  2.3036E+02
0000053   2.5289E+02  3.1591E+02 -9.1282E+01
0000055   1.2954E+02  8.2117E+01  2.2430E+01
0000056   5.2424E+02  8.5970E+01 -2.4786E+01
0000057   3.0227E+02  2.8981E+02  7.7357E+00
0000058   4.4333E+02  7.5666E+01 -2.0730E+02
0000059   9.0564E+01 -2.3200E+01  1.9506E+02
0000060   3.6448E+02  1.9912E+02  2.9485E+01
0000061   2.8191E+02 -5.8691E+01  6.3987E+01
0000063   3.0672E+02  2.4819E+02 -3.5307E+01
0000064   4.3339E+02 -1.9208E+02 -9.0419E+01
0000065   4.6721E+01 -2.8250E+01 -2.4154E+01
0000066   2.0640E+02 -2.7630E+01 -1.8904E+01
0000067   3.1263E+02 -3.3378E+02 -2.2547E+02
0000069   3.0822E+02 -1.2483E+01  5.5288E+01
0000070   1.5158E+02 -9.7899E+01  5.4493E+01
0000071   3.9592E+02  4.8408E+01 -5.2196E+01
0000072   2.3248E+02  4.0936E+01  5.1317E+00
0000073   3.6094E+02  1.0763E+02 -2.3590E+02
0000074   3.1035E+02  8.0069E+01 -2.2207E+02
0000075   3.4929E+02 -3.4802E+02 -2.5510E+02
0000076   3.7236E+02  4.5296E+02 -3.1676E+02
0000078   3.5858E+02  8.1243E-01 -9.9476E+00
0000079   1.0610E+02 -2.3883E+02 -6.4707E+01
0000080   2.6151E+02 -2.0537E+02 -3.2143E+02
0000081   8.8490E+01 -1.0122E+02 -2.0943E+01
0000082   2.9628E+02  2.2236E+02 -8.4240E+01
0000084   8.9480E+01  3.5902E+01  3.2057E+02
0000085   3.0884E+02  4.4243E+02 -1.7736E+02
0000086   4.4226E+02 -1.2866E+02  4.2468E+01
0000087   1.2496E+02  8.8986E+01 -1.0543E+02
0000088   3.1770E+02  1.1498E+02  1.6557E+02
0000089   4.1437E+02  8.8257E+00  1.6947E+02
0000090   4.7233E+02  1.6068E+02 -3.0207E+02
0000091   4.2959E+02  1.2880E+02 -8.1861E+01
0000092   1.3245E+02  1.6778E+02  3.8085E+02
0000093   1.5498E+02  2.5962E+02 -7.6012E+01
0000094   9.5473E+01 -1.1095E+02  4.6744E+01
0000095   2.9440E+02  2.8042E+01  1.6584E+02
0000096   3.7588E+02  4.8634E+01  3.3358E+02
0000097   2.0658E+02  2.5281E+02  1.6834E+02
0000098   3.0585E+02  7.5876E+01 -7.1544E+01
0000099   1.9387E+02  1.1762E+02  1.9212E+02
0000100   4.3502E+02 -2.1876E+02 -1.1521E+01
0000101   2.2456E+02 -4.4212E+01 -1.1768E+02
0000102   3.7619E+02 -2.3167E+02  1.2248E+02
0000103   4.3704E+02 -2.0799E+02 -6.1176E+01
0000104   3.2888E+02  8.7543E-01  1.1953E+02
0000105   4.0685E+02  1.1124E+02 -1.6977E+02
0000106   7.2813E+02  1.7527E+02  1.2425E+02
0000107   2.9262E+02 -3.7713E+02  6.3411E+01
0000108   2.0491E+02 -3.6962E+01  6.5180E+01
0000109   3.3940E+02 -2.0641E+02 -2.6530E+02
0000110   3.3499E+02  1.2798E+02  5.9131E+01
0000111   4.9643E+02 -1.4386E+02  3.6707E+02
0000112   4.4808E+02 -3.0298E+02 -2.5461E+01
0000113   2.2535E+02 -7.8305E+01 -1.9664E+00
0000114   3.7813E+02 -2.3385E+02 -1.0956E+02
0000115   3.0059E+02  7.7607E+01  2.5512E+02
0000116   3.8353E+02  2.2455E+02  1.0686E+02
0000117   6.0800E+02 -3.8098E+01 -2.5079E+02
0000118   4.8281E+02  1.6926E+02  1.0429E+02
0000119   3.4169E+02 -2.5160E+02 -1.6667E+02
0000120   5.7436E+02  1.3766E+02 -1.7171E+02
0000121   3.0767E+02  1.4096E+02 -2.0428E+02
0000122   2.9801E+02  1.1936E+02  6.2841E+01
0000123   2.8716E+02  4.8713E+02 -1.9384E+02
0000124   2.8891E+02  2.1114E+02  8.8697E+01
0000125   1.9673E+02 -2.4261E+02 -2.3917E+02
0000126   3.6027E+02  2.2503E+02  6.3420E+01
0000127   1.1421E+02 -4.5852E+01  1.4448E+01
0000128   2.1745E+02 -1.5397E+02  1.3533E+02
0000129   2.0895E+02 -2.6045E+01 -8.1202E+01
0000131   2.5921E+02 -4.2169E+02  1.5987E+02
0000132   2.1213E+02  1.2696E+02  1.3672E+02
0000133   4.4040E+02 -1.1864E+02  1.0295E+02
0000134   3.7365E+02  2.0443E+01  6.1697E+01
0000135   3.4542E+01 -1.9757E+01  1.7271E+02
0000137   2.9576E+02 -1.3550E+02  3.5455E+01
0000138   3.6804E+02  6.5885E+01 -2.7638E+01
0000139   4.3201E+02  1.8538E+02 -2.2636E+02
0000140   1.4306E+02 -2.0934E+02  2.2329E+02
0000141   4.1726E+02  1.5704E+02 -2.1260E+01
0000142   5.5451E+02 -2.8774E+02 -2.6611E+02
0000143   2.1333E+02 -4.9300E+01  1.7891E+02
0000144   2.3659E+02  3.2717E+01 -1.5430E+02
0000145   4.2382E+02 -1.1229E+02  2.3683E+02
0000146   2.3548E+02 -3.3591E+01 -7.0533E+00
0000147   3.1694E+02  7.3983E+00 -2.1847E+01
0000148   1.0076E+02  7.9563E+01 -4.4740E+02
0000149   1.9634E+02  5.3305E+01 -2.6815E+02
0000150   2.1121E+02 -2.2904E+02 -5.7756E+00
0000151   3.7999E+01 -8.5709E+01  3.3345E+01
0000152   3.7171E+02  2.7710E+02 -2.2175E+01
0000153   3.8749E+02 -1.4601E+02  2.3456E+02
0000154   4.0089E+02 -8.0423E+00  2.1825E+00
0000155   3.9911E+02 -8.8745E+01 -1.2868E+02
0000156   5.1876E+02 -1.8173E+02 -1.2647E+02
0000157   6.4133E+02  5.0760E+01 -7.4395E+01
0000158   2.0043E+02  1.9064E+02 -2.5912E+02
0000160   2.4374E+02 -2.3567E+01  1.9722E+01
0000161   3.2697E+02 -1.2246E+02 -2.1478E+02
0000162   3.3545E+02  3.1909E+02 -3.4462E+02
0000163   5.1152E+02 -4.4945E+01 -1.5280E+01
0000164   3.9965E+02  2.7508E+01  2.5418E+01
0000165   3.6579E+02 -1.4848E+02  1.8616E+02
0000166   4.0098E+02 -5.7853E+01 -1.6244E+02
0000167   2.3484E+02 -3.0660E+02 -3.3151E+01
0000168   2.0781E+02 -2.9592E+00  7.2184E+01
0000169   2.8647E+02  1.2782E+01 -1.3544E+02
0000170   1.3221E+02 -3.8939E+00  7.7706E+01
0000172   3.6182E+02  1.2993E-01 -4.9549E+01
0000173   1.1351E+02 -7.8130E+01 -1.6159E+02
0000174   4.8872E+02 -2.3700E+02  1.8461E+02
0000175   1.8755E+02  3.8438E+02 -4.8903E+01
0000176   2.7728E+02  1.6093E+02  2.7988E+02
0000177   3.9966E+02  2.6339E+02 -1.7979E+02
0000178   4.5454E+02  9.6918E+01 -3.4051E+01
0000179   3.2012E+02 -9.6640E+01  1.7045E+02
0000180   3.2383E+02  1.2022E+01  1.0459E+02
0000181   2.5667E+02  1.1719E+02  1.5067E+02
0000182   3.1546E+02  1.2488E+02 -1.1910E+02
0000183   2.1907E+02  7.0333E+01 -5.3199E+01
0000184   5.5063E+02 -2.7066E+02 -7.0079E+01
0000185   2.6382E+02 -2.9601E+02 -1.2830E+02
0000187   4.1577E+02  6.1296E+01 -1.6750E+02
0000188   6.2816E+02 -1.8760E+02 -2.5481E+02
0000189   1.8022E+02 -2.9685E+01 -9.4383E+00
0000190   7.2497E+01  2.1142E+02 -2.4548E+02
0000191   4.8323E+02 -2.5376E+02  9.7746E+01
0000192   3.3595E+02 -3.5579E+02  1.8672E+02
0000193   4.9895E+02 -2.7171E+02 -1.1015E+02
0000194   2.7525E+02  1.6855E+01 -1.2074E+02
0000195   1.0019E+02 -4.1658E+01  1.6589E+01
0000196   3.2052E+02  2.8215E+02 -8.9422E+01
0000197   4.3488E+02 -1.1959E+02 -4.7603E+01
0000198   6.1957E+02  1.0631E+02  3.8403E+01
0000199   3.4374E+02  6.3329E+01  2.0129E+02
0000200   3.1771E+02 -2.0738E+02 -7.1497E+01
0000201   5.5242E+02 -1.3195E+02 -1.6116E+02
0000202   1.1981E+02  7.1267E+01  1.5241E+02
0000203   2.1362E+02 -2.0491E+02  3.5382E+02
0000204   3.8389E+02  1.5187E+02 -6.5060E+01
0000205   1.2956E+02  1.2251E+02 -2.4830E+02
0000206   5.6310E+02 -2.4523E+02  8.7558E+01
0000207   4.0575E+02 -2.4962E+02 -4.6603E+01
0000208   4.1289E+02 -4.2661E+02  1.7798E+02
0000209   1.1288E+02  1.6192E+01 -4.2562E+01
0000210   5.8146E+02 -1.9285E+01  9.6994E-01
0000211   1.7989E+02  1.4216E+01 -8.5583E+01
0000212   4.5713E+02  3.6938E+02 -5.2667E+01
0000213   4.3357E+02 -3.2546E+01 -1.6116E+02
0000214   3.3986E+02 -1.7479E+01  5.0821E+01
0000216   2.2358E+02  2.1578E+02 -1.3161E+02
0000217   3.7654E+01  2.7584E+02  4.0348E+02
0000218   3.1454E+02  1.5858E+02 -1.3552E+02
0000219   5.1273E+02  9.9779E+00  1.5505E+02
0000220   3.3865E+01  1.4165E+02 -3.1227E+02
0000221   3.2923E+02 -2.3216E+02 -1.3538E+02
0000222   2.6566E+02 -2.4258E+01 -7.9553E+01
0000224   3.6093E+02  2.6722E+02 -1.0388E+02
0000225   3.9878E+02  1.2232E+02 -3.0610E+02
0000227   4.9993E+02  4.1625E+02 -3.4543E-01
0000228   4.6562E+02  1.7015E+02 -4.7357E+00
0000229   2.2255E+02 -2.3033E+02  1.5291E+01
0000230   3.7450E+02  1.3616E+02 -1.2402E+02
0000231   4.3084E+02  4.1887E+01  1.2373E+02
0000232   4.3964E+02 -1.2906E+02 -1.1303E+02
0000233   2.2780E+02 -4.8680E+01  6.3356E+01
0000234   2.7435E+02  3.1076E+01 -9.4336E+01
0000235   5.9771E+01 -3.3614E+01  8.7545E+01
0000236   3.5229E+02 -8.8390E+01  2.1587E+02
0000237   2.7893E+02 -1.8133E+02 -1.7121E+02
0000238   2.6756E+02 -1.1210E+02 -1.0957E+02
0000239   1.3944E+02  2.3003E+02  4.1451E+01
0000240   2.1623E+02 -7.7292E+01 -1.2290E+02
0000241   3.1099E+02 -1.3845E+02  1.8021E+02
0000242   5.1354E+02 -3.5453E+01  9.6776E+01
0000243   2.6695E+02 -1.4225E+02 -2.1494E+02
0000244   5.6552E+02  1.0820E+01  1.6231E+02
0000245   3.4350E+02  5.7496E+01  2.0720E+01
0000247   3.8655E+02 -2.3134E+01  9.9432E+01
0000248   1.5074E+02 -3.5850E+01  9.0055E+00
0000249   3.4604E+02  4.1491E+02 -7.7452E+01
0000250   6.4329E+02 -1.4014E+02  1.0950E+02
0000251   3.3820E+02 -1.3485E+02 -5.5987E+01
0000252   2.0411E+02  5.7869E+01  1.1246E+02
0000253   2.2767E+02 -2.5153E+02 -1.8272E+01
0000254   3.7188E+02 -5.1344E+01  2.1726E+01
0000255   3.2096E+02  7.6289E+00  1.1364E+02
0000256   1.5857E+02 -2.3294E+02  2.3313E+02
0000257   4.2391E+02 -2.8600E+02 -2.3980E+02
0000258   2.4635E+02 -1.6409E+02 -7.8199E+01
0000259   3.9524E+02  8.8164E+01 -1.6793E+02
0000260   5.8072E+02 -2.1864E+02  1.7468E+02
0000261   9.8763E+01  5.0144E+01 -1.7672E+02
0000262   6.4530E+02  3.2274E+02 -8.1080E+01
0000263   2.1418E+02 -7.6758E+01  3.0043E+02
0000265   4.6502E+02  6.5561E+01 -2.3924E+02
0000266   3.4113E+02  7.3168E+01  2.4734E+02
0000267   6.0893E+02 -1.2248E+02 -1.9577E+02
0000268   2.0796E+02  9.7011E+01 -2.4849E+02
0000269   4.0167E+02  2.4120E+02 -3.8952E+01
0000270   5.8666E+02 -2.0390E+02  3.9253E+01
0000271   5.1126E+02  1.4038E+02 -1.5811E+02
0000272   2.5842E+02 -6.3767E+01  3.4817E+01
0000273   1.0855E+02  2.9351E+02 -8.8690E+01
0000274   3.4436E+02 -1.2472E+01  1.5695E+02
0000275   6.7516E+01  6.1086E+01  2.7076E+02
0000276   5.0798E+01  1.5250E+02  4.6455E+00
0000277   7.4485E+01  1.1040E+02 -7.8792E+01
0000278   1.9630E+02  2.6866E+02 -2.8881E+01
0000279   5.2868E+01  6.3846E+01 -1.4500E+00
0000281   1.5784E+02 -2.7198E+02 -1.9533E+02
0000282   2.0221E+02  6.7087E+01  1.3960E+02
0000283   3.8867E+02  6.1584E+01  1.1191E+02
0000284   4.0842E+02  9.1077E+01 -2.8499E+02
0000285   5.2019E+02  1.0595E+01 -1.6059E+02
0000286   4.3499E+02 -1.3133E+02 -2.5640E+02
0000287   3.2873E+02 -1.9093E+02  6.3546E+01
0000288   5.1761E+02 -3.7326E+02 -2.3110E+01
0000289   4.7333E+02 -1.1677E+02  1.5692E+02
0000290   2.1458E+02 -1.5520E+02  5.2373E+01
0000291   4.0490E+02 -4.1019E+01  4.8335E+01
0000292   4.0005E+01 -3.7847E+02  4.6656E+01
0000293   1.3184E+02 -8.4163E+01 -4.0463E+02
0000294   1.3124E+02  2.3934E+02  2.6991E+02
0000295   1.2343E+02  1.0223E+02  1.3494E+02
0000296   4.5489E+02 -1.7535E+02 -1.4802E+02
0000297   3.4425E+02 -5.8633E+01 -3.5189E+02
0000298   4.0974E+02 -5.8941E+01 -7.3684E+01
0000299   3.1682E+02  1.0246E+02  6.2801E+01
0000300   6.9079E+02  1.3806E+02 -5.3817E+01
0000301   1.8637E+02 -2.2446E+02 -8.8955E+01
0000302   5.7576E+02 -7.0275E+01 -2.9617E+02
0000303   2.4035E+02 -9.4613E+01 -1.1509E+02
0000305   1.9506E+02 -2.4613E+02 -5.7517E+01
0000306   3.0491E+02 -1.2434E+02 -1.8501E+02
0000307   3.7257E+02 -3.4491E+02 -8.0484E+01
0000308   3.8815E+02 -8.4557E+01 -2.8593E+01
0000309   8.5376E+01  2.9154E+00  3.3258E+02
0000310   1.7753E+02 -5.6087E+00 -2.2338E+02
0000312   1.1889E+02 -2.5404E+02 -9.4030E+01
0000313   4.5911E+01 -3.3191E+00  2.4036E+02
0000314   6.3150E+02  2.3609E+02  2.2749E+01
0000316   3.4308E+02  1.4891E+02 -7.7401E+01
0000317   4.9187E+02 -2.4277E+02  5.9406E+02
0000318   1.4862E+02  1.4889E+02  3.0081E+01
0000319   3.7800E+02 -1.4032E+01  3.5628E+01
0000320   2.0614E+02 -8.6740E+00 -7.3786E+01
0000321   3.4258E+02  7.6609E+01 -2.4707E+02
0000322   4.4898E+02 -1.1782E+02  2.6993E+02
0000323   5.5777E+02  3.0326E+02 -4.7716E+01
0000324   4.6073E+02  7.2508E+01 -4.3309E+01
0000325   6.1146E+01 -1.6868E+02 -1.1719E+02
0000326   8.5239E+01  9.7269E+01 -3.6245E+01
0000327   3.2944E+02  7.8651E+01  4.4768E+01
0000328   1.6821E+02  1.2361E+02 -2.3703E+02
0000329   3.6096E+02  1.4465E+02  1.2429E+02
0000330   3.2541E+02  2.2801E+02 -5.9301E+01
0000331   1.7955E+02 -1.3407E+02  5.7001E+01
0000332   2.3804E+02 -1.7724E+02  1.6274E+02
0000333   4.1874E+02  9.0636E+01  9.6772E+01
0000334   3.7632E+02 -1.6414E+02  1.9322E+02
0000335   2.9660E+02  1.6329E+02  7.4294E+01
0000336   1.5600E+02  7.0792E+00  7.6761E+01
0000337   2.8708E+02  1.8727E+02  2.4643E+02
0000338   5.4665E+02 -5.2851E+01 -3.1898E+01
0000339   2.6214E+02  2.3113E+01 -1.0182E+02
0000340   3.3468E+02  2.0822E+02 -2.5268E+02
0000341   3.1803E+02 -6.1264E+01 -3.6030E+01
0000342   1.2927E+02 -5.6830E+01 -9.7854E+01
0000343   2.0047E+02  2.9449E+01 -1.0416E+02
0000344   5.3793E+02  2.7704E+02  1.1899E+02
0000345   1.9754E+02 -3.1208E+01  3.4109E+02
0000346   8.5574E+01  3.0189E+02 -1.4317E+01
0000347   2.3528E+02  7.2245E+01  3.2471E+02
0000348   2.3222E+02  3.0774E+02 -3.3659E+02
0000349   1.2599E+02 -1.2586E+02  4.6702E+01
0000350   4.1595E+02  3.7215E+01 -1.4369E+02
0000351   1.1790E+02 -1.8935E+02 -1.4420E+01
0000352   4.7118E+02  9.8037E+01 -3.2215E+02
0000353   1.0251E+02  1.0595E+02  4.3792E+01
0000354   4.7889E+02  1.5125E+02 -9.2400E+01
0000355   3.2703E+02 -7.3568E+01 -3.1391E+02
0000357   1.2693E+02 -3.0692E+01  8.4826E+01
0000358   4.7169E+02  3.2059E+02  2.2559E+02
0000359   4.8064E+02 -2.3040E+01  6.4606E+01
0000360   1.8547E+02  1.9695E+01  6.6808E+01
0000361   3.6956E+02 -2.5160E+02 -3.4437E+02
0000362   4.3789E+01  7.2340E+01 -3.3589E+02
0000363   2.2090E+02 -1.5390E+02 -3.0982E+00
0000364   9.0630E+01  3.1532E+02  2.4825E+02
0000365   3.5635E+02  4.1000E+02 -2.2304E+02
0000366   2.7684E+02  2.7911E+02  1.4288E+01
0000367   2.0623E+02  8.8441E+00 -3.3272E+01
0000368   8.8814E+01 -2.4558E+02  5.7294E+01
0000369   3.5171E+02  8.9827E+01  2.9716E+02
0000371   4.3075E+02  1.7718E+02 -2.2868E+02
0000372   3.9172E+02 -2.1438E+02 -1.6743E+02
0000373   2.9127E+02  2.0315E+02  3.2813E+02
0000374   4.1407E+02 -1.2151E+00 -2.1250E+02
0000375   1.8888E+02  1.7798E+02  1.6115E+02
0000376   1.7730E+02 -6.5350E+01 -2.0680E+02
0000377   5.1556E+02  2.4225E+02  6.6271E+01
0000378   4.1542E+02  5.6606E+01 -3.4792E+01
0000379   2.6349E+02 -8.8424E+01  2.2189E+02
0000380   1.5736E+02 -2.9617E+02 -1.5450E+02
0000381   2.1625E+02 -9.0814E+01  2.3348E+02
0000382   6.1128E+02 -3.4085E+02  3.4454E+01
0000383   3.0916E+02  3.3711E+01  9.0359E+00
0000384   3.3318E+02 -6.0288E+01 -8.8869E+01
0000385   4.0388E+02 -2.1288E+02  7.5638E+01
0000386   1.6959E+02 -8.2757E+01  1.1578E+02
0000387   4.9092E+02 -5.8834E+01  1.1781E+01
0000388   4.7155E+02  1.3810E+02  4.8525E+01
0000389   2.1104E+02 -1.3586E+01 -1.2820E+02
0000390   1.6139E+02 -5.2037E+01  3.4314E+02
0000391   1.9612E+02 -1.9155E+01 -2.5030E+02
0000392   3.8516E+02  2.1994E+02 -5.9598E+01
0000393   1.7892E+02 -1.1020E+02 -2.2753E+02
0000394   3.6476E+02  2.1790E+01  1.3181E+02
0000395   2.3091E+02  3.8472E+02 -8.7068E+01
0000396   1.9892E+02  1.2089E+02  4.9815E+02
0000397   4.8831E+02 -7.1036E+01 -3.4839E+02
0000398   2.4645E+02  1.2100E+02 -9.0591E+01
0000399   1.4956E+02  2.5023E+01  2.1106E+02
0000400   4.2891E+02  3.5633E+02 -2.0921E+02
0000401   4.3376E+01  2.3922E+02 -1.5880E+02
0000402   4.0860E+02  9.5231E+01  3.1319E+01
0000403   5.2512E+02  2.1350E+02 -9.7526E+01
0000404   5.5630E+02 -2.5160E+01  1.3180E+02
0000405   2.1760E+02  9.2294E+00 -3.2019E+02
0000406   6.2598E+01  1.3020E+01  2.1670E+02
0000407   1.8543E+02 -3.0520E+00  1.0572E+02
0000408   2.3395E+02  2.0995E+02  9.4779E+00
0000409   2.4441E+02 -2.2563E+02 -1.4842E+02
0000410   4.3321E+02  1.2496E+02  3.6631E+01
0000412   5.4590E+02  2.1083E+02 -5.8740E+01
0000413   2.5702E+02  3.7134E+01 -3.8098E+01
0000414   1.4983E+02 -4.0949E+02 -1.4922E+01
0000415   2.7808E+02  8.0437E+01 -2.4567E+02
0000416   4.6370E+02 -2.1087E+02  1.0086E+02
0000417   4.8820E+02 -1.0248E+02  3.6734E+02
0000418   4.0705E+02 -1.6411E+02  8.4017E+01
0000419   3.6256E+02 -1.2202E+02  3.4715E+02
0000420   1.0402E+02 -2.4161E+01 -1.5075E+02
0000421   3.5515E+02  8.3861E+01  3.6453E+02
0000422   1.6876E+02 -4.0250E+01  2.5525E+02
0000423   4.7525E+02 -2.0462E+02 -2.6957E+02
0000425   3.3238E+02 -1.2716E+02  2.6979E+02
0000426   4.6408E+01 -2.1901E+02  1.3136E+01
0000427   4.5750E+02 -5.7115E+01  3.8157E+02
0000428   4.8837E+02  2.1067E+02  3.1340E-01
0000429   2.7344E+02 -3.3888E+02  2.2228E+02
0000430   2.6639E+02 -7.3484E+01  1.1379E+01
0000432   3.5476E+02  7.0228E+01  2.4271E+01
0000433   4.0136E+02  1.1117E+02 -3.0532E+01
0000434   7.1940E+02 -1.2094E+02 -1.0367E+02
0000435   4.4235E+02 -2.6641E+02 -1.3649E+02
0000436   4.0472E+02 -2.4622E+02  4.2823E+01
0000437   3.4705E+02  2.1255E+02  2.0154E+02
0000438   3.2920E+02 -1.8871E+02  1.0386E+02
0000439   3.6445E+02  1.3572E+02 -1.8394E+02
0000440   4.0235E+02  2.0118E+02  1.0689E+02
0000441   1.1325E+01 -3.0526E+02  6.4134E+00
0000443   4.7648E+02  1.1283E+01 -1.2984E+02
0000444   3.5846E+02  6.2146E+01  1.3516E+02
0000445   4.5901E+02 -7.1361E+00 -8.2206E+01
0000446   3.1874E+02 -1.4759E+01 -1.1100E+01
0000447   3.8248E+00 -1.4178E+02  2.9947E+02
0000448   3.5492E+01 -1.1050E+02  1.2235E+01
0000449   2.7495E+02 -1.3055E+02  8.5163E+01
0000450   3.4810E+02  1.7335E+02 -4.1208E+02
0000451   4.3664E+02 -1.4138E+01 -6.4034E+01
0000452   3.5875E+02  8.1015E+01 -1.7260E+02
0000453   7.1738E+01 -6.1767E+01 -1.2326E+02
0000454   1.7486E+02 -1.0162E+02 -3.7511E+01
0000455   3.7796E+02 -5.6930E+01  7.7349E+01
0000456   1.0680E+02 -1.8867E+02  5.8797E+01
0000457   7.4381E+01 -8.2862E-01 -2.9969E+02
0000458   3.0646E+02  2.2688E+01 -4.7958E+01
0000459   8.4604E+01 -2.3946E+02  7.0927E+01
0000460   2.9599E+02  1.3804E+02  3.1379E+02
0000461   4.3977E+02  5.6200E+00  7.0221E+01
0000462   3.2938E+02  2.9747E+01  8.0559E+01
0000463   3.8365E+02 -8.8751E+01  1.9961E+02
0000464   3.6017E+02  2.4563E+02  5.2643E+01
0000465   6.4455E+02 -1.7768E+01 -1.8132E+02
0000467   6.2916E+01  7.7583E+01  1.6581E+02
0000468   2.3381E+02 -3.8942E+01 -8.1931E+01
0000469   4.0944E+02 -3.7648E+00 -2.9873E+01
0000470   3.2128E+02 -2.3273E+02  9.6957E+00
0000471   1.0681E+02  3.0353E+01  5.8937E+01
0000474   8.2317E+01  1.4561E+02 -1.3068E+02
0000475   1.9496E+02 -1.9983E+02 -4.1255E+01
0000476   4.0390E+02 -1.8443E+02  2.3270E+02
0000477   6.1067E+02 -2.4220E+01 -9.7938E+01
0000478   3.7172E+02 -5.9635E+01 -2.3893E+02
0000479   3.0828E+02  1.3058E+02  2.1160E+02
0000480   3.6629E+02  2.1276E+02 -2.1738E+02
0000481   3.1659E+02 -1.4794E+02  2.3129E+01
0000482   3.6883E+02  1.3189E+02 -5.8162E+01
0000483   2.7632E+02 -1.3298E+02  1.1694E+02
0000484   2.5965E+02 -1.4664E+02 -1.7083E+02
0000485   4.5195E+02  1.5676E+02 -1.2908E+02
0000486   2.2734E+02 -1.4560E+02  1.2755E+02
0000487   1.7652E+02 -6.1110E+01 -3.1795E+01
0000488   1.9512E+02 -2.1814E+02 -2.7870E+02
0000489   1.9567E+02  2.1916E+01 -3.9304E+01
0000490   1.8321E+02 -4.4585E+01 -1.6728E+02
0000491   2.8321E+02 -6.7945E+01  7.4591E+01
0000492   3.3530E+02  1.8001E+02 -4.0445E+02
0000493   3.5109E+02 -3.0547E+01 -1.9199E+02
0000495   3.8250E+02  8.5944E+01  9.7063E+01
0000496   4.7879E+02  3.4644E+02  2.7360E+02
0000497   2.7629E+01  1.7553E+02  3.8541E+01
0000498   1.8538E+02 -1.2378E+02  1.6567E+02
0000499   2.3533E+02 -1.3307E+02 -3.5041E+02
0000500   3.1034E+02  1.6512E+02 -1.5228E+02
0000501   3.4430E+02  8.9866E+00 -2.0964E+02
0000502   2.9182E+02  2.5794E+02  1.8763E+02
0000503   2.0160E+02  1.9640E+02  7.1739E+01
0000504   2.6446E+02 -1.0009E+02  2.4416E+02
0000505   4.0968E+02 -1.2589E+02  3.2627E+02
0000506   4.8078E+02  1.2773E+02  1.0463E+02
0000507   3.0848E+02 -1.1282E+02  2.8910E+02
0000508   3.2038E+02 -1.0821E+02  4.4737E+00
0000510   4.6871E+02  2.6310E+02 -1.7864E+01
0000511   2.4984E+02 -7.3650E+01 -1.8829E+02
0000512   2.0425E+02  5.6874E+01  8.4650E+01
0000513   3.6955E+02  7.6637E+01  6.6745E+01
0000514   3.6696E+02 -2.3600E+02 -2.2407E+02
0000515   9.3778E+01 -6.1591E+01  1.4871E+01
0000516   3.3133E+02 -9.9761E+01 -2.6834E+02
0000517   2.2192E+02 -2.5271E+02 -1.1602E+01
0000518   4.0483E+02  1.8889E+02 -2.6655E+01
0000519   4.5528E+02 -3.4387E+01 -6.6497E+01
0000520   3.1948E+02 -1.0186E+02 -3.1322E+02
0000521   2.8596E+02 -9.4231E+01 -7.9637E+01
0000522   1.8182E+02 -1.6138E+02 -2.0709E+02
0000523   2.1166E+02  9.3943E+00  8.9804E+01
0000524   5.9970E+02  1.5750E+02 -1.7251E+02
0000525   1.7447E+02 -1.0824E+02  1.6928E+02
0000526   4.8478E+02 -2.0375E+02 -2.8589E+02
0000527   1.5115E+02  1.0912E+01 -1.4930E+02
0000528   3.3746E+02 -8.1237E+01 -1.4526E+02
0000529   6.1036E+01  2.7456E+02 -1.1493E+02
0000530   1.2718E+02 -1.5128E+02  4.9650E+01
0000531   6.5680E+01 -1.2187E+02 -6.6201E+01
0000532   3.6089E+02 -5.7909E+02 -2.3946E+02
0000533   4.2207E+02 -1.2558E+02 -9.2280E+01
0000534   3.4051E+02 -6.4512E+01  3.9884E+01
0000535   7.0425E+01 -8.6981E+01  1.1165E+01
0000536   4.3342E+02  1.8027E+01  2.6680E+02
0000537   4.0850E+01 -1.9465E+01  1.5463E+02
0000538   8.9063E+01  1.6932E+02  1.1268E+02
0000539   3.5080E+02  2.1270E+01  6.7206E+01
0000540   1.4241E+02  1.0046E+02  9.5850E+01
0000541   2.5658E+02 -1.7989E+02 -5.7126E+01
0000542   3.1498E+01  1.4037E+02 -1.1624E+02
0000543   3.5726E+02 -3.1637E+01 -1.1458E+02
0000544   2.2426E+02 -7.0313E+01  8.2489E+01
0000545   6.0893E+01  5.6473E+01  3.8615E+01
0000546   3.6869E+02 -3.1280E+01  2.4678E+02
0000547   3.2845E+02  1.1516E+02  2.2712E+02
0000548   4.8269E+02  2.1345E+02 -2.7176E+01
0000549   4.8417E+02 -3.2189E+02 -1.9754E+02
0000550   3.3136E+02 -2.0521E+00  3.2978E+02
0000551   9.5574E+01 -7.4273E+01 -5.9050E+00
0000552   2.7196E+02 -7.0187E+01 -1.8970E+02
0000553   2.7086E+02 -4.6087E+01  9.5848E+00
0000554   5.0737E+02 -1.1585E+02 -2.8903E+02
0000555   9.7274E+01 -8.7471E+00 -1.7947E+01
0000556   3.0594E+02  4.2613E+01  8.6499E+01
0000557   3.4473E+02  1.7865E+02  2.0429E+02
0000558   4.7633E+02 -8.9502E+01  7.0944E+01
0000559   1.0472E+02 -1.0392E+02  9.9532E+01
0000560   5.4234E+02  8.9595E+01 -6.7173E+00
0000561   1.4958E+02 -1.9526E+02 -1.7244E+02
0000562   2.7794E+02 -2.2402E+02 -2.2059E+02
0000563   3.0221E+02  6.6858E+01 -7.0763E+01
0000564   6.1511E+01 -4.0215E+01 -5.3313E+01
0000565   3.1186E+02  1.6277E+02  1.0477E+02
0000566   2.6718E+02 -2.5126E+02 -1.0977E+02
0000567   4.2870E+02  1.4301E+02 -2.3577E+02
0000568   1.8197E+02 -8.8324E+01 -6.6418E+01
0000569   1.3732E+02  1.6720E+02 -1.2677E+02
0000570   1.2954E+02 -6.8757E-01  2.4667E+02
0000572   1.9182E+02  1.4911E+02 -9.0379E+01
0000573   3.3105E+02  2.2240E+01 -2.3402E+01
0000574   8.7155E+01 -4.6268E+01 -4.3250E+01
0000576   2.7530E+01 -7.9370E+01  2.7523E+02
0000577   3.3639E+02  1.9722E+02 -1.7196E+01
0000578   7.1307E+01 -5.4100E+00 -1.0227E+02
0000580   2.3325E+02 -4.2297E+01  7.5491E+01
0000581   3.3726E+02 -2.7591E+02  3.6063E+01
0000582   2.3270E+00  1.2393E+02 -7.5713E+01
0000583   7.8718E+01  2.2183E+02 -3.5061E+01
0000584   6.5026E+02 -8.1802E+01  1.3297E+02
0000585   6.4160E+01  5.8611E+01 -2.4131E+02
0000586   1.9231E+02 -9.3804E+00 -1.2935E+02
0000587   5.8934E+02 -1.4231E+02 -1.2376E+02
0000588   6.2068E+02  1.5049E+01  3.0826E+01
0000589   3.2866E+02 -6.4778E+01  9.5116E+01
0000590   2.8415E+02  2.5998E+02 -2.1117E+02
0000591   1.9516E+02  1.2738E+02 -1.4929E+02
0000592   3.5503E+02  1.1470E+02  5.2963E+01
0000593   1.0699E+02 -2.2170E+02 -6.2146E+01
0000594   4.1141E+02 -1.3779E+02 -1.5650E+02
0000595   1.8363E+02  1.1564E+02  1.3145E+02
0000596   2.8651E+02 -1.5572E+02 -6.8482E+01
0000597   3.2458E+02 -1.6717E+02 -4.8873E+00
0000598   7.1725E+02 -1.4278E+02  8.7269E+01
0000599   4.5175E+02  1.5856E+02  5.6121E+01
0000600   5.7337E+02  1.1879E+02 -2.4028E+02
0000601   2.9798E+02 -4.4681E+02  1.9531E+02
0000602   5.2291E+02 -1.1611E+02  1.7699E+02
0000603   3.8658E+02 -1.6000E+02  1.8258E+01
0000604   3.7131E+02 -2.0087E+02  6.2694E+01
0000605   1.7143E+02  1.0500E+02 -6.3788E+01
0000606   2.6698E+02 -2.2412E+02 -8.7990E+01
0000607   1.6284E+02  2.7941E+02  1.0395E+01
0000608   2.1803E+02  1.0752E+02  8.6337E+01
0000609   1.3665E+02 -3.0562E+01  3.7772E+01
0000610   2.2816E+02 -1.4851E+02  1.2552E+02
0000611   5.2002E+02  2.9464E+02  1.1492E+02
0000612   3.6083E+02 -9.3495E+00 -1.7273E+02
0000613   1.2976E+02  1.1417E+02  1.3715E+02
0000614   3.1015E+02 -1.4726E+01 -1.2186E+02
0000615   2.0069E+02 -3.8274E+02  2.3748E+02
0000617   1.5975E+02  2.1613E+01 -1.4120E+02
0000618   4.1768E+01  5.6326E+01  8.3829E+01
0000619   5.0626E+02  2.5627E+02 -1.7076E+02
0000620   1.1080E+02  8.2562E+01 -1.1231E+02
0000621   5.5596E+02 -2.9065E+00  5.4800E+01
0000622   5.6359E+02 -1.5890E+02  5.9865E+01
0000624   2.9377E+02  2.9569E+02  2.8208E+02
0000625   5.9291E+02  1.3457E+02 -3.5658E+02
0000626   3.6189E+02 -1.0126E+02  2.3230E+02
0000628   6.3265E+02 -7.0606E+01  1.2505E+02
0000629   2.9118E+02 -2.0116E+02 -4.7327E+02
0000630   3.7691E+02  2.9784E+01  5.0449E+01
0000631   1.0211E+02 -8.3262E+01  3.0458E+02
0000632   2.0917E+02 -7.0896E+01  1.7845E+01
0000633   3.4328E+01 -2.1891E+02 -4.9223E+01
0000634   4.7550E+02 -9.0896E+01 -2.4623E+02
0000635   1.7379E+02  1.3756E+02 -1.0419E+01
0000636   4.3237E+02  1.5226E+02  2.4665E+02
0000637   3.4693E+02  6.8207E+01 -1.6572E+01
0000638   3.3396E+02  1.8359E+02 -1.8980E+02
0000640   3.2014E+02 -9.2273E-01  1.4490E+02
0000641   2.7283E+02 -2.8384E+01  8.2445E+01
0000642   1.7692E+02 -1.8434E+02 -2.1304E+01
0000643   3.4070E+02  2.5260E+02  9.7910E+01
0000644   2.3019E+02  7.0101E+01 -1.4478E+01
0000645   6.3506E+02 -3.0732E+01  7.8081E+01
0000646   1.4960E+02 -1.0539E+01 -3.4608E+01
0000647   7.5213E+01  8.6503E+01 -5.8510E+01
0000648   4.1186E+02 -3.5490E+01 -1.2578E+02
0000649   2.3306E+02  1.5704E+02 -2.0193E+02
0000650   1.2847E+02 -2.1422E+02 -1.1799E+02
0000651   2.7242E+02  2.8183E+02 -3.8942E+01
0000652   3.4297E+02 -2.2739E+02 -4.4539E+01
0000653   1.9112E+02 -1.3903E+02  1.6346E+02
0000654   3.1006E+02 -1.4361E+02 -3.1749E+02
0000655   2.7565E+02  6.8612E+01 -1.8975E+02
0000656   2.0865E+02  3.3388E+01  8.5367E+01
0000657   2.6755E+02 -1.7631E+02 -5.4838E+01
0000658   3.7783E+02 -4.2784E+02  1.0341E+02
0000659   5.8457E+01  6.1548E+01 -3.2905E+01
0000660   1.8378E+02  1.4200E+02  3.7698E+02
0000662   3.0883E+02 -2.3953E+02  1.1011E+02
0000663   7.8828E+01 -1.5276E+02  1.5477E+00
0000664   3.4505E+02  2.3177E+02 -2.2776E+02
0000665   4.8509E+01  1.9469E+02 -1.2511E+02
0000666   3.6419E+02 -2.8572E+01 -7.3641E+01
0000667   3.8188E+01  3.6248E+02  1.0209E+02
0000668   3.3584E+02 -1.1980E+02 -1.3904E+02
0000669   8.3658E+01  2.4213E+02 -2.6434E+01
0000670   2.8205E+02  3.4076E+01  1.9234E+01
0000671   4.0268E+01  7.7259E+01 -1.6231E+02
0000672   3.7683E+02 -2.4189E+02  1.2915E+02
0000673   1.0709E+02 -1.6280E+02  1.3015E+02
0000674   2.3445E+02 -2.1759E+01 -2.3418E+01
0000675   5.7081E+02  5.4600E+01 -1.0551E+02
0000676   2.7177E+02  5.7969E+01 -4.7928E+01
0000677   1.8954E+02 -1.6690E+02 -1.9611E+02
0000678   3.7938E+02  2.2525E+02 -3.0703E+02
0000679   2.8972E+02 -6.7839E+01 -1.3714E+02
0000680   6.7324E+02 -1.2835E+01 -1.4597E+02
0000681   5.2103E+02  3.2440E+02 -3.1522E+02
0000683   5.4839E+02 -1.1748E+02  1.0124E+02
0000684   1.4817E+02 -9.4825E+01  7.4047E+01
0000685   4.4000E+02 -1.1853E+02  3.2941E+02
0000686   3.2241E+02 -2.7864E+02  7.1977E+01
0000687   2.5918E+02  9.9641E+01  1.1005E+02
0000688   1.0470E+02  5.8246E+01 -7.0464E+01
0000689   4.1467E+02  1.1764E+02 -1.4401E+02
0000690   3.2505E+02 -1.4747E-01 -2.3558E+02
0000691   5.8903E+01 -3.3116E+02  3.8417E+02
0000692   2.3764E+02 -3.0432E+02  7.2391E+01
0000693   3.0214E+02  1.3033E+02 -6.0466E+01
0000694   1.6748E+02  6.6507E+01 -1.0464E+02
0000696   2.8527E+02 -2.4566E+01  6.1360E+00
0000697   5.2654E+02  2.2661E+02  1.0747E+01
0000698   3.5812E+02  3.0106E+02 -7.2012E+00
0000699   5.1365E+02  1.4674E+02 -3.0200E+02
0000700   9.6165E+01  9.2553E-01  9.3448E+01
0000701   4.5583E+02 -1.4610E+02  6.1608E+01
0000702   3.9137E+02  1.3518E+01  2.2263E+02
0000703   3.3511E+02  1.1607E+02  8.7880E+01
0000704   7.8900E+00 -2.9477E+01 -1.8587E+02
0000705   5.6862E+02  3.2192E+01 -1.2696E+02
0000706   5.7259E+02 -1.1784E+02  5.7393E+01
0000707   1.0121E+02  3.1103E+02  1.4920E+02
0000708   1.2567E+02 -1.8575E+02 -6.2049E+01
0000709   4.4434E+02  1.2157E+02 -2.2033E+02
0000711   4.1934E+02 -1.4251E+02 -4.5707E+01
0000712   2.0342E+02  8.6507E+01 -9.4939E+01
0000714   2.3996E+02 -7.2404E+00  1.6490E+01
0000715   5.3212E+02  5.0466E+01 -1.4790E+02
0000716   1.8937E+02 -2.5056E+02  9.8212E+01
0000718   5.6072E+02  7.1023E+01  3.1896E+01
0000719   2.4917E+02  3.1709E+02 -1.3778E+02
0000720   4.2402E+02  1.2461E+02 -9.5900E+01
0000721   3.2424E+02  3.1752E+01  1.4177E+02
0000722   9.6427E+01  8.7257E+01 -7.0702E+01
0000723   2.7710E+02  1.1360E+02  8.1545E+01
0000724   2.8734E+02  1.6156E+02  2.3451E+02
0000725   4.3774E+02  2.2548E+02  1.0637E+02
0000726   4.7533E+02 -4.6776E+01  6.9930E+01
0000727   1.7087E+02 -1.2442E+01 -3.1790E+02
0000728   2.3382E+02 -1.6657E+02  3.5595E+00
0000729   3.0070E+02  7.6204E+01 -3.2038E+02
0000730   5.0518E+02  2.1124E+02 -1.0532E+02
0000731   4.9261E+02 -3.2053E+02 -1.6699E+02
0000732   1.3143E+02 -7.4401E+00  2.1776E+01
0000733   2.4060E+02  1.5193E+02 -7.4610E+01
0000734   3.9177E+02 -2.0576E+02 -1.2159E+02
0000736   4.6216E+02  2.5487E+02 -1.4910E+02
0000737   2.8069E+02  5.7919E+01 -1.7547E+02
0000738   3.3000E+02  3.4415E+02 -2.2592E+02
0000739   4.5487E+02  5.1218E+01  2.4263E+02
0000740   1.9079E+02 -6.1965E+01 -1.1055E+02
0000741   3.7181E+01  2.2249E+01  1.6642E+02
0000742   7.2922E+01  1.7193E+02  9.0579E+01
0000743   3.0280E+02 -8.0108E+01 -2.2852E+02
0000744   3.3534E+02 -3.3475E+02 -1.1300E+02
0000745   2.5676E+02 -1.5002E+02  3.5495E+01
0000746   2.8959E+02 -3.5366E+00  3.7649E+01
0000747   1.2700E+02  1.4704E+01  4.8801E+01
0000748   1.5228E+02 -2.0084E+02 -1.9130E+01
0000749   1.6967E+02  2.8734E+00  2.3695E+02
0000750   4.2949E+02  7.5487E+01 -2.7135E+02
0000751   2.7189E+02 -5.5682E+01  1.1315E+02
0000752   5.4186E+02 -1.1472E+02  1.9323E+02
0000753   5.4069E+01 -9.8288E+01  4.1546E+02
0000754   3.5515E+02 -2.1757E+02 -6.0598E+00
0000755   1.6759E+02 -1.7667E+01 -4.3686E+02
0000756   3.5122E+02 -3.6891E+02 -2.5036E+02
0000757   2.4463E+02 -1.5913E+02  6.0887E+01
0000758   1.7137E+02  1.8509E+02  8.8591E+01
0000759   4.6468E+02 -1.3627E+01  2.3061E+02
0000760   4.1257E+02  1.6309E+02  1.5200E+02
0000761   1.6600E+02 -1.4246E+02  2.9238E+02
0000762   4.6871E+02  3.9129E+02 -2.5206E+00
0000763   1.4361E+02 -1.2694E+02 -4.9874E+01
0000764   3.1799E+02  2.3562E+02 -4.2036E+01
0000765   3.3691E+02 -3.3985E+02  2.3275E+02
0000766   5.1236E+02 -2.8801E+01  1.7483E+02
0000767   2.8292E+02  3.1702E+00  1.5819E+02
0000768   2.9458E+02 -5.0408E+01  1.2906E+02
0000769   1.8296E+02  3.6537E+00  3.1002E+02
0000770   2.4200E+02  3.5697E+02  1.4580E+01
0000771   4.7806E+02 -2.8840E+01  9.9246E+01
0000772   7.9664E+01  1.0984E+02  1.5664E+02
0000773   4.0679E+02  7.0028E+01  2.1048E+02
0000774   3.8218E+02  2.2691E+02 -5.6017E+01
0000775   5.9006E+02  6.5336E+01 -2.5582E+02
0000776   3.3279E+02 -2.6244E+00 -1.3622E+02
0000777   2.7113E+02 -5.1820E+01 -1.8561E+02
0000778   1.9864E+02 -2.2365E+01 -1.2937E+02
0000779   6.3550E+02  5.8172E+01  3.2351E+02
0000780   1.5488E+02 -1.1131E+02 -4.3748E+01
0000781   1.6697E+02  2.0173E+02  7.2489E+00
0000782   2.8484E+02 -2.7990E+01  1.5063E+02
0000783   2.8522E+02  1.6737E+02  1.0327E+01
0000784   3.4652E+02  1.1394E+02 -7.7765E+01
0000785   2.6762E+02 -1.2783E+02 -2.8650E+02
0000786   3.3790E+02  3.4111E+01 -1.0549E+02
0000787   3.5216E+02  2.1959E+02  1.0802E+02
0000788   3.3593E+02  2.5453E+02 -2.0270E+01
0000789   1.7915E+02 -2.1540E+01 -1.4117E+02
0000790   6.4271E+02  2.2506E+01  1.0342E+00
0000791   3.4105E+02 -2.1810E+02 -8.1797E+01
0000792   3.3920E+02  1.5632E+02  9.5260E+01
0000793   7.5717E+01 -6.2150E+01  2.9748E+01
0000794   4.1281E+02  1.2678E+02  1.0097E+02
0000795   3.8550E+02  2.2521E+02 -1.0316E+02
0000796   1.7546E+02 -8.9624E+01  2.6405E+01
0000797   7.5864E+01  4.5691E+01  1.9756E+02
0000798   4.2712E+02 -2.0785E+02  7.8410E+01
0000799   1.0386E+02 -1.3858E+02  1.2831E+02
0000800   1.4872E+02 -1.1213E+02  1.6961E+02
0000801   4.3316E+02 -7.7858E+01  1.0985E+02
0000802   1.8547E+02  3.4092E+01  1.9367E+02
0000803   4.2391E+02  9.1434E+01 -2.5023E+01
0000804   4.6294E+02  7.1742E+01 -7.3541E+01
0000805   4.1003E+02  6.9316E+01 -1.7523E+02
0000806   4.9869E+02  1.6017E+02 -1.6063E+02
0000807   5.6944E+02  1.9403E+02 -1.0968E+02
0000808   1.3286E+02 -1.4006E+01 -4.0444E+02
0000809   5.1524E+02 -8.8361E+01 -2.4177E+02
0000810   2.9675E+02 -1.4811E+02  5.2063E+01
0000811   8.4376E+01  3.6517E+02 -2.4915E+01
0000812   5.5381E+02  2.2244E+02  1.1956E+02
0000813   2.8029E+02 -4.9615E+01  1.4361E+02
0000814   1.8663E+02  1.7432E+02 -1.0458E+01
0000815   4.7349E+01 -1.2591E+02 -1.4012E+02
0000816   1.2396E+02  1.6765E+02 -1.7495E+02
0000818   1.4526E+02  2.1832E+01  9.3163E+01
0000819   2.6627E+02  2.9545E+02 -2.5533E+01
0000820   5.5335E+01  1.8047E+02 -8.7764E+00
0000821   4.3845E+02 -3.0396E+02  2.8412E+01
0000822   4.2765E+02 -1.1087E+02 -1.7019E+01
0000824   1.0193E+02  2.2099E+02  3.9971E+01
0000825   2.8173E+02 -1.5957E+02 -2.5228E+02
0000827   3.7918E+02  3.1421E+01  9.7927E+01
0000828   4.2865E+01 -1.2708E+02 -1.4688E+02
0000829   4.4092E+02 -5.1666E+01  3.1543E+01
0000830   1.1406E+02  1.6199E+02 -5.5862E+01
0000831   3.6867E+02  3.3889E+02  2.1972E+02
0000832   4.4529E+02  1.5846E+02 -8.1450E+01
0000833   5.0312E+02 -4.5684E+01  1.7867E+02
0000834   1.6561E+02  1.0268E+02 -2.0050E+02
0000835   3.2901E+02  2.5242E+02  6.9403E+01
0000836   2.4681E+02  3.1616E+02 -3.7535E+01
0000837   3.3046E+02  1.4481E+02  2.2800E+01
0000838   2.2005E+02  8.8608E+01  1.4000E+01
0000839   1.8612E+02 -1.2567E+02 -4.4014E+00
0000840   2.3305E+02  7.9500E+01  1.5279E+02
0000841   3.0552E+02  4.2470E+01  1.4722E+02
0000842   5.0922E+02  2.2040E+02 -2.3671E+02
0000843   4.2800E+02  3.0350E+01 -2.6837E+01
0000844   3.8248E+02  5.1006E+01  7.2530E+01
0000845   3.3754E+01 -1.2378E+01  1.0944E+02
0000846   1.9867E+02  9.7171E+01 -1.2229E+02
0000847   1.7147E+02 -2.0643E+02  2.2231E+02
0000848   1.0632E+02 -1.2517E+02 -1.3033E+01
0000849   4.6224E+02 -2.1889E+02  9.8305E+01
0000850   3.6164E+02 -4.4790E+02  1.4697E+02
0000851   3.4966E+02  2.1535E+02  4.3175E+01
0000852   4.4729E+02 -2.5503E+01  2.0101E+02
0000853   4.8684E+02 -1.3415E+02 -3.6924E+01
0000854   6.0419E+02 -1.9844E+02  6.0717E+01
0000855   3.0571E+02 -2.0091E+02 -1.4647E+02
0000856   1.0072E+02 -1.7960E+02 -3.3854E+02
0000857   6.9142E+01 -2.4381E+02  1.4275E+02
0000858   1.0080E+02 -1.7278E+02  6.0029E+01
0000859   3.1231E+02 -4.1800E+01 -4.2811E+01
0000860   4.9308E+02 -2.6682E+02  3.6998E+01
0000861   2.3159E+02 -4.9473E+01  6.9022E+01
0000862   2.5008E+02  1.0791E+02  2.1509E+02
0000863   5.5725E+02  1.1359E+02 -9.0527E+01
0000864   1.5152E+02  1.8245E+02 -1.6766E+02
0000865   2.6359E+02 -7.3682E+01 -6.7530E+01
0000866   3.6279E+02  1.9288E+02 -1.1421E+02
0000867   1.4322E+02 -3.1855E+02  5.4085E+01
0000868   1.4827E+02  2.4502E+02 -1.0892E+02
0000869   3.6959E+02  2.1454E+02  1.3707E+02
0000870   2.0146E+02 -2.2278E+02 -1.0712E+02
0000871   4.7978E+02  1.6788E+02  3.3886E+01
0000872   2.7565E+02 -1.8031E+01  1.4360E+02
0000873   2.2898E+02 -1.0774E+02  2.0564E+00
0000875   4.1847E+01  1.4999E+02  9.7284E+01
0000876   4.3409E+02  3.8164E+02 -2.7257E+01
0000877   3.1365E+02 -1.3917E+02 -1.0174E+02
0000878   3.5182E+02  2.1347E+02 -3.7123E+02
0000879   3.6798E+02  1.4690E+02 -1.7785E+02
0000880   3.9096E+02  7.2430E+01 -7.5687E+01
0000881   1.6311E+02 -8.4080E+01  5.2045E+01
0000882   3.2323E+02 -6.5199E+01  1.9186E+02
0000883   3.9607E+02 -4.4909E+01  8.2700E+01
0000885   2.2905E+02  1.5743E+02  4.1826E+02
0000886   5.0389E+02 -1.2512E+02 -1.4799E+02
0000887   2.3555E+02 -7.8506E+01  2.2562E+02
0000888   2.8095E+01 -1.0115E+02 -8.3003E+01
0000889   3.3747E+02  4.8835E+01  3.3385E+01
0000890   1.4280E+02 -9.5149E+01 -1.8266E+02
0000891   1.9599E+02  2.3901E+02  7.3390E+01
0000892   1.1507E+02 -5.2941E+01 -1.8894E+02
0000893   5.0772E+02 -1.4335E+02 -7.7942E+01
0000894   1.6222E+02 -4.4185E+01  2.4240E+02
0000895   3.5122E+02 -4.9718E+01 -1.0553E+02
0000896   3.7180E+02  2.2620E+02  8.6021E+01
0000897   2.9042E+02 -4.2263E+01 -1.6182E+02
0000898   1.8027E+02 -3.7607E+02  5.4276E+01
0000899   2.8156E+02 -1.9653E+01  1.8177E+02
0000900   2.8110E+02 -9.7431E+01 -1.5750E+02
0000901   3.0567E+02  1.2039E+02  1.4449E+02
0000902   1.4464E+02  1.7493E+02  1.8824E+01
0000904   3.4941E+02 -2.3500E+02 -4.5519E+01
0000905   3.3959E+02  1.1789E+02  1.2930E+02
0000906   5.5664E+02 -2.5035E+02 -2.9271E+01
0000907   5.6368E+02 -1.2751E+02  1.7957E+01
0000908   5.1195E+02 -8.2042E+01 -8.4432E+01
0000909   7.8989E+01 -3.9730E+00 -2.7161E+00
0000910   2.4558E+02  1.0125E+02 -4.0237E+01
0000911   1.6279E+02 -1.1563E+02  9.5379E+01
0000912   4.9640E+02 -2.1028E+02  1.5499E+02
0000913   3.3638E+02  1.5461E+02 -5.9897E+01
0000914   2.7697E+02 -1.6922E+02 -3.3914E+02
0000915   1.0627E+02 -1.5206E+02  7.5429E+01
0000916   1.8071E+02 -8.4670E+01 -3.8796E+01
0000917   1.9254E+02  1.4846E+02  7.6706E+01
0000919   2.0169E+02 -6.7517E+01 -9.2231E+01
0000920   9.1775E+01 -2.0999E+02  5.9868E+01
0000921   1.3989E+02  2.5973E+02  4.0632E+02
0000922   1.3086E+01 -2.0730E+02 -1.0226E+02
0000923   3.9859E+02 -2.1799E+02  2.7119E+02
0000924   3.3836E+02 -3.1202E+02 -1.4097E+02
0000925   1.5871E+02  8.3547E+01 -6.9220E+01
0000926   4.6137E+01 -8.6877E+01 -1.7215E+02
0000927   2.6918E+01  8.8428E+01  7.1366E+01
0000928   5.4957E+02  1.0603E+02 -2.1284E+02
0000929   3.3150E+02 -4.2649E+02 -3.5778E+02
0000930   2.9716E+02  6.9372E+01  3.4673E+02
0000931   3.9550E+02 -1.8606E+02  3.2960E+02
0000932   3.4917E+02  1.4171E+01 -2.5662E+01
0000933   5.4173E+02  1.7921E+01 -9.6495E+01
0000934   3.2748E+02  9.7945E+01  3.5906E+01
0000935   3.3486E+02 -4.7316E+00  1.6835E+02
0000936   5.5200E+02 -2.3057E+02 -2.1658E+02
0000937   4.3064E+02  1.3598E+02 -1.7859E+02
0000938   4.9656E+02  1.9692E+02  1.4814E+02
0000939   5.9538E+01 -3.7836E+01  3.1408E+02
0000940   1.3509E+02 -1.5549E+02 -4.1525E+01
0000941   4.4827E+02 -1.2407E+02 -1.4800E+02
0000942   2.1708E+02 -1.5133E+02  2.6615E+02
0000943   7.2337E+01  2.5629E+02  1.8801E+01
0000944   5.8266E+02  5.6115E+01  1.6779E+02
0000945   1.2496E+02  6.9372E+01 -7.8450E+01
0000946   2.7856E+02  5.8913E+01  1.7962E+01
0000947   3.4634E+01  2.6417E+01 -1.7084E+00
0000948   4.4044E+02 -1.8481E+01 -2.4328E+02
0000949   1.3543E+02  1.2439E+02  7.3395E+01
0000950   1.3112E+02 -1.5571E+02 -4.8531E+01
0000951   2.6996E+01 -3.2876E+01  1.6475E+02
0000952   4.5624E+02  1.7526E+01 -3.2429E+02
0000954   4.5019E+02 -1.8051E+02 -1.2065E+02
0000955   3.4979E+02  1.0911E+02  7.9325E+01
0000956   2.7769E+02  1.2467E+01  6.0769E+01
0000957   4.3452E+02 -1.9547E+02  2.8018E+02
0000958   2.0994E+02  2.2453E+02  3.1070E+02
0000959   7.2688E+01  4.0255E+01  3.4361E+01
0000960   4.9683E+02  2.9496E+02 -1.6800E+02
0000961   1.3577E+02  1.0032E+02  2.0849E+02
0000962   6.9091E+01 -5.0516E+01 -1.9539E+02
0000963   2.9803E+01 -2.5494E+02 -4.8165E+00
0000964   2.9214E+02 -4.1563E+02  1.8690E+02
0000965   1.4982E+02 -3.2569E+01 -3.9702E+01
0000966   3.0755E+02  2.4769E+01 -1.5210E+02
0000967   3.1374E+02 -2.1962E+02  1.3148E+02
0000968   9.8382E+01 -7.1121E+01 -2.0101E+02
0000969   3.6006E+02 -1.9338E+02 -7.3946E+01
0000970   3.3209E+02  1.1733E+02 -1.1554E+02
0000971   5.6916E+01 -1.8832E+01  7.4053E+01
0000972   4.7051E+02  7.1397E+01 -1.9929E+02
0000973   1.0503E+02 -1.0769E+02  1.0064E+02
0000974   3.8230E+02  2.3999E+02 -7.0054E+01
0000975   1.3270E+02  9.5167E+01  1.0070E+02
0000976   4.4562E+02 -3.8087E+01  7.7319E+01
0000977   6.1517E+01  3.7855E+01  2.6941E+01
0000978   5.5587E+02  3.5177E+01  1.2482E+02
0000979   4.2749E+02  2.3491E+02 -4.2468E+02
0000980   5.2845E+02 -7.2300E+00  1.0800E+02
0000981   2.7382E+02  2.6901E+02 -1.5662E+02
0000982   4.9693E+01  1.2828E+02 -1.4430E+02
0000984   1.8287E+02 -1.4715E+02 -2.2376E+02
0000985   8.3392E+01 -1.0488E+02  3.1762E+02
0000986   3.1602E+02 -2.4018E+01  3.8952E+01
0000987   3.1795E+02  5.5170E+01  2.6744E+01
0000988   1.7434E+02  3.4239E+01 -1.2292E+02
0000989   4.5930E+02  2.2380E+02 -1.6407E+02
0000990   2.1412E+02 -2.2977E+02  1.1883E+02
0000991   2.4530E+02  6.4647E+01  1.2400E+02
0000992   2.4335E+02  2.2840E+02 -6.9154E+01
0000993   3.0042E+02  2.3522E+01 -9.9272E+01
0000994   4.1155E+01  5.8727E+01 -1.1610E+02
0000995   4.8102E+02  1.3459E+02 -1.9558E+02
0000996   5.3350E+02 -3.4636E+02  1.2957E+02
0000997   1.8783E+01  3.1281E+02  1.1182E+02
0000998   4.8567E+02 -2.7449E+02  9.6077E+01
0000999   2.9872E+02  1.0013E+02  2.4908E+02
0001000   1.3669E+02 -3.9612E+01 -1.2016E+02
