============================== SRIM-2013.00 ==============================
==============================================================================
====== SRIM Outputs\RANGE_3D.txt : File of Final Ion Positions =====

Ion =  F (09)   Ion Mass= 018.9984
Energy  = 3000000.E-05 keV
Ion Angle to Surface = 00.0 degrees
==================== TARGET =======================
  Layer # 1 - None
  Layer # 1 - Bottom Depth=500000.E-01 A
  Layer # 1 - Density =0007.8700 g/cm3
  Layer # 1 -  100 % of Fe
ÍÍÍÍÍÍÍÍÍÍÍÍÍÍÍÍÍÍÍÍÍÍÍÍÍÍÍÍÍÍÍÍÍÍÍÍÍÍÍÍÍÍÍÍÍÍÍÍÍÍÍÍ
                                            
Ion       Depth  X   Lateral Y   Lateral Z  
Number    (Angstrom) (Angstrom)  (Angstrom) 
-------  ----------- ----------- -----------
0000001   3.6102E+02 -3.2779E+02  2.0556E+02
0000002   1.5005E+02 -3.7187E+01  1.5569E+02
0000003   2.5496E+02 -7.2657E+01  1.3470E+02
0000004   4.0755E+02  3.8960E+01 -8.0617E+01
0000005   2.8634E+02  4.6224E+02  2.5222E+02
0000006   3.0445E+02  8.1818E+01 -2.9441E+01
0000007   2.2973E+02 -3.8972E+01  2.6140E+02
0000008   2.1866E+02  2.2067E+02  1.5076E+02
0000009   1.5577E+02  3.0852E+02 -3.7635E+01
0000010   1.3529E+02  1.0088E+02 -6.1584E+01
0000011   6.9598E+01  4.9135E+01  1.2192E+02
0000012   2.7434E+02 -4.8056E+01  1.1310E+02
0000013   3.1597E+02  2.9045E+01  1.2184E+02
0000014   3.4880E+02  9.4387E+01 -1.0934E+02
0000015   3.5351E+02  1.5082E+02 -6.7348E+01
0000016   3.2908E+02 -3.4426E+01 -4.3406E+01
0000017   4.9898E+02  8.6110E+01 -2.1197E+02
0000018   4.0715E+02  5.5126E+01 -1.9678E+02
0000019   6.0918E+02 -1.0264E+02  4.2012E+01
0000020   4.4417E+02 -1.3018E+02 -5.9845E+01
0000021   3.3056E+02 -1.3117E+02 -1.3564E+02
0000022   2.3813E+02  3.6501E+01  3.2363E+02
0000023   2.7618E+02 -8.1636E-01 -8.9130E+01
0000024   2.4750E+02 -6.9867E+00  1.3037E+02
0000025   1.6886E+02 -2.1265E+02  2.0369E+02
0000026   1.9900E+02  1.2491E+02  2.0098E+02
0000027   1.4533E+02 -3.9409E+01  1.8670E+01
0000028   5.2251E+02 -6.1703E+01  1.9656E+02
0000029   2.7972E+02  2.7913E+01  5.5653E+01
0000030   8.9691E+01  2.4366E+01  2.3556E+02
0000031   2.0657E+02  2.7159E+02 -1.1580E+02
0000032   8.5852E+01 -2.5050E+02 -1.3081E+02
0000033   3.0184E+02 -1.1660E+01  1.2126E+02
0000034   4.0515E+02 -1.9467E+02  1.7654E+02
0000035   1.1230E+02  5.0654E+01 -3.0214E+02
0000036   4.7069E+02 -1.0576E+02 -4.4674E+01
0000037   2.6575E+02  9.7789E+01 -1.0469E+02
0000039   3.1496E+02  1.0401E+02  9.5690E+01
0000040   4.8381E+02 -1.1267E+02 -9.0151E+01
0000041   2.2657E+02 -2.4402E+01  2.2194E+02
0000042   1.8769E+02  3.5132E+02 -2.0478E+02
0000043   6.7439E+01  1.3667E+02  1.1216E+02
0000044   2.7332E+02  1.1431E+02 -3.0256E+02
0000045   2.6583E+02 -2.3202E+01  6.2673E+01
0000046   4.6788E+02  4.2581E+02  5.0206E+01
0000047   4.8884E+02  1.8474E+02 -1.4085E+02
0000048   1.6047E+02  1.4777E+02 -1.1688E+02
0000049   2.8637E+02 -2.1498E+02 -1.6692E+02
0000050   5.1624E+02  4.8325E+01  7.0796E+01
0000051   3.7134E+02  5.8986E+01 -1.0478E+02
0000052   7.3169E+01 -9.5772E+01 -1.1181E+02
0000054   2.1715E+02 -3.4368E+01  3.9421E+01
0000055   4.6011E+02 -2.2212E+02 -4.1571E+01
0000056   1.6283E+02  5.6072E+01  8.6508E+01
0000057   1.8165E+02 -2.5939E+02 -1.2820E+02
0000058   3.0060E+02 -1.1699E+02  2.0598E+02
0000059   4.0179E+02  1.1743E+02 -1.0921E+02
0000060   1.5846E+02 -2.6430E+02 -4.3901E+01
0000061   5.3603E+02 -2.6856E+02 -8.8433E+01
0000062   1.8439E+02  9.1485E+00 -2.5484E+02
0000063   3.2204E+02  9.8759E+01  9.4725E+01
0000064   4.3859E+02  9.1418E-01 -2.4911E+02
0000065   4.0977E+02  1.9991E+02 -1.5163E+02
0000066   2.2100E+02  5.2787E+01  2.0424E+02
0000067   5.1811E+02  3.8586E+02  2.7895E+00
0000068   1.1600E+02  6.0050E+01 -7.2761E+00
0000069   3.0832E+02 -7.0375E+00  1.4527E+02
0000070   6.9641E+02  8.9155E+01 -1.0732E+02
0000071   3.6519E+02 -8.4011E+01  1.7371E+02
0000072   3.0592E+02  1.0430E+01 -1.3380E+02
0000073   2.6326E+02 -7.4072E+01 -5.7435E+01
0000074   1.2727E+02  1.3197E+01 -1.2413E+02
0000075   4.0857E+02  5.9962E+01  6.3635E+01
0000076   5.1742E+02 -2.0538E+01 -4.8294E+01
0000077   3.0949E+02 -1.8580E+02  3.4957E+01
0000078   4.3267E+02 -4.2043E+01  8.6109E+01
0000079   2.3493E+02 -2.4022E+02 -1.9918E+02
0000080   1.4889E+02 -3.5961E+01  1.3854E+02
0000081   6.7256E+02 -1.7881E+02 -1.2197E+02
0000083   3.4384E+02  1.1546E+02  3.2023E+01
0000084   1.3715E+02  2.5808E+02 -3.2186E+01
0000085   3.3907E+02  8.9915E+01  1.6835E+02
0000086   2.1478E+02 -2.2872E+02 -8.3894E+01
0000087   1.2695E+02 -2.7873E+01 -4.3363E+01
0000088   2.9352E+02 -4.0726E+02  8.5302E+01
0000089   1.7090E+02  1.2261E+02  8.9844E+01
0000090   3.3908E+02 -5.3135E+02  4.4625E+01
0000091   5.5450E+02 -2.5399E+02  3.0926E+02
0000092   2.8739E+02  2.5352E+01 -5.6003E+01
0000093   1.5398E+02 -1.0154E+02 -1.5911E+01
0000094   3.2135E+02  7.3939E+01  1.9306E+02
0000096   4.5564E+02  1.7181E+02 -5.4735E+01
0000097   4.6860E+02  2.0483E+02  1.8492E+02
0000098   4.0020E+02  1.0655E+02  2.4617E+02
0000099   7.3067E+01 -3.7004E-01  9.1103E+01
0000100   3.6315E+02 -1.9684E+02 -2.6976E+02
0000101   2.0653E+02 -9.4061E+00 -2.7162E+00
0000102   5.2363E+02 -1.3168E+02 -2.3509E+00
0000103   2.1352E+02 -1.2464E+02  1.1641E+02
0000104   5.0327E+02 -1.8987E+02 -6.4087E+01
0000105   2.8505E+02 -2.5446E+01 -1.2023E+02
0000106   1.4661E+02  4.2188E+01  2.1334E+01
0000107   1.3684E+02  8.4014E+01 -8.9713E+01
0000108   1.6694E+02  1.3325E+01 -2.0366E+00
0000109   8.5501E+01  1.9862E+02 -1.8023E+02
0000110   3.7227E+02 -2.1148E+02  7.0385E+01
0000111   1.9030E+02 -1.9693E+02 -8.6261E+01
0000112   4.8776E+02 -1.3974E+02 -1.0668E+02
0000113   4.6351E+02  2.0455E+02  3.8444E+02
0000114   4.1788E+02 -1.9501E+02 -8.1225E+01
0000115   1.2692E+02 -2.0719E+02  8.5425E+01
0000116   2.3138E+02 -2.4718E+02 -9.6772E+01
0000117   2.5501E+02 -2.5930E+02 -1.7325E+02
0000118   3.4078E+02 -4.1243E+01  1.9258E+02
0000119   2.8896E+02 -9.4270E+01 -2.0729E+02
0000120   1.7129E+02  6.4022E+00 -1.6373E+02
0000121   1.2662E+02  1.6678E+02  2.9160E+01
0000122   2.2776E+02  1.6123E+02  8.8749E+01
0000123   2.4650E+02 -6.3967E+01  8.0512E+01
0000124   1.8515E+02 -9.2205E+00  9.1492E+01
0000127   2.9756E+02  5.8241E+01  4.6401E+01
0000128   3.1321E+02  1.6994E+02  2.1990E+02
0000129   4.1224E+02 -1.0860E+01  2.8341E+02
0000131   4.0063E+02 -9.9213E+01  2.5399E+01
0000132   8.0442E+01 -3.4378E+02  1.1472E+02
0000133   4.1182E+02  6.6743E+01  1.2219E+02
0000134   3.2983E+02 -1.0577E+02  1.8935E+02
0000135   1.8078E+02  3.1672E+02 -9.5704E+01
0000136   1.7447E+02  1.6375E+02 -1.4491E+01
0000137   1.0388E+02 -3.5525E+02  1.9990E+02
0000138   2.8654E+02 -3.8791E+01 -8.0743E+01
0000139   1.2875E+02 -1.7707E+01 -9.6350E+01
0000140   1.7669E+02 -6.3715E+01  5.1981E+02
0000141   1.6112E+02 -2.0446E+02  5.5027E+01
0000142   1.9398E+02 -1.0686E+02 -2.9420E+02
0000143   3.1069E+02  7.2440E+01  1.2475E+02
0000144   1.5897E+02 -1.9809E+02  9.4136E+01
0000145   9.0129E+01  8.4115E+01 -1.1119E+01
0000146   2.6036E+02 -7.2323E+01  1.0462E+02
0000147   2.9355E+02 -6.9685E+01  6.9278E+01
0000148   3.0231E+02 -3.9607E+02  1.7533E+02
0000149   3.8691E+02  1.6246E+02  2.5143E+02
0000150   5.0474E+02  8.6613E+01 -2.5751E+02
0000151   2.0920E+02  4.3564E+01  7.5819E+01
0000153   2.3036E+02 -8.7645E+01  5.4358E+01
0000154   3.6971E+02 -3.2219E+02  2.2848E+02
0000155   4.6665E+02 -1.9689E+02  1.6986E+02
0000156   3.1194E+02  1.7871E+02 -2.6673E+02
0000157   3.5629E+02  1.0757E+02  3.5846E+02
0000158   2.1319E+02 -1.0669E+02 -2.2265E+02
0000159   3.1399E+02  1.8722E+02 -2.0342E+01
0000160   1.5436E+02 -2.6261E+02 -1.4891E+01
0000161   5.6544E+02  3.4154E+01 -4.4509E+01
0000162   4.0625E+02 -3.6260E+01 -7.2707E+01
0000163   1.2209E+02 -3.8005E+01 -1.4479E+02
0000164   1.2650E+02 -2.1983E+02  1.0490E+01
0000165   2.4967E+02  6.7061E+01  4.6541E+01
0000166   3.8604E+02  1.6651E+02 -2.1315E+02
0000167   1.5630E+01 -1.9295E+01  2.6472E+01
0000168   1.7329E+02  2.9092E+01 -2.6818E+02
0000169   3.1358E+02  2.8151E+01  2.2886E+02
0000171   2.7015E+02 -2.1401E+02  1.8956E+02
0000172   2.1759E+02 -2.8131E+02  9.0998E+01
0000173   1.7192E+02 -1.9767E+02 -1.4176E+02
0000174   1.7339E+02 -1.1917E+02 -1.9567E+01
0000175   4.7015E+02  2.9952E+02  1.9882E+02
0000176   2.3176E+02 -2.8912E+01  2.2903E+01
0000177   2.4104E+02  9.6273E+01 -4.2650E+02
0000179   4.5189E+02 -6.8094E+01 -8.3322E+01
0000180   4.4816E+02  2.3572E+02 -3.9384E+01
0000181   1.9187E+02 -1.3835E+02 -3.9572E+01
0000182   3.8459E+02 -2.1848E+01  6.7666E+01
0000183   1.8001E+02  7.0553E+01 -1.6798E+02
0000184   4.5154E+02 -1.0722E+02 -1.9931E+02
0000185   5.6837E+02  1.6280E+02  1.1446E+02
0000186   5.6202E+02  1.1601E+02  2.8061E+01
0000187   2.6180E+02 -1.7349E+01 -5.6926E+01
0000188   2.4749E+02 -1.9327E+02  2.6782E+02
0000189   5.7360E+02  1.0495E+02 -7.2753E+01
0000190   2.3068E+02 -1.2726E+02  1.0369E+02
0000192   4.4512E+02 -7.1422E+01  1.9503E+02
0000193   4.9659E+02 -1.4500E+02  2.0552E+02
0000194   2.5754E+02 -6.0092E+01 -5.7986E+02
0000195   1.0671E+02  4.5359E+01 -8.1196E+01
0000196   2.0738E+02 -2.8890E+02  2.4536E+02
0000197   5.8862E+02  7.9189E+01 -4.0268E+02
0000198   5.8257E+02 -3.4047E+01 -1.1119E+01
0000199   4.3163E+02 -7.3420E+01 -3.8059E+02
0000200   4.1929E+02  3.0680E+02 -3.6642E+01
0000201   6.0371E+01 -1.3881E+02  5.7336E+01
0000202   1.5330E+02  3.2057E+02  2.1454E+02
0000203   4.5224E+02 -1.6363E+00 -2.8007E+02
0000204   1.2102E+02  2.0744E+02  2.2461E+02
0000205   3.2286E+02 -9.1544E+00  7.5621E+01
0000206   2.6652E+02 -5.2881E+01 -8.3371E+01
0000207   3.3788E+02  2.3297E+02 -6.8510E+01
0000208   1.5399E+02 -7.1750E+01  1.3254E+02
0000209   3.4241E+02  9.5750E+01  2.5409E+00
0000210   3.1981E+02  4.1973E+02  4.7990E+01
0000211   1.9919E+02 -1.8176E+02 -1.8051E+02
0000212   4.9717E+01 -1.3190E+02 -2.0625E+02
0000213   4.7034E+02 -1.2497E+02 -4.9716E+01
0000214   3.1934E+02 -2.6355E+02  1.2602E+02
0000215   2.5484E+02  8.9469E+01  1.1518E+02
0000216   7.0558E+01 -5.8166E+01  3.3094E+00
0000217   1.2351E+02 -3.3727E+01  1.2573E+02
0000218   4.0403E+02 -1.8282E+02 -4.5017E+01
0000219   4.6825E+02 -1.3966E+02  2.4291E+02
0000220   4.9186E+01  8.8767E+01  6.6737E+01
0000222   1.5993E+02  1.7818E+01  1.2724E+02
0000224   1.5666E+02 -3.3300E+02 -1.1125E+02
0000225   1.1574E+02 -8.8472E+01 -9.2323E+01
0000226   1.9740E+02 -7.8604E+01 -1.0569E+01
0000228   1.6731E+02  6.4789E+01  2.7044E+02
0000229   3.9057E+02 -7.8691E+01  8.8342E+01
0000230   3.1852E+02  2.2777E+01  1.8105E+02
0000232   1.8750E+02  9.1220E+01 -2.5841E+02
0000233   4.1108E+02  7.5692E+01  2.1006E+02
0000234   1.7619E+02  7.7548E+01  1.1479E+02
0000235   8.6063E+01  1.0052E+02 -2.9516E+02
0000236   2.1407E+02  1.0680E+02 -2.1401E+02
0000237   8.4053E+01  2.6536E+02  9.2161E+00
0000238   3.0834E+02 -6.0590E+01  3.2732E+01
0000239   4.4813E+02  7.4211E+01 -2.2452E+02
0000240   5.2412E+02 -1.5099E+02 -3.8220E+01
0000241   3.3134E+02 -1.4060E+02 -3.1678E+02
0000242   2.6991E+02 -1.4852E+02 -2.2484E+02
0000243   3.6456E+01 -3.2166E+02 -4.2608E+02
0000245   5.6373E+02 -1.4274E+02  3.1954E+02
0000246   1.8939E+02  3.4189E+02  1.6524E+01
0000247   3.8811E+02 -1.1495E+02 -2.8080E+01
0000248   4.7283E+02  1.0080E+01 -6.3738E+01
0000249   2.1790E+02  2.1620E+02 -1.1390E+02
0000250   1.9642E+02  1.4231E+00 -2.7736E+02
0000251   2.9460E+02  1.6457E+02  2.9248E+02
0000252   2.1797E+02  1.8173E+01  2.0774E+02
0000253   5.7160E+02  1.7707E+02  1.3177E+01
0000255   4.4708E+02  1.3982E+02 -6.4447E+01
0000256   3.7912E+02  5.6188E+01 -2.8669E+02
0000257   3.1129E+02 -1.7900E+02 -2.2349E+02
0000258   1.7198E+02 -1.8425E+01  2.6532E+02
0000259   3.7370E+02  2.2940E+02  5.0902E+01
0000260   3.5110E+02 -2.1526E+02 -1.0900E+02
0000261   1.9940E+02 -1.2237E+02 -1.6517E+02
0000262   4.1469E+02 -1.2927E+02 -7.6178E+01
0000263   1.4726E+02 -2.7097E+02 -8.7925E+01
0000264   5.0178E+02 -1.7379E+02 -1.2085E+02
0000265   1.1041E+02  2.1154E+02 -6.6920E+00
0000266   3.1384E+02 -4.2845E+01 -5.4006E+01
0000267   2.0166E+02 -3.7332E+02 -1.0536E+02
0000268   3.9533E+02 -6.3831E+01 -1.1446E+02
0000269   3.3770E+02  5.2327E+01 -4.8340E+01
0000270   4.5504E+02  2.2840E+02 -4.7956E+01
0000271   3.2908E+02 -1.7705E+02 -3.1341E+01
0000272   1.1708E+02  2.7345E+02  7.5465E+00
0000273   3.8551E+01  3.1375E+01 -1.9007E+02
0000274   5.2718E+02 -2.2059E+02  7.5235E+01
0000275   2.6978E+02  1.0600E+02  6.3707E+01
0000276   4.9120E+02  7.2105E+01 -2.9477E+01
0000277   3.0688E+02  1.7428E+02 -6.2420E+01
0000278   3.5752E+02 -2.0292E+02 -1.8730E+02
0000279   5.7000E+02 -2.1166E+02 -2.5721E+01
0000280   1.8977E+02  2.3719E+02  2.2934E+02
0000282   1.7871E+02  5.1735E+02  2.5971E+02
0000283   1.1468E+02 -1.8157E+01 -6.7118E+01
0000285   1.2519E+02  1.5281E+02 -2.7397E+02
0000286   3.6336E+02  1.3138E+02 -3.1999E+02
0000287   1.2380E+01  1.5647E+02  3.3055E+02
0000288   2.5156E+02 -4.2191E+02 -2.5045E+02
0000289   3.2773E+02  2.4080E+02 -5.0970E+00
0000290   3.8540E+02 -2.5436E+02 -1.2642E+02
0000291   4.8366E+02 -6.1149E+01 -5.2797E+01
0000292   1.0820E+01  1.7819E+02 -6.9848E+01
0000293   4.1603E+02 -3.3518E+00 -7.7542E+01
0000294   4.9511E+02  2.1681E+02  1.6181E+02
0000295   1.5983E+01 -2.6688E+02  1.0392E+02
0000296   2.3130E+02  1.9374E+02 -6.7903E+01
0000298   4.7947E+02 -7.3433E+01 -1.2798E+02
0000299   9.6942E+01  5.4909E+01  2.8142E+01
0000300   3.9905E+02  5.0624E+02 -2.7231E+01
0000301   5.9262E+02  8.8464E+01 -2.6977E+01
0000302   1.3540E+02  6.1861E+01 -9.0189E+01
0000303   8.6812E+01  2.5316E+02  2.0590E+02
0000304   7.6473E+02  1.8091E+01 -4.5296E+01
0000305   2.8499E+02  8.6021E+01  4.2318E+02
0000306   1.8631E+02 -1.5064E+02  1.6625E+02
0000307   2.4497E+02 -8.4252E+01 -4.5251E+01
0000308   1.3087E+02  4.4454E+02  1.6373E+02
0000309   5.8850E+02  1.4768E+02 -3.5375E+02
0000310   3.1687E+02 -9.1976E+01  1.5293E+02
0000311   6.9619E+01 -2.4566E+01  1.6469E+02
0000312   1.1767E+02 -3.6210E+02  7.4506E+01
0000313   3.4547E+01  4.8671E+01 -3.9277E+01
0000314   3.5087E+02  1.7251E+02 -4.1825E+01
0000315   4.0240E+02 -1.9886E+02  1.8535E+02
0000316   2.5206E+02  1.7994E+02  8.6135E+01
0000317   1.3682E+02 -2.0069E+02  2.7652E+02
0000318   3.9911E+02 -7.0225E+01  1.8233E+02
0000319   4.4667E+02  3.2838E+02 -1.3940E+02
0000320   2.5201E+01 -9.9015E+01  7.9001E+01
0000321   4.4950E+02  2.0581E+02  2.0269E+01
0000322   4.1156E+02 -1.6004E+02 -2.0173E+02
0000323   4.3218E+02 -6.6362E+01 -1.4004E+02
0000324   3.4507E+02 -1.4919E+02  4.9745E+01
0000325   2.3301E+02  1.2966E+02  2.2540E+02
0000326   5.2530E+02 -6.6511E+00  6.2003E+01
0000327   2.5548E+02  1.2552E+02  7.6283E+01
0000328   2.9627E+02  1.3822E+02  8.7027E+01
0000329   2.5460E+02 -1.1089E+01  2.1785E+02
0000330   2.3847E+02 -2.1831E+02  1.2004E+02
0000331   2.1925E+02 -1.1863E+02  5.0905E+02
0000332   4.8847E+02  1.9064E+02 -2.1982E+02
0000333   6.1677E+02 -4.0760E+02  1.2463E+02
0000335   3.1010E+01 -2.6081E+01  7.9216E+01
0000337   3.2195E+02 -5.3475E+01 -7.2728E+01
0000339   2.3875E+02  3.0803E+02 -1.2394E+02
0000340   3.6743E+02 -1.0878E+02  1.9235E+02
0000341   1.6122E+02  2.7267E+02 -1.9141E+02
0000342   6.0699E+01 -2.9752E+01 -9.3601E+00
0000343   3.2285E+02  5.3334E+01  1.5028E+02
0000344   2.5813E+02  4.2849E+01  8.8916E+01
0000345   5.0981E+02  1.1539E+02 -1.2438E+02
0000347   4.0746E+02  8.8941E+01 -6.5784E+01
0000348   5.6203E+01 -1.9149E+02 -1.6937E+02
0000349   2.8866E+02  3.0005E+02  1.8248E+02
0000350   3.1796E+02  2.2194E+02  1.4763E+02
0000351   2.0680E+02  2.2548E+02 -9.4349E+01
0000352   2.0266E+01  1.5979E+02  1.5526E+01
0000353   4.9428E+02 -7.0185E+01  1.1232E+01
0000354   7.0723E+01 -1.4815E+02  2.2218E+02
0000355   4.6345E+02  1.1896E+02  8.4567E+01
0000356   1.8968E+02  1.5743E+02 -2.0597E+02
0000357   3.0284E+02  2.4626E+02  6.8574E+01
0000358   5.6704E+02  1.3302E+02 -2.9535E+02
0000359   4.7713E+02  2.2576E+02 -1.3430E+02
0000361   3.2794E+02  8.2305E+01 -3.3457E+01
0000362   5.0769E+02  6.4827E+01  5.2872E+01
0000363   3.8381E+02 -1.0154E+02 -2.9505E+02
0000364   2.3476E+02  9.6533E+01  1.6415E+02
0000365   3.0198E+02  2.0146E+01 -2.0930E+02
0000366   3.3859E+02 -7.2782E+01 -9.1741E+01
0000368   2.9506E+02  1.5922E+02 -1.3686E+02
0000369   2.2083E+02 -1.6673E+02 -1.8377E+02
0000370   4.8557E+02 -2.3005E+02 -2.4661E+01
0000371   2.6824E+02  1.9472E+02  9.2183E+01
0000372   5.7164E+02 -2.3662E+02 -5.2329E+01
0000373   1.5244E+02 -8.9773E+01  3.9547E+01
0000374   1.4980E+02  1.8609E+02 -1.6514E+02
0000375   1.4870E+02  1.8398E+02  6.8897E+01
0000376   2.8167E+02  1.8192E+01  1.8319E+02
0000377   2.1800E+02 -3.1394E+01 -1.4252E+02
0000378   3.6894E+02 -1.8773E+02  3.6119E+02
0000380   1.7819E+02 -1.1798E+01 -2.9879E+02
0000381   1.8917E+02 -2.7189E+01  1.1716E+02
0000382   1.4098E+01 -3.5323E+02  9.1151E+01
0000383   2.7969E+02 -3.8391E+02  1.0751E+01
0000384   1.6827E+02  2.1198E+02 -2.3563E+02
0000385   4.2084E+02 -3.4484E+02 -5.3586E+01
0000386   1.1381E+02  6.1500E+01 -9.5860E+01
0000387   4.8630E+02  1.2478E+02 -5.4373E+01
0000388   3.4586E+02 -2.1111E+02 -9.0335E+01
0000389   6.4527E+01  1.0084E+02 -6.9816E+01
0000390   6.8624E+01 -1.1797E+01 -1.6195E-01
0000391   3.0227E+02  7.4386E+01 -3.4621E+02
0000392   3.0913E+02  1.2599E+02 -6.0783E+01
0000393   3.9537E+02 -4.0401E+01  9.2171E+01
0000394   3.0005E+02 -5.7638E+01  1.0739E+02
0000395   4.1514E+02 -1.3270E+02 -2.5045E+02
0000396   4.0731E+02  2.5290E+02 -2.7069E+01
0000397   8.3153E+01 -2.4181E+01  1.5464E+02
0000398   3.7906E+01 -1.3847E+02 -8.4396E+01
0000399   4.2994E+02 -1.5739E+02  8.3792E+01
0000403   3.4545E+02 -7.1210E+01 -1.0271E+02
0000404   3.2370E+02 -2.5661E+02  1.5532E+02
0000405   2.6277E+02  2.8748E+02 -1.6067E+01
0000406   5.7892E+02 -1.3330E+02 -1.4480E+02
0000407   2.3153E+02  1.3260E+02 -1.5613E+02
0000408   2.1236E+02 -3.5725E+01 -6.6996E+01
0000409   4.1401E+02  3.7059E+02  2.5934E+02
0000410   5.1492E+02 -1.4687E+02 -2.5201E+02
0000411   3.9788E+02  1.1210E+02 -1.3368E+02
0000412   2.0911E+02  1.9025E+02 -1.7346E+02
0000413   5.8962E+02 -3.4753E+01 -4.0636E+01
0000414   2.9604E+02 -4.6568E+02  4.9481E+01
0000415   3.3915E+02  7.6728E+01  7.1032E+01
0000416   5.1451E+02 -3.4638E+02  1.7218E+02
0000417   5.0629E+02  2.6129E+01 -2.3505E+02
0000418   6.6779E+02  4.8557E+01  7.3556E+01
0000419   3.4010E+02  2.4439E+01  1.8360E+01
0000420   5.5160E+02  1.6755E+02  2.2919E+01
0000421   4.2955E+02 -2.1468E+02 -3.3155E+02
0000422   3.5116E+02  2.3210E+02 -1.0280E+02
0000423   1.7109E+02 -2.0437E+01 -2.0656E+02
0000424   2.2723E+02  2.7735E+02  9.6114E+01
0000425   1.5118E+02  1.4841E+02  8.5091E+01
0000426   3.5185E+02 -3.6581E+01  1.0336E+02
0000427   2.7134E+02 -3.2026E+02 -5.4362E+01
0000428   3.4985E+02 -4.5614E+01  3.3630E+01
0000429   2.2641E+02  2.5845E+02  1.6113E+02
0000430   1.4941E+02 -5.4507E+01  3.0810E+02
0000431   3.8627E+02 -9.3624E+00  1.9877E+02
0000432   2.7328E+02  7.8909E+01 -2.2270E+02
0000433   2.4976E+02 -2.2454E+01  1.7069E+02
0000434   3.6771E+02  1.8868E+02  5.9770E+01
0000435   3.6078E+02 -2.3137E+01  2.3466E+02
0000436   5.2383E+02  9.6666E+01  8.1035E+01
0000437   1.5735E+02 -1.2910E+02  4.2023E+01
0000438   4.0269E+02  4.1783E+02  2.5718E+01
0000439   1.1485E+02 -5.7244E+01  3.0568E+01
0000440   9.9186E+01  5.6064E+01 -8.7918E+01
0000441   2.7004E+02 -1.5744E+02  4.0701E+02
0000442   1.4288E+02  2.3372E+02 -3.0088E+01
0000443   5.8435E+02 -4.8047E+01  1.1948E+02
0000444   2.3584E+02 -6.0166E+01 -2.5749E+02
0000445   3.9921E+02  1.1012E+02 -1.0568E+01
0000447   5.3409E+02  2.8684E+01 -5.8575E+00
0000448   5.4299E+02 -4.4189E+01 -2.2575E+01
0000449   3.0109E+02  1.9725E+02 -1.7811E+02
0000450   2.1980E+02 -5.7852E+01  4.9311E+00
0000451   4.0401E+02  3.0246E+02 -6.7090E+01
0000452   3.0314E+02  3.9635E+02 -8.4949E+01
0000453   4.4352E+02  4.2925E+02 -1.5487E+01
0000454   2.5925E+02 -2.2426E+02  1.7589E+01
0000456   2.0442E+02  9.5905E+01 -1.0032E+02
0000457   1.6780E+02 -8.9446E+01 -1.0009E+01
0000458   9.5995E+01  1.5242E+02 -1.9595E+02
0000459   4.7615E+02 -4.6760E+02  1.4038E+02
0000460   2.5065E+02 -2.1607E+02 -5.5747E+01
0000461   3.2212E+02  2.2952E+02  3.2678E+02
0000462   2.3477E+02  1.9466E+02 -5.4186E+01
0000463   1.9192E+02 -1.5619E+02 -2.2307E+01
0000464   1.0120E+02  1.7294E+02 -1.1298E+01
0000466   1.9059E+02 -1.4728E+02 -2.9965E+01
0000467   1.3687E+02  1.0119E+02 -4.8415E+01
0000468   3.9018E+02  3.3963E+02 -5.9487E+01
0000469   4.1645E+02  5.4134E+01  4.7724E+01
0000470   1.5235E+02  5.9751E+01 -6.4664E+01
0000471   4.6031E+02  1.8629E+02  1.4789E+02
0000472   2.6763E+02  7.1525E+01  1.8413E+01
0000473   8.3990E+01 -8.0978E+01 -4.3665E+01
0000474   3.6069E+02 -2.0717E+02  2.7582E+02
0000476   2.6592E+01 -1.5019E+02  3.9403E+01
0000477   1.9572E+02 -1.7836E+02  3.5525E+02
0000478   5.3615E+02 -6.1756E+01 -7.0842E+00
0000479   3.0956E+02  7.9393E+01 -2.5826E+02
0000480   3.6995E+02 -1.6266E+02 -1.3569E+02
0000481   4.1181E+02 -1.2436E+02  1.5441E+02
0000482   4.1939E+02  1.0740E+02 -1.6760E+02
0000483   3.3576E+02 -1.4692E+02  1.4545E+02
0000484   1.0630E+02  1.5565E+02  2.4707E+02
0000486   9.3270E+01  3.8416E+02 -1.9254E+01
0000487   3.9001E+02 -1.7956E+02  4.5338E+01
0000488   2.3500E+02  3.4619E+00  2.6123E+01
0000489   2.5931E+01  1.3909E+02 -1.0702E+02
0000491   1.8102E+02  2.7171E+02 -1.8469E+02
0000492   4.4461E+02 -3.1956E+01  2.4560E+02
0000493   2.8491E+02 -2.5086E+01  7.7548E+01
0000494   1.4558E+02 -1.9754E+02  1.5156E+02
0000496   3.1484E+02  1.4238E+02  1.7326E+02
0000497   1.1602E+02 -2.2755E+01 -3.9840E+01
0000498   3.9418E+02 -1.3913E+02  1.2711E+02
0000499   2.5071E+02  9.6363E+01  6.3679E+01
0000500   1.5640E+02 -7.0171E+01 -2.3546E+01
0000501   2.7640E+02  8.9276E+01 -8.3361E+01
0000502   5.5634E+02 -4.0156E+01 -7.3882E+00
0000503   4.5512E+02  1.3412E+02  1.9745E+02
0000504   2.6369E+02  3.1511E+02 -9.6139E+01
0000505   4.4498E+02 -1.5715E+02  8.5557E+01
0000506   3.1767E+02 -3.7731E+02 -8.7532E+00
0000507   3.2086E+02 -6.8660E+01 -2.0255E+02
0000508   4.7111E+02  2.8048E+02  1.7179E+02
0000509   3.3816E+02  6.2356E+01 -2.1260E+02
0000510   3.6189E+02  4.7367E+01  3.7917E+02
0000511   2.1419E+02 -1.9445E+02  5.9048E+01
0000512   5.6513E+02  2.8586E+02 -8.0387E+01
0000513   2.4351E+02  1.0365E+02 -2.6067E+02
0000514   1.0803E+02 -3.7538E+02  8.9039E+01
0000515   4.3706E+02 -1.1266E+02 -2.1382E+02
0000516   1.7050E+02  8.8669E+01 -1.2214E+02
0000517   5.3645E+02 -1.3917E+02 -4.8550E+01
0000518   6.1589E+02 -7.0939E+01 -2.9709E+02
0000519   1.0690E+02  1.2524E+02  1.3261E+02
0000520   1.1874E+02 -2.2810E+02  6.4822E+00
0000521   2.1822E+02  1.2317E+02  1.3472E+02
0000522   4.6206E+02  2.9614E+02  1.2808E+02
0000523   3.2098E+02  1.4242E+02  2.5079E+02
0000524   3.9992E+02  3.2366E+02 -1.4053E+02
0000525   3.8478E+02 -5.7723E+01  2.5001E+02
0000526   6.2830E+01  1.0745E+02  1.0620E+02
0000527   1.8432E+02  1.5306E+01 -9.9246E+01
0000528   4.6506E+02 -2.3255E+02  4.0336E+02
0000529   1.3693E+02 -4.8439E+01 -8.1226E+01
0000531   7.0508E+02  1.1415E+02 -2.0715E+01
0000532   2.1333E+02 -2.8232E+01 -1.0533E+02
0000533   2.1638E+02  2.5489E+02 -9.8154E+01
0000534   2.4455E+02 -1.1293E+02  7.7665E+00
0000535   2.4050E+02  7.0373E+01 -1.8693E+02
0000536   1.6473E+02  6.4303E+01  2.4164E+02
0000538   5.5031E+02 -4.4448E+02  1.6281E+02
0000539   3.0900E+02 -2.4799E+02 -1.0621E+02
0000540   6.2273E+00  3.7171E+02  8.0864E+01
0000541   2.2858E+02 -3.6043E+01 -2.4483E+01
0000542   4.6781E+02  4.0329E+01  2.4868E+02
0000543   3.5714E+02  1.3894E+02 -3.2670E+01
0000544   1.9361E+02  5.8861E+01  2.1512E+01
0000545   3.3811E+02 -5.4903E+01 -1.5862E+02
0000546   5.0230E+02 -2.1615E+02 -9.9818E+01
0000547   1.9326E+02  1.4142E+02  1.4412E+02
0000548   3.6487E+02  2.6467E+02 -1.3781E+02
0000549   3.7939E+02 -2.0233E+02 -3.4777E+00
0000550   5.4651E+02  3.5556E+00  7.9662E+00
0000551   7.1286E+01 -9.1803E+01  1.6217E+01
0000552   2.6808E+02 -7.8040E+01 -9.3937E+01
0000553   2.5144E+02 -5.3327E+01  4.3650E+01
0000554   2.7569E+02  1.4315E+02 -2.7894E+02
0000555   3.8236E+02 -3.8311E+02  1.4589E+02
0000556   2.0074E+02  2.8932E+02  2.1606E+02
0000557   3.4704E+02  4.1236E+01 -1.5156E+02
0000558   2.9590E+02  7.2400E+01 -2.0004E+02
0000559   3.0001E+02 -1.9240E+02 -1.3860E+02
0000560   3.6737E+02 -7.2465E+01 -6.2371E+01
0000561   3.8592E+02  2.9011E+02 -1.3167E+01
0000562   5.0460E+02  1.6367E+02 -3.3187E+01
0000563   2.6386E+02 -1.3964E+02  4.3227E+01
0000564   4.2303E+02  2.4942E+02 -5.4016E+01
0000565   1.8789E+02  4.6247E+02  1.5125E+02
0000566   5.2370E+02  4.0728E+02  1.6735E+02
0000567   2.3264E+02 -2.8462E+01  1.5627E+01
0000568   5.1320E+02  3.0754E+02  4.2607E+01
0000569   3.6009E+02  5.0307E+01  4.4485E+01
0000570   6.5541E+01 -1.8144E+01 -1.8146E+02
0000571   2.4990E+02 -2.6429E+02  2.1772E+02
0000572   9.7705E+01  4.1404E+01  1.1341E+01
0000573   8.3465E+01  4.2939E+01 -9.2344E+01
0000574   2.3717E+02  1.1861E+01 -1.2853E+02
0000575   5.4272E+02  3.4088E+02  7.2744E+01
0000576   3.4310E+02 -1.7692E+02  5.3408E+01
0000577   4.5036E+02  1.7825E+02 -9.4297E+01
0000578   2.4634E+02 -2.7785E+02 -9.9573E+01
0000579   3.8463E+02 -2.9542E+02  7.1844E+01
0000580   4.9756E+02 -1.7744E+02 -1.0984E+02
0000581   4.6681E+02 -1.3864E+01  5.8214E+02
0000582   3.2592E+02 -2.2347E+02  3.1291E+02
0000583   2.7940E+02  1.7181E+02  1.7988E+02
0000584   5.6968E+01  1.9656E+02  6.8493E+01
0000585   2.7660E+02  2.6201E+02  5.3827E+00
0000586   2.9600E+02 -5.7414E+00  3.0244E+02
0000587   4.8437E+02 -1.7655E+01  7.5103E+01
0000588   4.8235E+02 -1.7785E+02  5.8697E+01
0000589   3.1992E+02 -5.1530E+02 -1.7602E+02
0000590   4.0845E+02  6.7174E+01  1.1910E+02
0000591   5.2874E+02  1.0167E+02  4.2973E+02
0000592   4.9255E+02 -1.5232E+02 -2.8585E+02
0000593   3.2776E+02 -1.6780E+02 -8.8868E+01
0000594   2.9529E+02 -3.1143E+02  5.9159E+01
0000595   3.1067E+02  1.5743E+02  5.4203E+01
0000596   1.5344E+02  3.5666E+02 -2.4205E+02
0000597   4.4201E+02 -1.3293E+02  1.3280E+02
0000598   4.7112E+02 -7.1499E+01 -1.8153E+02
0000599   3.0645E+02 -1.8495E+02 -2.6292E+00
0000600   1.1684E+02  2.6516E+01  2.4280E+02
0000601   4.9004E+02  2.4677E+02 -3.3693E+02
0000602   4.0778E+02 -2.0075E+02 -1.2397E+02
0000603   4.2589E+02  1.1534E+02  1.9596E+02
0000604   7.2519E+02 -1.0111E+02  2.2260E+02
0000605   6.2179E+01  2.4710E+01  7.6290E+01
0000606   1.4164E+02  1.9908E+02 -2.6136E+01
0000607   1.5388E+02  4.5655E+01  1.9887E+02
0000608   3.6808E+02 -2.5021E+02 -3.4720E+02
0000609   3.1698E+02  4.8816E+01  1.0533E+02
0000610   2.6237E+02  1.5911E+02 -1.3202E+01
0000611   3.8613E+02  8.4070E+01  2.8411E+01
0000612   3.7095E+02  2.0135E+02  4.6347E+01
0000613   2.6875E+02 -5.1993E+01  1.4011E+02
0000614   3.8564E+02 -2.6060E+02  3.9226E+01
0000615   3.9908E+02 -2.5785E+01  2.6667E+02
0000616   3.4987E+02  2.2278E+02  1.7607E+02
0000617   3.0164E+02  1.4278E+02  2.3840E+02
0000618   3.5758E+02 -7.6197E+01 -2.3906E+01
0000619   5.1681E+02  4.5219E+01 -1.5593E+02
0000621   1.7977E+02  4.8692E+01 -1.7959E+02
0000622   2.5759E+02 -2.1962E+02  2.4141E+02
0000624   6.6690E+02  3.2605E+01  2.9562E+01
0000625   2.6595E+02 -1.6147E+02 -2.5502E+01
0000626   2.2976E+02 -1.0491E+02  1.1772E+02
0000627   3.7540E+02  1.2902E+02  1.5966E+02
0000628   3.3007E+02  4.9195E+00 -2.0635E+02
0000629   2.9293E+02 -1.4979E+02  3.1429E+01
0000630   2.9374E+02 -1.0279E+02 -2.7667E+02
0000631   3.5794E+02  1.4177E+02 -1.4190E+02
0000632   5.7172E+02  9.6507E+01 -3.0218E+02
0000633   3.0757E+02 -1.2690E+02  6.0639E+01
0000634   5.5683E+02  1.1411E+02  1.9597E+01
0000635   2.5771E+02  2.1288E+02 -1.4740E+02
0000636   9.5856E+01 -2.7900E+01 -1.0047E+02
0000637   5.6523E+02  5.1096E+01 -2.6175E+02
0000638   3.3621E+02 -1.8463E+02  1.3387E+02
0000639   6.8350E+02 -7.0045E+01  3.1486E+02
0000640   1.6566E+02 -8.3279E+00 -3.5396E+02
0000641   3.7096E+02 -1.7531E+01 -4.2815E+00
0000642   2.7081E+02 -2.9833E+01  1.3279E+01
0000643   1.4727E+02 -9.9626E+01 -7.8546E+00
0000644   1.0903E+02 -1.9281E+02 -1.4743E+02
0000645   7.7138E+01  1.4119E+02 -2.4240E+02
0000646   1.0324E+02 -4.5549E+01 -1.1894E+02
0000647   2.5269E+02  2.7540E+01 -2.4491E+01
0000648   1.2249E+02 -3.8620E+01 -2.8173E+01
0000649   1.9289E+02  1.2822E+02 -1.7568E+02
0000650   2.9865E+02  5.0425E+01  3.9657E+01
0000651   3.1102E+02  1.3847E+02 -3.2986E+01
0000652   3.5312E+02  1.1463E+01 -1.9839E+02
0000653   1.2800E+02 -1.1192E+02 -2.0464E+02
0000654   2.1145E+02 -1.1411E+02  3.4890E+02
0000655   1.3104E+02  4.7915E+01 -1.2508E+02
0000656   2.5162E+02 -2.8063E+02  1.4560E+02
0000657   4.6305E+02 -1.7378E+02 -1.1401E+02
0000658   2.6528E+02  4.1242E+01  3.6052E+01
0000659   7.1645E+02  1.3381E+01  1.1443E+02
0000660   9.8077E+01 -1.8669E+02  1.4422E+02
0000661   4.1417E+02 -1.0121E+02  1.7385E+02
0000662   2.5672E+01  1.0792E+02  8.6516E+01
0000663   6.4672E+02 -8.3341E+01  7.6486E+00
0000664   1.3171E+02 -1.1170E+02 -6.9373E+01
0000665   3.2171E+02 -1.6584E+01  1.6715E+02
0000666   4.1806E+02 -2.2075E+02  2.5629E+02
0000667   1.8361E+02  7.7323E+01 -2.0508E+01
0000668   2.2998E+02 -3.1810E+01 -1.2100E+02
0000669   5.6208E+02  6.4929E+01  2.3393E+02
0000670   3.1486E+02 -6.8005E+01  4.1106E+01
0000671   4.9583E+02  1.7938E+02 -3.8025E+02
0000672   2.1801E+02  4.5469E+01  2.0885E+02
0000673   3.5127E+02 -7.1138E+01 -3.1816E+02
0000674   1.8480E+02 -6.9050E+01 -9.5579E+01
0000675   5.0633E+02  3.7688E+00  4.2140E+01
0000676   5.6190E+02 -1.3899E+02  1.9480E+02
0000677   2.1187E+02  1.2336E+02  1.5608E+02
0000678   2.3346E+02  7.7086E+01  1.4082E+02
0000679   4.9273E+02 -4.4531E+01 -3.9453E+02
0000680   2.9423E+02  1.9049E+01 -1.1127E+02
0000681   1.8526E+02 -1.6884E+01  2.0964E+02
0000682   9.1277E+01  6.1802E+01 -1.2779E+02
0000683   6.8583E+01  7.4153E+01 -4.2483E+02
0000685   9.3306E+01 -7.2492E+01  3.2245E+02
0000686   2.5111E+02 -1.2555E+02  1.1890E+02
0000687   2.9151E+02  1.4774E+01  1.7041E+02
0000688   2.1364E+02  3.9450E+02  7.6665E+01
0000689   2.2236E+02 -1.1243E+01  8.0089E+01
0000690   3.0283E+02 -2.3404E+02  1.8956E+02
0000691   3.1561E+02 -1.6957E+02  1.8479E+02
0000692   2.3084E+02  2.6101E+01 -8.5642E+00
0000693   1.8014E+02  7.6152E+01 -1.4123E+02
0000694   2.5492E+02  3.3943E+01  7.0863E+01
0000695   1.4501E+02 -3.0371E+02  1.0205E+02
0000696   2.6930E+02  1.1694E+02  7.9618E+01
0000697   4.6167E+02 -4.0196E+02  2.6206E+02
0000698   1.6359E+02  7.2023E+01 -4.6847E+00
0000699   5.9692E+02 -7.8878E+01 -2.0806E+01
0000701   2.0041E+02  1.3926E+02  1.0343E+02
0000702   2.9800E+02  2.7858E+02 -2.7550E+02
0000703   3.6781E+02 -2.7406E+02  1.3055E+01
0000704   1.7170E+02 -2.1744E+02  1.2381E+02
0000705   3.4856E+02 -3.0072E+01 -5.3535E+01
0000706   2.2079E+02 -8.0608E+01 -1.0683E+02
0000707   6.5368E+01  3.4738E+01 -2.1988E+01
0000709   4.2804E+02  2.0266E+02  1.6111E+02
0000710   5.5408E+02  1.2015E+02 -7.1931E+01
0000711   4.6317E+02 -2.9014E+01 -1.9657E+02
0000712   1.4917E+02  1.4582E+02 -1.3527E+01
0000713   3.6029E+02 -6.8599E+01 -1.1008E+02
0000714   1.0884E+02  3.7987E+02  2.1799E+02
0000715   2.0597E+02 -1.7510E+01 -1.9490E+00
0000716   2.7082E+02 -4.1205E+01 -6.6896E+01
0000717   2.6345E+02  1.6463E+02  1.8435E+02
0000718   3.5527E+02  4.0899E+02  2.1463E+02
0000719   4.6064E+02 -5.9441E+01  2.5737E+02
0000720   4.4150E+02  1.1239E+02  4.6765E+01
0000721   4.0588E+02 -2.5256E+02  7.5878E+01
0000722   3.5116E+02  2.2130E+02  1.2166E+02
0000723   2.6727E+02  3.4089E+02  2.9105E+02
0000724   7.0899E+01 -5.0556E+01 -1.7296E+02
0000725   2.9017E+02 -8.4955E+01 -1.8498E+01
0000726   2.6896E+02 -1.9553E+02 -1.3218E+02
0000727   2.9615E+02 -9.8139E+00 -1.9321E+02
0000728   3.0898E+02  1.0262E+02 -7.5323E+01
0000729   3.9150E+02 -9.9724E+01 -5.6460E+00
0000730   3.4963E+02  2.2773E+01 -3.2215E+01
0000731   3.0673E+02  1.4880E+02  1.2057E+02
0000732   2.2722E+02 -1.5259E+02  1.0035E+02
0000733   1.8699E+02  1.5847E+02  6.2659E+00
0000734   8.4979E+01  4.2005E+01 -2.0008E+02
0000735   5.6555E+01 -9.1100E+01 -2.2973E+02
0000736   3.2513E+02 -1.1256E+02 -1.5888E+02
0000737   1.4812E+02  9.8810E+01  3.7884E+01
0000738   2.5242E+02  2.7818E+02 -7.6038E+01
0000739   6.5759E+02  1.1808E+01 -4.2068E+02
0000740   3.9673E+02 -1.4216E+01 -2.6602E+02
0000741   3.6229E+02  2.1964E+02  1.3003E+02
0000742   3.2962E+02 -1.8328E+02 -1.9007E+02
0000743   5.9426E+02 -1.6322E+01  4.0511E+02
0000744   4.4598E+02  1.6975E+01  1.1873E+01
0000745   5.2171E+02 -7.7830E+01 -2.5095E+02
0000747   3.0149E+02  1.0655E+02  1.7614E+02
0000748   4.7561E+02 -9.0507E+01  2.2393E+02
0000749   1.3070E+02  2.0544E+01 -7.9267E+01
0000750   2.6842E+02  2.8860E+01 -7.7931E+00
0000752   9.3439E+01  1.3403E+02 -6.3768E+01
0000753   5.1782E+02 -2.5110E+02  2.0957E+02
0000754   9.1968E+01  1.7773E+02 -4.7025E+01
0000755   2.7958E+02  2.7291E+02  1.5553E+02
0000756   4.4949E+02  3.4070E+02 -2.5843E+01
0000757   5.9502E+02  2.2821E+01 -2.1923E+02
0000758   5.3635E+02  4.7141E+01 -3.8904E+02
0000759   2.3160E+02 -5.5822E+01 -2.9476E+01
0000760   5.4212E+02 -7.8164E+01  8.3542E+01
0000761   2.5743E+02 -1.8919E+02 -4.3016E+02
0000762   3.7142E+02  1.0600E+02  2.8561E+02
0000763   1.2600E+02 -2.1287E+02  1.9124E+01
0000764   3.1533E+02  3.3266E+02  3.3034E+01
0000765   4.2787E+01  1.6897E+01 -4.8983E+01
0000766   3.4114E+02 -1.6331E+02  1.4860E+02
0000767   2.7214E+02  2.3431E+02 -8.9251E+01
0000769   4.6689E+02  3.3454E+01  1.0085E+02
0000771   3.5751E+02  1.7994E+01 -1.4251E+02
0000772   2.0230E+01 -1.8776E+02  2.5326E+01
0000773   3.9993E+02 -1.3170E+02 -3.5751E+02
0000774   2.2426E+02 -7.4215E+00  8.0204E+00
0000775   3.6238E+02  1.5718E+02 -9.0690E+01
0000776   2.7448E+02  1.3295E+02 -2.0350E+02
0000777   6.8423E+02  1.8043E+02 -2.4265E+02
0000778   1.4415E+02  1.1080E+02 -3.7223E+01
0000780   1.3998E+02 -1.0089E+02 -1.7406E+02
0000782   1.3888E+02  2.6332E+02 -9.2924E+01
0000783   5.1988E+02 -2.5242E+02 -1.2411E+02
0000784   3.3922E+02 -1.0782E+02  9.0026E+01
0000785   4.9020E+02 -1.9063E+02  3.8297E+02
0000786   3.7989E+02 -1.2878E+02  6.6503E+01
0000788   4.5281E+02 -1.1729E+02 -2.7926E+01
0000789   3.7600E+02 -3.6045E+02 -2.2623E+02
0000790   4.9430E+01 -1.8401E+02 -9.9837E+01
0000791   2.3040E+02 -1.5201E+02  5.4564E+01
0000793   5.7762E+02 -2.7033E+02  1.2108E+01
0000794   4.2457E+02  1.4602E+01  5.5630E+01
0000795   2.0115E+02 -2.2649E+01 -4.0140E+01
0000796   2.2507E+02 -9.7566E+00  7.6666E+01
0000797   3.2609E+02 -2.2102E+02 -2.5630E+02
0000798   5.2346E+02  1.3546E+01  7.6526E+01
0000799   3.2646E+02 -1.7967E+02  3.7656E+01
0000800   1.2370E+02 -1.2198E+02 -8.2204E+01
0000801   1.8298E+02 -2.1371E+02 -4.2591E+02
0000802   2.6157E+02  9.4006E+01 -2.3731E+01
0000803   3.1772E+02 -1.0089E+02 -2.6956E+02
0000804   5.2411E+01 -2.7880E+02 -4.5167E+01
0000805   4.5144E+02 -1.3386E+02 -2.1441E+02
0000806   2.4680E+02 -1.4304E+02 -6.6872E+01
0000807   2.2149E+02  2.9638E+02  5.3598E+01
0000808   1.5880E+02  3.7226E+02 -1.1492E+02
0000809   4.6224E+02 -2.6444E+02  3.5909E+02
0000810   2.0051E+02 -1.6201E+02 -6.1374E+01
0000811   5.6333E+02 -2.5016E+01 -1.4545E+01
0000812   3.2392E+02  2.4286E+02  1.6398E+02
0000813   3.9727E+02  3.9085E+01 -1.1824E+02
0000814   6.6765E+02  1.6389E+01  2.3433E+01
0000815   2.3433E+02 -1.0392E+02  3.5381E+01
0000817   4.7926E+02  1.3251E+02  4.4919E+01
0000819   2.7380E+02  1.3766E+01 -3.2791E+02
0000820   4.6172E+02  1.7726E+01 -1.7851E+02
0000821   1.0628E+02 -5.3577E+01 -1.3278E+02
0000822   3.3328E+02 -2.0359E+02  6.7133E+01
0000823   3.9411E+02 -2.0129E+02 -6.9601E+01
0000824   6.5497E+02 -3.0141E+02  2.5740E+02
0000825   3.1032E+02 -1.4447E+02 -2.9726E+01
0000826   4.7358E+01  1.0388E+02  7.4921E+01
0000827   1.9357E+02  1.1736E+01  1.3074E+02
0000829   6.6554E+02  2.0767E+02 -2.8608E+02
0000830   1.1866E+02  1.9782E+01  1.7202E+02
0000831   5.9752E+02 -2.8472E+02 -2.3779E+02
0000832   3.5106E+02 -1.0643E+02 -3.2007E+02
0000833   4.1100E+02  5.5684E+01 -1.1444E+01
0000834   7.0926E+02  8.8420E+01  2.4184E+00
0000835   2.7582E+02  2.6058E+02 -2.1547E+02
0000836   4.9965E+02  2.2449E+02  5.0171E+01
0000837   1.9975E+02  9.2908E+01 -7.0920E+01
0000838   8.9974E+01  1.4053E+02 -1.7990E+02
0000839   1.7008E+02 -5.0790E+01  3.8074E+01
0000840   3.7007E+02  8.2930E+01  2.9535E+02
0000841   4.5879E+02  9.3280E+01 -3.3589E+01
0000842   4.6324E+02  1.4144E+02  2.0179E+01
0000843   1.6832E+02 -1.0336E+02 -1.0413E+02
0000844   6.1973E+02 -2.9446E+02  2.8450E+01
0000845   7.9582E+01  5.2337E+01 -1.8775E+02
0000846   2.7842E+02 -1.5977E+02  1.7128E+02
0000848   1.4103E+02 -6.4139E+01  1.2584E+02
0000849   2.1791E+01 -4.6241E+00 -8.5040E+01
0000850   2.7425E+02  1.6693E+00  8.0779E+01
0000853   2.2969E+02 -6.2721E+01 -1.4306E+01
0000854   3.4118E+02  1.3629E+02  1.0678E+02
0000855   5.6579E+02  8.7826E+00 -1.1145E+02
0000856   1.3258E+02 -1.0376E+02  1.9028E+02
0000857   2.3031E+02  3.7487E+02 -2.4524E+02
0000858   3.8261E+02 -7.1983E+01  5.3967E+01
0000859   6.5061E+02 -1.1537E+02  2.4760E+02
0000860   4.9819E+02 -2.2031E+02 -1.1301E+02
0000861   1.8060E+02  1.7612E+02 -6.2988E+01
0000862   6.5832E+01 -1.4792E+01 -2.1697E+02
0000863   4.0474E+02  2.3471E+00 -6.0182E+01
0000865   2.8160E+02  1.1456E+02  2.1731E+01
0000866   2.2615E+02  9.0986E+01  1.3346E+02
0000867   5.9024E+01  8.2859E+00 -3.2103E+00
0000868   3.7742E+02 -1.4597E+02  1.0120E+02
0000869   3.2256E+02  1.8810E+02 -2.2744E+02
0000870   5.8334E+02 -2.2276E+02  4.9716E+00
0000871   3.8783E+02  1.9326E+02  5.1747E+01
0000872   3.7314E+02  1.3940E+02 -2.1024E+01
0000873   1.9908E+02  1.6900E-01 -1.5754E-01
0000874   3.5704E+02  1.4411E+01 -2.7154E+01
0000875   2.5006E+02 -3.8436E+02 -1.1144E+02
0000876   2.6967E+02  2.4844E+02  3.6549E+01
0000877   4.1224E+02 -1.2174E+02 -5.3351E+01
0000878   5.2117E+02 -2.6365E+02  1.6862E+01
0000879   4.2964E+01  4.9901E+01  3.5032E+00
0000880   2.2910E+02 -2.7695E+02  2.1759E+02
0000881   3.7163E+02  1.2573E+02 -3.6106E+01
0000882   2.5489E+02 -9.8554E+01  3.1333E+02
0000883   1.3386E+02 -6.7167E+01 -8.3908E+01
0000884   5.0719E+02  1.7676E+02  1.0389E+01
0000885   6.2403E+01  1.9640E+02 -1.9254E+02
0000886   3.6327E+02  7.0042E+00  3.9327E+01
0000887   5.3363E+01 -3.3511E+01 -1.4021E+01
0000888   1.6709E+02  2.9425E+02 -7.6338E+01
0000889   5.6913E+02 -1.3526E+02 -1.8626E+02
0000890   3.0044E+02 -9.3039E+01 -1.3868E+00
0000891   2.2526E+02  8.7519E+01 -6.0087E+01
0000892   3.6292E+02 -6.3617E+01 -3.2977E+02
0000893   2.5656E+02 -2.7415E+02 -7.7124E+01
0000894   5.2362E+02  2.5434E+02  3.0981E+02
0000895   3.6827E+02 -7.3637E-02  6.1900E+01
0000896   4.5789E+01  2.5105E+01  1.8190E+02
0000897   6.3536E+01 -6.3255E+01 -2.1778E+02
0000899   5.3825E+02 -5.1804E+01 -1.6056E+02
0000900   5.7832E+02 -1.4919E+02  7.6814E+01
0000901   4.2915E+02 -8.0704E+01 -7.1063E+01
0000902   1.0724E+02  1.1638E+02 -1.4230E+02
0000903   4.5095E+02  1.5509E+02  5.4775E+01
0000904   3.5373E+02 -2.2205E+02 -9.9551E+01
0000905   2.2091E+02 -1.3151E+02  3.5544E+02
0000906   5.1005E+02 -2.9484E+02 -6.6480E+00
0000907   5.5197E+02 -2.5394E+02 -4.6347E+01
0000908   4.4087E+02  3.0960E+02 -8.1297E+00
0000909   3.1103E+02 -3.1566E+01  9.1598E+01
0000910   2.0454E+02  3.1688E+02 -4.4891E+01
0000911   2.8236E+02 -1.2007E+02 -1.1574E+02
0000912   2.5706E+02  4.5902E+01  4.1042E+01
0000913   9.1379E+01  1.1238E+02 -8.9419E+01
0000914   3.0785E+02  1.1111E+02 -1.5971E+02
0000915   4.2830E+02  1.1398E+02 -3.0260E+02
0000916   2.5466E+02 -9.5177E+01 -3.3490E+02
0000917   2.4856E+02  1.3426E+02 -1.2794E+02
0000918   2.8723E+02 -3.0176E+01  1.5463E+02
0000919   3.0637E+02 -4.3212E+01 -6.0244E+01
0000920   7.1249E+01  3.2030E+00 -1.1088E+02
0000921   4.2822E+02 -2.2385E+01  1.4347E+02
0000922   2.8229E+02  5.1234E+00 -1.9360E+01
0000923   5.3114E+02  5.2926E+01  1.4458E+02
0000924   2.0291E+02  3.2305E+01 -1.5964E+02
0000925   1.6837E+02 -9.0203E+01  4.0569E+01
0000926   4.1492E+02  9.6982E+00 -1.3527E+02
0000927   5.8981E+02 -1.7148E+02 -1.6632E+02
0000928   2.8744E+02 -8.5767E+01 -1.0673E+02
0000929   3.3434E+02 -1.2229E+02  1.8071E+01
0000931   3.0464E+01 -1.6030E+02 -2.0427E+02
0000932   1.6945E+02 -2.4368E+01 -1.7758E+02
0000934   4.4469E+02  1.2187E+02 -2.1848E+01
0000935   2.6390E+02 -1.4866E+02 -2.0969E+02
0000936   3.1486E+02 -4.5038E+02 -7.3153E+01
0000937   3.2129E+02  1.3467E+02  1.7674E+02
0000938   2.1781E+02  6.7224E+01 -1.4640E+02
0000939   4.3504E+02 -2.3919E+02  8.3746E+01
0000940   5.7860E+02 -2.7523E+02  1.2355E+02
0000941   6.1377E+02  1.5328E+02 -2.4967E+01
0000942   2.0100E+02  2.1181E+02  1.1152E+01
0000943   1.7191E+02 -4.6327E+00 -3.8509E+01
0000944   3.0741E+02 -3.3439E+02 -5.5777E+02
0000945   2.6141E+02  5.8120E+00 -2.4899E+02
0000946   7.5527E+01  4.2212E+02 -8.1734E+01
0000947   4.6875E+02  1.2339E+02 -2.5944E+01
0000948   2.6473E+02  1.5327E+02 -2.0924E+01
0000949   4.6770E+02 -4.0594E+01 -6.2852E+01
0000950   2.2535E+02 -5.4440E+01  9.6032E+01
0000951   7.8543E+02  1.1519E+02  9.8964E+01
0000952   4.9100E+02  1.0565E+02  1.7669E+02
0000953   2.9668E+02 -7.1520E+01  6.3112E+01
0000954   7.5659E+02 -4.4665E+01  1.3427E+02
0000955   4.7802E+02  1.1746E+02  7.6673E+01
0000956   2.9276E+02  9.7913E+01 -7.7789E+01
0000957   2.7958E+02  1.0142E+02  2.6273E+02
0000958   4.8366E+02  1.9713E+02  1.9224E+01
0000959   2.9190E+02 -2.4873E+00  1.4106E+02
0000961   8.7864E+01  1.5435E+01  1.9353E+02
0000962   4.9126E+02 -4.8291E+02 -9.4175E+01
0000963   8.0297E+01  2.5898E+02 -5.2384E+01
0000964   4.1363E+02 -1.6797E+02  1.4165E+01
0000965   2.3129E+02 -2.0561E+02  3.0687E+02
0000966   3.5036E+02  2.8682E+01 -6.6225E+01
0000967   6.1080E+02 -1.9903E+02 -3.4840E+01
0000968   3.0076E+02  6.3028E+01  1.7300E+02
0000969   3.4118E+02 -1.0686E+01 -9.9987E+01
0000970   3.0673E+02 -2.1680E+02  1.2525E+02
0000971   1.3512E+02  1.0519E+02  1.4717E+02
0000972   1.9428E+02  8.5189E+00  2.7718E+02
0000973   2.8109E+02  3.2191E+01  1.8070E+01
0000974   6.1527E+02 -3.5861E+01  1.1035E+02
0000975   1.6843E+02 -1.8141E+01  8.5665E+01
0000977   2.6802E+02  1.1387E+02  9.0022E+01
0000978   8.8389E+01  5.6524E+01 -8.6951E+01
0000979   1.8493E+02 -7.5423E+00 -1.1037E+02
0000980   3.5927E+02  2.1861E+02 -4.8310E+01
0000981   5.3342E+02  1.5051E+01  2.9467E+02
0000982   1.3972E+02  2.7729E+02  1.0988E+02
0000983   2.2612E+02 -3.2624E+01 -2.8532E+02
0000984   6.6286E+01  5.0061E+02 -2.0637E+02
0000985   5.1612E+02  1.9215E+02  5.1490E+01
0000986   4.6025E+02 -3.8642E+02  2.0310E+02
0000987   4.4750E+02  2.2071E+01  9.7396E-01
0000988   2.2444E+02 -8.8494E+01 -1.4503E+00
0000989   2.4800E+02 -3.4945E+01 -2.3579E+02
0000990   3.2843E+02 -2.5694E+02 -4.0705E+02
0000991   9.3316E+01 -6.1013E+01  1.0363E+02
0000992   4.4610E+02  1.3543E+02 -3.5614E+02
0000993   3.3010E+02 -1.2118E+02 -4.7438E+01
0000994   2.6519E+02  1.1389E+02 -1.3960E+02
0000995   1.8355E+02 -8.4713E+01 -2.0459E+02
0000996   1.4903E+02  1.5495E+02  2.5533E+01
0000997   2.4135E+02 -3.7825E+01 -4.6703E+02
0000998   4.3270E+02  5.7803E+01 -3.4439E+02
0000999   3.2658E+02 -2.3530E+02 -2.0523E+02
0001000   3.8831E+02  1.6829E+02 -1.3978E+01
