============================== SRIM-2013.00 ==============================
==============================================================================
====== SRIM Outputs\RANGE_3D.txt : File of Final Ion Positions =====

Ion =  F (09)   Ion Mass= 018.9984
Energy  = 3000000.E-05 keV
Ion Angle to Surface = 00.0 degrees
==================== TARGET =======================
  Layer # 1 - None
  Layer # 1 - Bottom Depth=500000.E-01 A
  Layer # 1 - Density =0007.8700 g/cm3
  Layer # 1 -  100 % of Fe
ÍÍÍÍÍÍÍÍÍÍÍÍÍÍÍÍÍÍÍÍÍÍÍÍÍÍÍÍÍÍÍÍÍÍÍÍÍÍÍÍÍÍÍÍÍÍÍÍÍÍÍÍ
                                            
Ion       Depth  X   Lateral Y   Lateral Z  
Number    (Angstrom) (Angstrom)  (Angstrom) 
-------  ----------- ----------- -----------
0000001   6.3888E+01 -1.2948E+02 -1.3793E+02
0000002   2.6219E+02 -1.6140E+02 -2.3383E+02
0000003   4.2574E+02 -2.0693E+02  2.6278E+02
0000004   2.7834E+02 -1.0307E+02 -2.4229E+02
0000005   1.0928E+02 -1.6167E+01 -1.0897E+02
0000006   4.2075E+02  3.2206E+02  1.1061E+02
0000007   5.5870E+02  1.4664E+02  2.7735E+02
0000008   2.9391E+02 -9.6619E+01 -2.7122E+02
0000009   3.3202E+02  8.6940E+01  6.7822E+01
0000012   4.7773E+02 -4.8081E+01  1.2395E+02
0000013   3.6081E+02 -8.8903E+01  1.9923E+02
0000014   5.0956E+02  1.9768E+01 -5.1178E+01
0000015   1.9315E+02  6.5348E+01  6.9576E+01
0000016   4.9025E+02 -1.1044E+02  6.5554E+01
0000017   3.7059E+02  2.3135E+01  1.0321E+02
0000018   2.3618E+02 -9.3574E+01 -9.7222E+01
0000019   3.9662E+02 -1.8964E+00  2.9126E+02
0000020   6.2485E+02 -1.2489E+02 -2.1459E+02
0000021   4.5178E+02 -7.1953E+01 -1.2839E+02
0000022   2.1762E+02 -2.6659E+02  1.7893E+02
0000023   2.4120E+02 -2.9788E+02 -7.7090E+00
0000024   4.2658E+02 -2.2796E+02  1.8950E+02
0000025   3.8458E+02 -1.2164E+02 -7.2086E+00
0000026   5.9785E+02 -2.5464E+02 -7.3134E+01
0000027   5.1188E+02 -5.6489E+01  8.9412E+00
0000028   1.3181E+02 -4.2017E+00 -2.2283E+02
0000029   3.8294E+02  1.7058E+02 -1.9029E+02
0000030   3.4353E+02 -9.4621E+00 -3.2692E+02
0000031   3.7674E+02  9.5096E+01 -1.7708E+02
0000032   3.0752E+02  1.8134E+02  6.3007E+01
0000033   2.5895E+02 -1.0746E+02 -1.7441E+02
0000034   3.3084E+02  1.7627E+02 -2.6617E+02
0000035   2.6797E+02 -3.5134E+01 -2.6786E+02
0000036   3.1743E+02  1.0839E+01 -1.3566E+02
0000037   3.8714E+02  1.2832E+02 -3.5127E+02
0000038   3.3567E+02 -1.2917E+02  4.2479E+01
0000039   1.8574E+02  7.4108E+01 -2.2027E+02
0000040   5.2039E+01  3.1297E+02 -1.2083E+02
0000041   2.0111E+02  3.0832E+02  3.9866E+01
0000042   3.6076E+02  9.3197E+01 -3.1044E+01
0000043   4.0337E+02 -2.0229E+01 -1.0412E+02
0000044   4.4278E+01 -1.3290E+02  1.0858E+01
0000045   6.9381E+01  3.7784E+01 -3.4001E+01
0000046   2.5016E+02 -5.4952E+01  1.2653E+01
0000047   4.2057E+02  6.5029E+01 -3.3919E+02
0000048   5.2158E+01 -6.9258E+01  3.8021E+01
0000049   3.9605E+02 -1.5387E+02 -1.5282E+02
0000050   3.3175E+02  1.0341E+02 -1.0134E+02
0000051   3.9183E+02 -2.7117E+02 -1.0798E+02
0000052   2.5265E+02 -6.0359E+01  4.2484E+02
0000053   5.3315E+02 -4.0084E+02  3.4055E+02
0000054   1.1980E+02  1.4500E+02  1.8039E+02
0000055   3.2120E+02 -3.2818E+02 -3.5727E+01
0000056   2.5208E+02 -7.0789E+01  1.5891E+01
0000057   5.1793E+02  3.5508E+02  2.4201E+02
0000058   6.5082E+02  2.7018E+02  2.5594E+02
0000059   2.3510E+02 -7.2502E+01  7.2239E+01
0000061   1.6199E+02 -1.0503E+02 -9.0714E+01
0000062   5.7613E+01  1.2668E+02 -1.2636E+02
0000063   7.0262E+02  1.0494E+02  1.1916E+02
0000064   3.9810E+02  4.6161E+01 -3.5960E+02
0000065   2.5751E+02  7.4185E+01 -1.7053E+02
0000066   3.6969E+02  3.2362E+02  8.6385E+01
0000067   4.5365E+02  2.2617E+02 -4.4853E+02
0000068   3.3617E+02 -1.0934E+02 -2.6342E+02
0000069   4.6858E+02 -5.6929E+01  2.9502E+02
0000070   1.6190E+02 -1.0795E+02  2.3665E+02
0000071   5.7084E+02  3.3509E+02 -9.1885E+01
0000072   2.6034E+02 -1.1832E+02  4.1690E+01
0000073   5.9790E+01 -6.6476E-01 -3.8684E-01
0000074   3.8435E+02  2.0592E+02 -3.3753E+01
0000075   4.6029E+02  1.8448E+02 -2.8838E+02
0000076   5.0044E+02 -5.1289E+01  6.5010E+01
0000077   3.4813E+02 -1.4303E+02 -1.1166E+02
0000079   1.2011E+02 -1.0966E+02  7.3160E+01
0000080   5.9294E+02 -2.9591E+02  7.5959E+00
0000081   4.1549E+02 -2.2092E+02  1.0259E+02
0000082   5.1567E+02  2.3057E+02 -2.5578E+02
0000084   3.0501E+02 -2.1832E+02  3.8731E+01
0000085   7.8832E+01 -2.3983E+02 -3.0590E+01
0000086   2.2916E+02 -8.3698E+01  1.9049E+02
0000087   2.5243E+02 -3.2914E+02 -1.2874E+02
0000088   1.1809E+02  4.4669E+01  5.9397E+01
0000089   3.0229E+02  4.4737E+01 -1.5293E+02
0000090   6.1095E+02 -3.3890E+01  4.1348E+01
0000091   2.9171E+02 -1.0724E+02  9.4647E+01
0000092   4.7667E+02  1.9663E+02  3.7980E-02
0000093   1.3524E+02 -8.9316E+01  3.0263E+01
0000094   3.5301E+02 -3.0104E+02  1.0167E+02
0000095   1.7855E+02 -1.4193E+01 -1.9734E+01
0000097   4.5527E+01  3.6747E+01 -1.1528E+01
0000098   3.2550E+02 -1.9317E+02 -5.0016E+01
0000099   2.7091E+02 -1.0257E+01  8.5700E+01
0000100   4.9778E+02  9.1582E+01  3.0791E+02
0000101   4.2982E+01  1.5994E+02 -1.2430E-01
0000102   3.0198E+02 -1.1099E+02  5.1548E+01
0000104   4.4723E+02  1.8481E+02 -2.8395E+02
0000105   1.1093E+02  3.4306E+02 -2.5749E+02
0000106   9.3948E+01 -5.5906E+00  4.8144E+01
0000107   9.9916E+01  1.8198E+02  1.1061E+02
0000108   7.2439E+01  1.0297E+02 -2.0278E+02
0000109   2.9594E+02  1.8096E+02  1.9542E+02
0000110   7.4398E+02 -2.1350E+02 -6.5197E+01
0000111   2.3878E+02 -1.0692E+02  2.1890E+01
0000112   8.0448E+02 -5.6632E+01 -2.6582E+02
0000113   2.8647E+02 -5.2120E+02 -2.5183E+02
0000114   3.0245E+02  3.0436E+02  1.0198E+02
0000115   2.5654E+02 -3.4402E+01 -7.3103E+01
0000116   2.5956E+01 -1.3696E+02  1.4859E+02
0000117   2.2762E+02 -7.1967E+01  5.9578E+01
0000118   2.8535E+02 -1.7312E+02 -2.0775E+01
0000120   5.4686E+02 -1.2430E+02 -8.7131E+01
0000121   1.9890E+02 -1.2806E+02 -9.7897E-03
0000122   1.8758E+02 -1.7706E+02 -6.1229E+01
0000123   8.6096E+02  3.2139E+02  1.3399E+02
0000124   1.8026E+02 -1.0643E+02  1.8880E+02
0000125   1.3896E+02 -2.9486E+01  1.9963E+01
0000126   2.5494E+02 -1.0847E+02  1.7009E+00
0000127   2.8124E+02 -1.4195E+02  8.3880E+01
0000128   1.8416E+02  2.3229E+02 -2.0365E+00
0000129   2.4856E+02 -3.4288E+02  2.0849E+02
0000130   4.0920E+02 -3.9025E+02  2.7823E+01
0000131   2.7772E+02  1.7621E+01 -9.9427E+01
0000132   4.1964E+02 -5.2069E+01  2.0817E+01
0000133   1.0491E+02 -2.0052E+00  3.9941E+02
0000134   5.7660E+02  2.9531E+02  2.0821E+02
0000136   3.6065E+02 -3.6120E+01  8.4851E+01
0000137   3.7875E+02 -5.8872E+01  2.0101E+02
0000138   5.2749E+02 -2.9250E+02  1.7585E+01
0000139   7.2233E+02  1.8142E+02  3.4440E+01
0000140   4.3082E+02 -2.0665E+02  2.0553E+02
0000141   3.8095E+02 -1.1697E+02  2.2682E+02
0000142   3.6232E+02  2.6752E+01 -9.6206E+01
0000143   3.3072E+02  3.0652E+02  3.6497E+02
0000144   2.7689E+02  1.8464E+02  1.1287E+02
0000145   5.2428E+02 -1.4759E+02 -1.4474E+02
0000146   3.4551E+02  1.4194E+02 -9.7266E+01
0000147   7.5363E+02  1.2277E+02  4.3489E+01
0000148   2.2182E+02  4.4580E+02 -7.6349E+01
0000149   3.1637E+02  1.7709E+00 -1.6616E+02
0000150   5.3932E+02 -2.7373E+02  2.7916E+02
0000151   3.3604E+02  8.5502E+01 -2.8620E+02
0000152   5.7224E+02 -2.2952E+02  3.3338E+02
0000153   3.2278E+02  3.6812E+02 -2.5377E+02
0000154   2.4690E+02 -2.4476E+01 -9.5127E+01
0000155   3.8391E+02  3.0345E+02 -4.2775E+01
0000156   4.6643E+01  2.4622E+02  2.8039E+01
0000157   1.3449E+02 -9.4248E+01 -6.1116E+01
0000158   3.7938E+02  1.7307E+02  3.6667E+01
0000159   1.4838E+02  4.8616E+01  4.5934E+01
0000160   2.0566E+02 -2.7881E+02 -1.0895E+02
0000161   1.9041E+02 -7.0078E+01  1.5036E+02
0000162   2.6693E+02 -6.4021E+00  3.1798E+02
0000163   2.7666E+02  1.8260E+02  2.9112E+02
0000164   6.6947E+01  7.7069E+01 -2.7718E+01
0000165   5.6638E+02 -4.5443E+01 -1.4051E+02
0000166   2.5589E+02 -2.1908E+02  2.8785E+01
0000167   1.0234E+02  1.4613E+02  1.1548E+02
0000168   2.3530E+02 -1.8789E+01 -7.2005E+01
0000169   4.7840E+02  4.4531E+01  1.0123E+02
0000170   3.1390E+01  2.4795E+02 -1.5608E+02
0000171   3.3413E+01 -6.9528E+01 -2.0080E+02
0000172   1.3434E+02  8.8725E+01 -2.0913E+02
0000174   4.1113E+02 -2.4591E+02  2.0461E+02
0000175   5.0916E+02  4.8961E+01  8.0105E+01
0000176   4.2654E+02  4.2520E+01 -8.3815E+01
0000177   3.1891E+02  2.9874E+00 -1.5591E+01
0000178   8.2999E+01  2.7161E+02  2.0944E+01
0000179   4.7104E+02 -1.1769E+02  9.9984E+01
0000180   1.7658E+02  1.1783E+02  1.6137E+01
0000181   6.4956E+01 -8.8615E+01 -6.9003E+01
0000182   1.3497E+02  7.9259E+01 -5.5577E+02
0000183   4.2287E+02 -1.5813E+02 -2.0118E+02
0000184   2.9424E+02  2.7775E+01  1.9465E+02
0000185   9.2905E+01 -1.9435E+02  1.5222E+02
0000186   2.7810E+02 -9.0906E+01 -9.0910E+01
0000187   2.5897E+02 -2.8540E+02  7.1257E+00
0000188   3.2812E+02  1.8325E+02 -7.3250E+01
0000189   1.8625E+02  1.2032E+02 -2.6204E+02
0000190   6.2929E+02  1.5109E+01 -2.3971E+02
0000191   1.0946E+02  5.3890E+01 -1.6016E+02
0000192   3.8262E+02  9.1895E+01  5.9525E+01
0000193   4.7869E+02  4.9158E+01 -9.7595E+01
0000194   1.1299E+02  1.0175E+02 -9.1668E+01
0000195   2.2276E+02 -1.1366E+02 -3.4245E+01
0000197   1.7202E+02  1.8373E+02  2.7922E+00
0000198   7.2134E+02 -1.6372E+01  5.7371E+01
0000199   4.3344E+02  1.5502E+02 -5.8964E+01
0000200   5.9296E+02  9.5758E+01  9.4043E+01
0000201   2.6793E+02  7.1630E+01 -4.6416E+01
0000202   3.6107E+01 -7.8149E+01 -4.5402E+02
0000203   2.5667E+02  5.4917E+01 -7.0579E+01
0000204   5.4629E+02 -1.6672E+02 -3.9948E+01
0000205   1.9824E+02  9.8945E+01 -1.3254E+02
0000206   3.4929E+02 -1.0365E+02 -9.9676E+01
0000207   1.0768E+02  1.5500E+01  6.3722E+00
0000208   2.2601E+02 -3.6142E+02  4.6787E+01
0000209   3.3565E+02  2.5292E+02 -1.5438E+02
0000210   4.0129E+02 -1.4263E+02 -3.3127E+01
0000211   2.8452E+02  1.3833E+02 -2.4943E+02
0000212   2.8096E+02  4.2727E+01 -9.5558E+00
0000213   2.1068E+02  9.6148E+01  6.1799E+01
0000214   3.7247E+02 -2.0723E+02 -8.9668E+01
0000215   3.2124E+02 -6.6741E+01  3.1749E+02
0000216   3.5646E+02 -2.2858E+02  3.8701E+00
0000217   2.5335E+02  3.6056E+02 -1.0278E+02
0000218   4.8409E+02  1.2287E+02 -8.4502E+01
0000219   2.3877E+02 -2.1772E+02 -1.4362E+02
0000220   5.3248E+02 -2.9616E+01  6.6742E+01
0000222   2.5654E+02  2.2365E+02  1.4275E+02
0000223   3.4577E+02  5.2439E+01  5.0574E+01
0000224   4.3452E+02 -7.0489E+01  1.0821E+02
0000225   1.6416E+02 -1.4548E+01 -3.4022E+01
0000226   7.4038E+02  1.4163E+02 -2.5015E+00
0000227   8.8055E+01 -9.6346E+01  3.5486E+02
0000228   3.5579E+02  1.1610E+02 -2.8140E+02
0000229   4.2400E+02 -1.3780E+02  1.1372E+02
0000230   1.5649E+02  1.1606E+02 -8.9363E+01
0000231   5.6014E+02  1.6956E+02 -4.6955E+02
0000232   4.5094E+02  8.3407E+01 -3.4032E+02
0000233   3.6552E+02 -2.0206E+02  5.5868E+00
0000234   1.1140E+02 -2.0009E+02  6.8281E+01
0000235   4.6843E+02 -5.3768E+01  5.5651E+01
0000236   5.5965E+02 -9.6448E+01  7.1609E+01
0000237   4.7240E+02 -1.9547E+01 -1.3850E+02
0000238   3.7156E+02 -3.5302E+02 -2.8575E+02
0000239   2.6159E+02  1.4712E+02  6.2872E+01
0000240   3.4534E+02 -2.8117E+01 -8.8886E+01
0000241   1.6574E+02  5.7883E+01 -1.2164E+02
0000242   5.4603E+02 -1.6916E+02 -1.2750E+01
0000243   5.2134E+02  4.8927E+01  1.0214E+02
0000244   3.0618E+02 -1.3780E+02 -3.6097E+01
0000245   1.3191E+02 -5.4439E+01  5.7075E+01
0000246   2.2922E+02  4.8152E+01 -7.6734E+00
0000247   2.5629E+02  1.6163E+01  5.5072E+01
0000248   2.1123E+02 -1.6813E+02 -5.8339E+01
0000249   2.0817E+02 -8.0369E+01  9.1951E+00
0000250   1.0275E+02 -1.3696E+02 -6.7497E+01
0000251   3.0325E+02  1.5874E+02  9.8148E+01
0000252   3.3460E+02  3.5234E+01 -2.8890E+01
0000253   1.1146E+02  8.9382E+01 -2.0966E+02
0000254   3.4233E+02 -2.0388E+02  8.8066E+01
0000255   8.6365E+01  2.2366E+01 -7.8370E+01
0000256   4.7999E+02  1.9872E+02 -1.1457E+02
0000257   2.2667E+02 -3.6165E+01  3.1769E+02
0000258   7.7137E+01  4.0903E+01 -1.3891E+01
0000259   2.4232E+02 -8.4867E+01  4.0230E+01
0000260   4.8330E+02  1.1330E+02  1.3539E+02
0000261   2.0195E+02 -1.7131E+02  9.9418E+01
0000262   4.0569E+02  2.7515E+02  1.2202E+02
0000263   5.5921E+02 -3.7561E+02 -1.8524E+02
0000264   4.3737E+01  7.9448E+01 -5.1506E+01
0000265   3.5961E+02  7.5908E+01  2.9285E+01
0000266   4.1245E+02  1.1519E+01  6.6337E+01
0000267   7.0286E+02 -4.1020E+01 -8.6415E+01
0000268   2.1025E+02 -1.0606E+02 -2.7821E+01
0000269   1.7835E+02 -3.3011E+02  2.5622E+02
0000270   4.5762E+02  4.7420E+02 -1.7371E+01
0000271   3.1487E+02 -4.2120E+01  2.6187E+02
0000272   1.4775E+02  1.7262E+02  1.2935E+02
0000273   2.1638E+02  1.0664E+02  8.4524E+01
0000274   3.2919E+02 -8.2337E+01 -5.2475E+01
0000275   2.1442E+02 -1.5818E+02 -5.6693E+01
0000276   1.2458E+02 -1.4391E+01 -3.0099E+02
0000277   2.9214E+02  3.7266E+02 -2.7982E+00
0000278   1.2856E+02  1.1461E+01  2.4986E+02
0000279   5.1372E+02 -1.2532E+02 -5.1040E+01
0000280   2.8133E+02  1.2998E+02 -2.5500E+02
0000281   3.5848E+02  1.2430E+02  2.8608E+02
0000282   2.5154E+02  2.0459E+02 -7.4462E+01
0000283   3.6805E+02  3.9876E+00 -1.7871E+02
0000284   1.6305E+02  4.2594E+02  1.8348E+02
0000285   4.1361E+02  1.1424E+02 -1.2345E+02
0000286   5.4684E+02 -2.1201E+02 -3.5373E+02
0000287   3.3207E+02  1.1489E+02  1.9719E+02
0000288   4.1571E+02 -1.2747E+02 -1.2886E+01
0000289   2.9064E+02  1.0539E+02 -2.7946E+02
0000290   4.0599E+02  1.3298E+02  1.5821E+02
0000291   3.6124E+02  8.1336E+01  4.4996E+01
0000292   1.6407E+02 -1.8885E+02 -7.4130E+01
0000294   3.3153E+02 -4.7207E+01  1.3808E+02
0000295   9.5778E+01 -6.9886E+01 -2.8891E+02
0000296   5.0016E+02 -2.4135E+02  2.2843E+02
0000297   1.4610E+02  4.4896E+00 -1.0466E+02
0000298   4.7488E+02  6.8337E+01  1.3790E+02
0000299   1.5717E+02  1.8259E+02 -8.8337E+01
0000300   6.1573E+01  4.6825E+01 -1.1914E+02
0000301   3.5656E+02  2.8137E+02  6.8699E+01
0000302   3.3522E+02  2.1240E+02  1.4433E+02
0000303   2.4565E+02  1.0392E+00  1.1415E+02
0000304   3.6315E+02  1.8330E+02  9.1995E+01
0000305   5.5087E+02 -1.2255E+02  1.9307E+01
0000306   4.7080E+02  1.5327E+02 -1.4159E+02
0000307   1.8960E+02  1.4786E+02 -1.3329E+02
0000308   7.2461E+01  9.9706E+01 -3.9343E+02
0000309   3.7319E+02 -3.1256E+02 -8.6961E+01
0000310   2.5976E+02  2.5602E+02 -1.5974E+02
0000311   3.5158E+02 -2.3470E+01 -2.1343E+01
0000312   5.1552E+02 -2.1283E+02 -6.1594E+01
0000313   3.9232E+02 -4.0668E+02 -3.0046E+02
0000314   6.3820E+02  8.7140E+01 -4.0669E+02
0000315   3.0109E+02  2.3993E+02 -1.0653E+02
0000316   9.2346E+01  2.3536E+02 -3.3164E+02
0000317   2.3214E+02  1.4239E+02 -7.7839E+01
0000318   1.3211E+02 -4.2608E+01 -1.2641E+02
0000320   1.7977E+02  1.0660E+02  2.2181E+02
0000321   8.7582E+01  1.3624E+02 -2.7053E+01
0000322   1.8597E+02  2.7940E+02  2.3679E+02
0000323   5.0804E+02 -1.7806E+02  1.4517E+02
0000324   5.6323E+02 -4.5222E+02  2.7729E+02
0000325   1.1277E+02 -1.2310E+02 -1.3335E+02
0000327   2.5073E+02  6.2786E+01 -1.3837E+02
0000328   3.5110E+02  1.5206E+02 -1.5084E+02
0000329   4.5604E+02  7.5810E+01 -1.0189E+02
0000330   2.3915E+02  4.0412E+02 -1.1129E+02
0000331   9.3417E+01  1.7686E+01  2.6311E+01
0000332   2.6942E+02 -1.1670E+02 -2.0757E+02
0000333   1.5633E+02  1.0709E+00 -1.2060E+02
0000334   5.3929E+02 -2.1651E+01 -6.2396E+01
0000335   2.5276E+02  5.6868E+01  9.8222E+01
0000336   2.8324E+02  1.2421E+01 -2.2752E+02
0000337   3.4514E+02 -2.3539E+02 -1.6468E+02
0000338   2.6243E+02  2.5483E+02 -1.0272E+02
0000339   3.7248E+02  6.8056E+01 -8.0008E+01
0000340   5.2285E+02  1.3964E+02 -2.8192E+01
0000341   7.0988E+01  1.6597E+02 -1.5991E+02
0000342   4.5671E+02  1.2936E+01  9.1981E+01
0000343   2.8782E+02 -1.1300E+02 -2.4732E+02
0000344   4.7482E+02 -3.5749E+02 -3.8241E+02
0000345   3.5243E+02  3.0270E+01 -2.0813E+02
0000346   1.2401E+02 -2.8667E+02  1.8876E+02
0000347   5.5722E+01 -7.5650E+01 -3.6193E+01
0000348   5.6812E+02 -2.1822E+02 -1.2657E+02
0000349   5.4142E+02  5.5665E+01  7.2836E+00
0000350   2.8764E+01 -1.2340E+02  1.7965E+02
0000351   2.7506E+02  1.8401E+02  9.3697E+01
0000352   1.8938E+02  8.4873E+01  4.4201E+01
0000353   1.1511E+02  8.2467E+00 -9.8512E+00
0000354   2.3646E+02  1.3812E+01  2.2362E+02
0000355   3.1670E+02  2.1670E+02  1.4909E+02
0000356   3.8738E+02 -1.7493E+02  1.2094E+02
0000357   1.8132E+02 -2.0974E+02 -9.1588E+01
0000358   1.5960E+02  1.3576E+02  8.8945E+01
0000359   2.6817E+02 -6.1520E+01 -6.0550E+01
0000360   1.0080E+02 -2.3936E+00 -5.2653E+00
0000361   1.3933E+02  3.0771E+02 -1.7607E+02
0000362   4.1050E+01 -1.7872E+02  7.0246E+01
0000363   2.4766E+02 -3.9646E+02 -5.6280E+01
0000364   4.6569E+02  7.6330E+01 -5.6150E+01
0000365   4.2116E+02  3.4721E+01  3.0353E+02
0000366   5.5757E+02  1.4550E+02 -4.7625E+01
0000367   2.2448E+02  1.2624E+02  3.7988E+02
0000369   6.5136E+01 -7.2005E+01  9.4072E+01
0000370   1.9984E+02  1.3516E+02 -1.2660E+02
0000371   1.7415E+02  3.6691E+02 -2.1999E+02
0000372   3.7078E+02 -2.2040E+02  8.0120E+01
0000373   1.5039E+02  1.5243E+02 -1.0831E+02
0000374   7.4307E+02  6.7665E+01 -1.4891E+02
0000375   8.9228E+01 -6.9295E+01 -1.0423E+02
0000376   3.2839E+02 -1.1335E+01 -1.4442E+02
0000377   2.5664E+02 -5.8137E+01 -3.7652E+01
0000378   1.0550E+02 -2.3427E+01  5.1526E+01
0000379   1.0032E+02 -1.4534E+01  1.1348E+01
0000380   3.0181E+02  3.1212E+02 -9.3301E+00
0000381   4.5324E+02 -3.7400E+01  1.3233E+02
0000382   2.2914E+02  2.1130E+02 -3.7403E+02
0000383   1.6838E+02 -1.5035E+01 -2.1299E+02
0000384   5.0688E+01  1.8430E+02 -9.3253E+01
0000385   4.2897E+02 -4.0582E+00  1.8510E+02
0000386   5.0146E+02  8.2553E+01 -8.9134E+01
0000387   3.3579E+02  1.4784E+02  2.7279E+01
0000390   1.1988E+02 -1.8433E+02  7.7957E+01
0000391   3.6637E+02  4.2801E+01 -1.3929E+02
0000393   2.4791E+02 -5.5682E+01  4.3843E+00
0000394   1.4941E+02  1.7924E+02  1.0625E+02
0000395   6.3989E+02 -1.1320E+02 -1.9730E+02
0000396   1.0842E+02 -1.0333E+02  2.1664E+02
0000397   6.3367E+02 -3.5710E+01  4.6880E+01
0000398   4.1354E+02 -6.4808E+01  9.7428E+01
0000399   1.3656E+02  1.5962E+01 -2.6535E+02
0000400   9.5421E+01  2.2363E+02  3.5549E+01
0000401   1.0036E+02  3.3814E+02  1.8274E+01
0000402   2.5570E+02 -3.2683E+01  1.5368E+02
0000403   1.8147E+02 -3.4011E+02 -4.0618E+01
0000404   3.2031E+02  8.4191E+01  3.1818E+02
0000405   3.7644E+01  2.3893E+02  1.6967E+02
0000406   2.8856E+02  2.1746E+02  3.7966E+01
0000407   2.7154E+02 -1.0651E+02 -2.3566E+02
0000408   2.5835E+02 -6.0235E+01 -1.2970E+02
0000410   6.7687E+02 -8.5393E+01 -1.1854E+02
0000411   3.4611E+02  3.7566E+02  1.1548E+02
0000412   3.9560E+01 -3.8569E+02 -2.7246E+02
0000413   4.2085E+02  1.4151E+02 -3.0888E+02
0000414   3.3709E+02 -7.3038E+01 -1.1933E+02
0000415   1.2971E+02  2.3741E+02  3.5921E+02
0000416   1.0247E+01  1.1833E+01 -4.7623E+01
0000417   8.4363E+01  1.2277E+02  6.3600E+01
0000418   4.1428E+02 -2.7580E+02  9.3416E+01
0000419   1.2369E+02 -4.4264E+02 -1.2614E+02
0000420   2.5640E+02  2.6793E+01 -3.1551E+02
0000421   6.2227E+02  1.9606E+02 -2.0720E+02
0000422   4.7230E+02  4.7910E+01  2.2031E+02
0000423   2.1347E+02  1.7304E+01 -9.2037E+01
0000424   3.8442E+02  2.2331E+02 -4.5547E+01
0000426   3.4569E+02  3.2763E+02 -1.7887E+02
0000427   4.4620E+02 -2.4384E+02  2.0722E+02
0000428   6.2545E+02  7.7847E+01 -2.8604E+02
0000429   2.1728E+02  1.2256E+01  2.3854E+02
0000430   2.6459E+02  2.9308E+01  6.1254E+01
0000431   2.8775E+02  2.4437E+02  5.3020E+01
0000432   3.3158E+02  1.3112E+02  1.4539E+02
0000433   3.6937E+02 -3.4310E+02  2.4476E+02
0000435   5.6318E+02  2.3205E+02  3.2224E+02
0000436   2.5653E+02 -7.5320E+01  1.1311E+02
0000437   2.9016E+02 -2.7959E+02  1.8403E+02
0000438   4.3239E+02 -3.2204E+02  1.1272E+01
0000439   5.3000E+02  1.0049E+02  2.5601E+02
0000440   3.2107E+02  4.1024E+01  1.4000E+02
0000442   2.8755E+02 -5.6907E+01 -1.7032E+02
0000443   4.1159E+02 -1.5446E+02  1.0786E+02
0000444   3.5563E+02  8.1770E+01  1.1305E+02
0000445   3.1342E+02  1.8407E+02  3.5700E+02
0000446   4.0264E+02  1.1351E+02 -2.5727E+02
0000447   4.3264E+02  1.3584E+02  3.0092E+02
0000448   1.4288E+02 -2.0644E+02 -1.2185E+02
0000449   2.7172E+02  4.6123E+01  3.2816E+02
0000450   1.4728E+01 -4.3271E+01 -1.0277E+02
0000451   2.0067E+02  2.0564E+02 -7.8180E+01
0000452   5.0430E+02 -9.1875E+01 -2.3896E+02
0000453   1.2649E+02 -1.4297E+02  9.7843E+01
0000454   2.6909E+02  3.9866E+01  8.9108E+01
0000455   2.2596E+02 -1.2470E+02  6.7460E+01
0000456   2.9338E+02  2.2082E+02 -3.9332E+01
0000457   2.9870E+02 -5.4642E+01 -1.8759E+02
0000458   6.1844E+01  1.4137E+02  7.2994E+01
0000459   4.0290E+02  1.5246E+02  2.0259E+02
0000460   3.6565E+02 -1.6370E+02 -5.0433E+01
0000461   2.4838E+02 -2.5477E+01 -5.6179E+00
0000462   3.6246E+02 -2.3252E+01  1.3624E+02
0000463   3.8602E+02  8.7345E+01 -3.2154E+02
0000465   3.5239E+02  2.2031E+02  3.2052E+01
0000466   4.3622E+02 -1.4839E+02  1.4900E+02
0000467   3.2748E+02  5.1654E+01 -1.2174E+01
0000468   3.0738E+02  1.6561E+01  4.7062E+02
0000469   5.2953E+02 -2.6073E+01 -5.2825E+00
0000470   2.3832E+02 -6.5795E+01 -2.3364E+02
0000471   1.8947E+01  1.3876E+01  6.5670E+01
0000472   4.8315E+02  1.4560E+01  4.9776E+01
0000473   3.1078E+02 -2.1607E+02 -1.3165E+02
0000474   4.9447E+02  2.2557E+02  6.8350E+00
0000475   2.8558E+02  1.0149E+02 -3.2112E+02
0000476   5.2314E+02  1.2892E+02 -1.9142E+01
0000477   1.1091E+02 -2.1886E+00 -1.6493E+02
0000478   2.4267E+02  1.7241E+02 -2.6028E+02
0000479   1.3791E+02 -2.0427E+01 -8.8336E+01
0000480   8.2188E+01 -8.4489E+01  1.3987E+02
0000481   6.6830E+02 -9.2600E+01  3.6522E+02
0000482   3.3495E+02  1.0697E+02  1.0596E+02
0000483   2.6183E+02  1.4058E+02 -1.6625E+02
0000484   1.0862E+02 -1.2426E+02  1.1236E+02
0000485   2.3855E+02 -4.7258E+01  2.1755E+02
0000486   5.2676E+02  5.4332E+01  2.7497E+01
0000487   2.1625E+02 -3.0334E+01 -2.5567E+01
0000488   5.6151E+02  1.0597E+02 -4.6139E+01
0000489   3.5689E+02  5.0604E+01  1.8761E+02
0000490   2.1701E+02 -1.4794E+02 -6.3339E+01
0000491   2.5741E+02 -9.6522E+00 -2.1192E+02
0000492   6.2545E+02 -6.6503E+00 -3.6783E+02
0000493   3.0963E+02 -2.8149E+02 -1.5956E+02
0000494   6.1597E+02  1.0031E+02  8.6798E+01
0000495   1.0095E+02 -1.5531E+02  2.0539E+02
0000496   4.8840E+02 -1.2451E+02  2.7100E+02
0000497   3.8271E+02 -1.0430E+02  2.3030E+02
0000498   2.1531E+02 -1.4633E+02  2.5297E+02
0000499   3.3106E+02 -2.1220E+00  1.9776E+02
0000500   2.9742E+02 -1.0122E+02  5.6514E+01
0000501   2.5638E+02  9.2686E+01  3.0298E+01
0000502   6.2204E+01 -1.9037E+02  3.5912E+02
0000503   2.2475E+02 -5.7521E+01 -5.1219E+01
0000504   2.0430E+02  1.6094E+02  3.1622E+02
0000505   4.9602E+02 -2.2769E+02  9.1746E+01
0000506   2.6421E+02 -1.2053E+02  2.3211E+02
0000507   4.2893E+02 -2.9892E+02 -3.0883E+02
0000508   4.3639E+02 -2.4811E+02  6.2741E+01
0000509   3.9257E+02 -3.0270E+01 -4.2602E+01
0000510   3.3383E+02  6.6840E+01  2.3737E+02
0000511   3.6417E+02  3.1770E+02  2.0824E+02
0000512   2.0939E+02 -1.6426E+02  1.1455E+02
0000513   3.3121E+02  3.0936E+01 -1.0918E+02
0000514   1.1989E+02 -1.1450E+02  1.5745E+02
0000515   4.5265E+02 -5.6912E+01  1.1122E+02
0000516   3.3015E+02  2.3383E+02 -6.7746E+01
0000517   4.1640E+02 -2.2337E+01 -1.3351E+02
0000518   4.4356E+02  9.5467E+01 -6.8914E+00
0000519   2.9332E+02 -2.9795E+02  1.1953E+02
0000520   2.3607E+02  9.8462E+01 -2.2102E+02
0000521   6.0068E+02 -1.2244E+01 -8.7005E+01
0000522   4.9278E+02 -1.9056E+02 -1.4153E+02
0000523   8.1539E+01 -1.3951E+02 -1.7400E+02
0000525   3.8082E+02  5.3038E+01 -3.3865E+02
0000526   3.3409E+02  1.4115E+02 -4.6135E+01
0000527   3.3041E+02 -3.4315E+02  2.8008E+02
0000528   5.7631E+02  2.2862E+02 -1.5925E+02
0000529   3.7196E+02 -1.6369E+02  2.0152E+02
0000530   8.2605E+01  1.7617E+02  2.9926E+02
0000531   3.8293E+02 -3.1919E+02  1.1794E+01
0000532   1.3040E+02  1.6305E+01 -1.8133E+02
0000533   2.6831E+02 -2.0771E+02  3.5428E+02
0000534   1.7035E+02  9.9204E+01 -2.8656E+02
0000535   2.9559E+02  1.0337E+02  2.0607E+02
0000536   2.0110E+02  9.4817E+01  1.7945E+02
0000537   1.7334E+02  5.4667E+00 -8.8737E+01
0000538   1.2557E+02 -1.1594E+01  8.3003E+01
0000539   3.6227E+02  3.5947E+01  1.5268E+01
0000541   4.1715E+02  1.1389E+02 -2.0636E+02
0000542   8.9627E+01  5.3935E+02  2.5205E+02
0000543   3.3217E+02 -4.2399E+01  3.0708E+02
0000544   1.8434E+02 -4.0819E+00  4.3967E+01
0000545   7.2589E+02  6.8257E+01  1.0955E+02
0000546   4.0069E+02  3.8331E+01  2.6554E+02
0000547   2.3883E+02 -1.7480E+02 -2.7312E+02
0000548   7.0616E+01 -1.1167E+02  2.8112E+01
0000549   2.7043E+02  1.0711E+02  4.3627E+01
0000550   3.0346E+02  1.0202E+02 -6.4838E+00
0000551   5.3126E+02 -1.6106E+02 -7.9081E+01
0000552   3.9877E+02  1.8492E+02 -7.5283E+01
0000554   4.5778E+02  6.2950E+01 -1.1156E+02
0000555   4.9516E+02 -1.5296E+02  1.6574E+01
0000556   2.1870E+02  2.0539E+02  6.1094E+01
0000557   2.4030E+02  1.5153E+02 -1.7537E+02
0000558   1.7070E+02 -5.4942E+00 -1.3995E+02
0000559   1.6760E+02  1.1865E+02 -6.3468E+01
0000560   4.4965E+02 -5.9982E+02  1.9974E+02
0000561   4.7988E+02 -2.7187E+02 -1.3765E+02
0000562   3.4765E+02  2.5846E+01 -3.0885E+02
0000563   3.6411E+00 -2.9203E+02  2.4975E+02
0000564   2.1381E+02 -2.0247E+02  3.2420E+01
0000565   1.6997E+02 -1.5708E+02  9.5727E+01
0000566   2.7675E+02 -2.8429E+02 -5.0131E+01
0000567   1.9588E+02 -2.5035E+01 -3.1905E+02
0000568   1.2241E+02 -9.7656E+01 -8.0083E+01
0000569   2.0819E+02  6.3939E+01  1.4587E+02
0000570   4.0940E+02 -2.3561E+02  6.3306E+01
0000571   3.1846E+02  1.8674E+02 -1.4934E+01
0000572   5.4938E+01  2.8548E+02  5.6002E+01
0000573   6.7539E+01 -9.2570E+01  4.4997E+01
0000574   2.4147E+02 -6.5360E+01  2.3028E+02
0000575   2.5834E+02 -3.3649E+02  2.9560E+02
0000576   4.4418E+02 -6.0292E+00  3.4151E+01
0000577   4.4521E+02  6.2212E+00 -3.9354E+02
0000578   2.1316E+02 -1.6795E+02 -3.7867E+02
0000579   3.6913E+02 -9.3136E+00  1.2043E+02
0000580   1.7372E+02  1.4063E+02 -3.3674E+01
0000582   3.1190E+02 -2.2105E+02  1.0338E+02
0000583   2.1278E+01 -2.3128E+01  1.6561E+01
0000584   1.7448E+02 -2.1496E+02  2.5413E+00
0000585   1.2685E+02 -1.0915E+02  1.4971E+02
0000586   2.1011E+02  1.7777E+02  3.2490E+02
0000587   3.7863E+02  1.7141E+02  4.2304E+02
0000588   1.0652E+02 -1.2211E+02 -2.0318E+02
0000589   2.1915E+02 -1.1001E+02  5.5130E-01
0000590   5.1764E+02  6.8297E+01  1.6280E+02
0000591   5.1976E+02 -8.1043E+01  1.3501E+02
0000592   3.3992E+02  1.9732E+02  2.3970E+02
0000594   4.4298E+02 -1.5140E+01  5.8512E+01
0000595   3.0330E+02 -1.1988E+01 -9.6136E+01
0000596   1.1716E+02 -5.5199E+01 -7.8632E+01
0000597   1.9147E+02  1.0192E+02  1.1393E+02
0000598   1.4493E+02  1.0306E+02 -8.1262E+01
0000599   1.8015E+02  3.1121E+02  1.9541E+02
0000600   4.7240E+02  2.3853E+02 -6.9803E+01
0000601   3.3370E+02 -2.7184E+02 -6.3567E+01
0000602   4.0967E+02  2.3432E+01 -3.1520E+02
0000603   1.0765E+02  4.1240E+01 -2.0790E+02
0000604   5.4493E+01 -2.3042E+02  1.7426E+02
0000605   6.3784E+02  8.3440E+01  1.9654E+02
0000606   2.8357E+02  1.0900E+02  2.7817E+02
0000607   1.6424E+02 -1.0976E+02  2.7555E+02
0000608   1.2930E+01  3.9960E+02 -4.9582E+01
0000609   2.3392E+02  3.4413E+02  1.4443E+02
0000610   2.8420E+02 -2.8561E+02  4.7313E+01
0000611   3.1561E+02 -2.1194E+02 -2.7388E+02
0000612   2.0761E+02 -3.0235E+02 -2.1468E+02
0000613   3.4486E+02  2.6983E+02  1.3192E+01
0000614   4.8549E+02 -1.8489E+02 -2.6302E+02
0000615   4.5429E+02 -1.1081E+02 -5.4913E+01
0000617   7.2092E+00  8.6748E+00  1.1067E+02
0000618   3.1015E+02 -2.4601E+02  1.5191E+02
0000619   3.7721E+02 -2.3254E+02  1.6384E+02
0000620   4.8532E+02  7.0030E+01  3.2927E+01
0000621   2.1979E+02  2.2193E+02 -2.1018E+02
0000622   3.9307E+02 -4.5457E+02 -2.1797E+01
0000624   3.4564E+02 -5.1623E+01  3.5155E+01
0000625   3.0472E+02 -4.0677E+02  7.0558E+01
0000626   7.4875E+01  2.0588E+02 -5.7042E+00
0000627   1.5721E+02  8.2746E+00  2.3095E+02
0000628   2.6798E+02  2.0021E+02  2.1707E+02
0000629   1.8295E+02  4.7431E+01  1.8223E+02
0000630   3.7816E+02  2.2525E+02 -1.9297E+02
0000631   7.9777E+02  1.9940E+02 -1.0882E+02
0000632   3.4606E+02 -2.8324E+02  3.2258E+01
0000634   5.5090E+02 -2.2696E+02  7.8224E+00
0000635   2.8395E+02  1.5141E+02 -1.8734E+02
0000636   3.4600E+02 -3.7815E+01 -4.0667E+01
0000637   5.0633E+01  2.1512E+02  2.1124E+02
0000638   2.3041E+02  1.8491E+02  1.2213E+02
0000639   2.6027E+02  8.5970E+00 -1.5987E+01
0000640   2.3394E+02 -1.5081E+02 -2.4080E+02
0000641   1.2024E+02 -2.8717E+02 -1.6088E+02
0000642   1.6013E+02  2.0151E+02 -1.8115E+02
0000643   1.3731E+01 -4.0831E+01 -1.1595E+02
0000644   4.4415E+01  1.9955E+02 -6.0342E+01
0000646   2.9619E+02  1.8590E+02  1.0713E+01
0000647   5.2738E+02 -2.0068E+02 -3.5274E+01
0000648   1.9119E+02 -5.9553E+01  3.0816E+01
0000649   1.2812E+02  1.8092E+02  1.0657E+02
0000650   3.4750E+02  1.4318E+02 -7.7170E+01
0000651   3.3482E+02  2.2297E+02 -2.8596E+02
0000652   7.0695E+02 -1.0114E+02  4.7653E+02
0000653   1.1820E+02 -3.4569E+01  2.8596E+02
0000654   2.2050E+02 -3.5177E+02  2.8708E+02
0000655   3.8488E+02  3.6279E+02  3.3538E+01
0000656   2.6836E+02 -1.1953E+02 -8.6092E+01
0000658   2.7387E+02 -1.6837E+02  1.4916E+02
0000659   1.8096E+02  2.7925E+01  7.3602E+01
0000660   1.8342E+02 -4.0147E+02  5.1145E+01
0000661   3.6787E+02  5.0500E+00 -1.5772E+02
0000662   1.3311E+02 -1.5242E+01 -6.1858E+00
0000663   3.8675E+02 -2.5647E+01 -9.1707E+01
0000664   4.2395E+02  7.7117E+01  5.6503E+01
0000666   2.0519E+02 -3.8788E+02 -1.7285E+02
0000667   4.3146E+02 -2.0373E+02  1.9117E+02
0000668   5.6524E+02 -2.2402E+02 -1.1489E+02
0000669   2.7143E+02 -4.5204E+01 -2.5872E+02
0000670   4.4559E+02 -1.9577E+02 -2.8898E+01
0000671   1.6196E+02 -2.7066E+02 -1.0377E+02
0000672   2.2436E+01 -2.7244E+02  4.3301E+01
0000673   2.5373E+02 -1.7546E+01 -1.7667E+02
0000674   4.6226E+02  9.3142E+01  3.0407E+02
0000675   3.5196E+01  2.6760E+02 -2.8024E+02
0000676   4.2913E+02  4.2575E+02  2.6161E+02
0000677   5.3355E+02 -6.7969E+01 -1.3528E+02
0000678   4.7168E+02  2.1907E+01  5.6629E+02
0000679   3.8079E+02 -1.7398E+02 -1.0287E+02
0000680   1.4858E+02 -1.2294E+01 -1.1415E+01
0000681   5.4771E+02  1.2229E+02 -1.5377E+02
0000682   3.5550E+02  1.8424E+02  3.4343E+02
0000685   2.2771E+02  9.9066E+01 -1.3363E+01
0000686   4.7493E+01 -1.4189E+02 -3.6919E+01
0000687   2.4546E+02 -7.9860E+01 -9.1156E+01
0000688   2.5745E+02 -1.0883E+02  6.1866E+01
0000689   6.8280E+01 -1.5950E+02 -2.8880E+01
0000690   1.4587E+02 -2.0625E+02  1.0779E+02
0000691   7.8412E+01 -3.4719E+02 -1.9024E+02
0000692   5.0070E+02  3.8215E+02 -1.5491E+02
0000693   4.7999E+02 -1.5561E+02  4.2696E+02
0000694   4.0742E+02  1.8370E+02  8.2372E+01
0000695   2.6349E+02  5.4935E+00  1.9418E+02
0000696   2.0950E+02 -1.1672E+02  1.6325E+01
0000697   1.5520E+02  1.0027E+02  2.2706E+02
0000698   2.8479E+02  1.6003E+02  4.4004E+01
0000699   3.3303E+02  2.9906E+02  1.1212E+02
0000700   5.7490E+02 -1.1273E+02  2.4110E+01
0000701   1.0294E+02 -1.8830E+02  2.6939E+02
0000702   2.7493E+02 -3.4254E+02  1.1418E+01
0000703   4.5195E+02 -1.7783E+02 -1.7410E+02
0000704   5.7453E+02 -9.1971E+01  2.1621E+02
0000705   4.9534E+02 -4.8454E+01  7.9913E+00
0000706   3.1231E+02 -1.9517E+02 -5.7494E+01
0000707   5.2526E+02 -1.3122E+01 -5.6843E+00
0000708   2.9781E+01  2.1370E+02  2.0985E+02
0000709   1.9607E+02  6.3338E+01  1.2397E+02
0000710   4.5080E+01 -3.2900E+01 -4.5999E+01
0000711   2.8064E+02  1.6581E+02 -2.1708E+02
0000712   3.3244E+02 -7.1942E+00  8.2142E+01
0000713   3.7404E+02  1.1868E+02  2.7222E+02
0000714   4.6372E+02  7.8926E-01  3.3591E+02
0000715   4.5418E+02 -7.2044E-01 -2.9071E+01
0000717   2.0434E+02 -6.5999E-01 -5.2554E+00
0000718   8.1636E+01  3.7282E+01 -3.8555E+02
0000719   4.9408E+02 -2.1581E+00 -2.8325E+02
0000720   3.6350E+02 -3.6994E+02 -7.0174E+01
0000721   3.4200E+02 -2.3943E+01  1.1033E+02
0000722   4.7733E+02  5.6346E+01 -2.2381E+02
0000723   2.0483E+02  6.8110E+01 -7.8885E+01
0000724   1.4248E+02 -5.1381E+00  2.1941E+02
0000725   5.0806E+02  1.6264E+01  1.8162E+02
0000726   1.5657E+02 -2.0127E+02  1.6718E+02
0000727   3.7410E+02 -1.6138E+01 -9.6965E+01
0000728   1.7813E+02  2.4693E+02  2.5807E+02
0000729   5.6160E+02  2.2280E+02  4.3277E+01
0000730   4.6616E+02  4.8103E+01  5.2613E+01
0000731   3.9778E+02 -2.6994E+02  5.3809E+01
0000732   6.4988E+01  9.8627E+01  2.0457E+02
0000733   6.0521E+01  1.8469E+02 -2.2889E+02
0000734   3.4578E+02 -2.2077E+01  3.3264E+01
0000735   3.4135E+02 -4.1695E+02 -2.1761E+01
0000736   3.3602E+02  6.6060E+01  1.1218E+02
0000737   3.0923E+02  7.1858E+00  5.9907E+01
0000738   2.8586E+02 -1.0153E+02 -2.8387E+01
0000739   1.2737E+02  2.0431E+02 -6.4375E+01
0000740   2.6320E+02 -3.3576E+02  1.9023E+02
0000741   3.7846E+02 -5.2327E+01  9.7471E+01
0000742   1.3240E+02 -5.8294E+01  1.0556E+02
0000743   2.9770E+02  1.2685E+02  4.0801E+00
0000744   3.6673E+02 -2.0359E+02  1.4497E+02
0000745   1.1818E+02  8.7370E+00  3.4314E+02
0000746   1.2940E+02  7.9894E+01 -2.3133E+02
0000747   6.2931E+01 -2.5845E+00  1.0845E+00
0000748   3.4789E+02  6.8373E+01 -1.4568E+02
0000750   5.1659E+02 -4.2663E+01 -1.8721E+02
0000751   2.5396E+02  2.5138E+02 -1.1834E+02
0000752   5.5278E+02  1.0137E+02 -1.5668E+02
0000753   4.6400E+02 -5.1340E+01  1.5144E+01
0000754   3.1535E+02 -1.5259E+02  1.8367E+02
0000755   1.5274E+02 -2.8655E+02 -9.0842E-01
0000756   4.3386E+02 -5.0124E+01 -1.2033E+02
0000757   1.9069E+01 -1.3277E+02 -6.0277E+01
0000758   4.2000E+02 -2.0356E+02  1.3558E+02
0000759   2.9271E+02 -2.2473E+02  3.3140E+01
0000760   2.3014E+02  5.4805E+00  2.8285E+02
0000761   2.2880E+02 -5.9559E+01  7.8299E+01
0000762   2.0854E+02  3.3251E+02 -5.1742E+00
0000763   2.8047E+02  1.7511E+02 -7.9435E+01
0000764   2.2293E+02  1.3042E+02  1.4570E+02
0000765   3.7618E+02  2.5125E+02 -1.2550E+02
0000766   5.9175E+02  1.2387E+02  4.0258E+01
0000767   1.7664E+02  1.4204E+02 -5.7490E+01
0000768   3.2426E+02 -1.4940E+02 -1.2326E+02
0000769   2.5379E+02 -1.3584E+02  1.3956E+02
0000770   2.9853E+01 -4.3135E+01 -1.2043E+02
0000771   3.1770E+02 -4.1086E+01  9.9016E+01
0000772   3.9838E+02  1.2708E+02 -7.5360E+01
0000773   5.1131E+01  3.8250E+02 -2.9387E+02
0000774   5.7793E+02 -1.2846E+02  2.9660E+01
0000775   5.0229E+01 -1.4577E+02 -5.8355E+01
0000776   5.0099E+02  1.1245E+01 -3.2105E+02
0000777   2.9770E+02 -6.8550E+01 -1.4505E+01
0000778   4.3718E+02 -2.7208E+02 -4.4255E+02
0000779   4.8016E+02  2.3733E+02  9.2775E+01
0000780   2.7680E+02  1.9821E+02 -1.2710E+02
0000781   3.2023E+02  2.4748E+02 -5.7158E+01
0000782   2.9405E+02  1.6625E+02 -7.0557E+01
0000783   3.7039E+02  1.7095E+02 -2.7943E+02
0000784   3.8735E+02 -1.4618E+02 -4.1222E+02
0000785   3.7142E+02 -3.6741E+01 -1.3977E+02
0000786   3.4610E+02  4.5726E+00 -1.4677E+02
0000787   1.4426E+02 -1.2681E+02  1.9148E+02
0000788   3.7158E+02 -3.1065E+02 -2.0083E+02
0000789   1.2766E+02 -1.6246E+02  2.8116E+02
0000790   6.6402E+02 -1.1794E+02  8.5197E+01
0000791   4.3074E+02 -1.0402E+02  1.2664E+02
0000792   4.9001E+02  4.4954E+01  1.7420E+02
0000793   2.8446E+02  1.2716E+02 -2.3457E+01
0000794   1.4740E+02 -8.7210E+00  8.9310E+00
0000795   3.0256E+02  4.3504E+01  2.7089E+01
0000796   3.7123E+02  6.7317E+01 -1.1042E+01
0000797   1.1773E+02 -1.4315E+02 -7.2254E+01
0000798   2.9941E+02 -5.8304E+01 -3.9620E+02
0000799   3.0286E+02  7.2669E+01 -3.4382E+02
0000800   3.6964E+02  3.1272E+01  4.1525E+02
0000801   1.7347E+02  1.7872E+02 -2.4308E+02
0000802   5.0646E+02  2.1766E+02 -2.1756E+02
0000803   4.0584E+02 -8.5628E+01  8.4686E+01
0000804   5.6441E+02  2.4896E+01  1.9568E+02
0000805   3.8592E+02  2.3937E+01 -3.3168E+02
0000806   8.2067E+02 -2.5711E+02 -1.3333E+02
0000808   2.9077E+02  6.6165E+01  1.4445E+01
0000809   3.2701E+02 -6.6226E+01  2.2034E+02
0000810   1.0126E+02  1.9903E+01 -1.5813E+02
0000811   4.2555E+02  4.0380E+01 -2.3945E+02
0000812   2.0415E+02 -6.1637E+01  3.0694E+01
0000813   5.3919E+02 -2.2538E+02  9.5866E+01
0000814   2.9722E+02 -7.4197E+01 -1.8810E+02
0000815   5.0024E+02 -1.5229E+02 -1.7419E+02
0000816   4.2105E+02 -5.9622E+01 -7.7862E+01
0000817   3.2793E+02  3.0544E+01  1.5775E+02
0000818   2.7596E+02 -1.9611E+02 -1.5318E+02
0000819   3.3248E+02 -4.3378E+02  4.3151E+01
0000820   3.0391E+02  7.1847E+01  8.6641E+01
0000821   2.3021E+02  1.6655E+02  9.7901E+01
0000822   3.5896E+02  1.3221E+02  1.2653E+02
0000823   9.4079E+01  8.6673E+01  1.8017E+02
0000825   2.2955E+02  2.2304E+02  1.3106E+02
0000826   7.6742E+01  1.2496E+02 -1.8248E+02
0000827   2.6468E+02  3.8123E+01  9.2094E+01
0000828   1.9566E+02 -4.6858E+01 -9.5551E+01
0000829   2.9001E+02  2.4601E+02  6.0546E+01
0000830   2.8763E+02  5.5449E+01 -8.8930E+01
0000831   3.0024E+02 -1.5458E+01  1.1090E+02
0000832   1.8488E+02  9.3286E+01  3.8877E+01
0000833   2.6026E+01  1.3140E+02 -1.7111E+01
0000834   1.7326E+02 -8.5995E+01 -4.3423E+01
0000835   1.7604E+02  1.3426E+02  1.0569E+02
0000836   3.2368E+02  4.7815E+01 -2.8369E+02
0000837   3.3012E+02 -4.0141E+00  7.6051E+01
0000838   7.3744E+02  1.8209E+02 -1.4411E+02
0000839   5.9590E+02 -4.0946E+01  1.7128E+02
0000840   2.2972E+02 -1.5785E+01  8.0654E+01
0000841   4.3866E+02  2.9213E+02 -4.6609E+01
0000842   4.0044E+02 -2.2314E+01 -2.2763E+01
0000843   1.1238E+02  1.6323E+02  3.1047E+02
0000844   3.6114E+02  3.0731E+01  2.2702E+02
0000845   2.6304E+02  1.1168E+02  1.5740E+02
0000846   3.2425E+02  1.0411E+02  1.6655E+02
0000847   1.9626E+01  2.8581E+02  2.1493E+00
0000848   3.4870E+02  1.4156E+02 -1.3495E+02
0000849   3.5432E+02 -3.6481E+02  1.2337E+02
0000850   8.5782E+01  5.6032E+01 -1.2581E+01
0000851   6.0190E+01 -2.7138E+02 -1.5410E+02
0000852   3.3463E+02  1.5200E+02 -1.7166E+02
0000853   2.4492E+02 -9.5298E+01 -1.4716E+02
0000854   1.5229E+02  1.6729E+02 -9.1855E+01
0000855   7.2162E+02 -5.7447E+01 -3.0343E+02
0000857   1.3555E+02 -2.4760E+02 -1.2227E+02
0000858   3.6108E+02  9.5076E+01 -9.1178E+01
0000859   2.9765E+02 -1.7290E+02 -3.1176E+02
0000860   3.7447E+02  7.8783E+01  1.3664E+02
0000861   4.6965E+02  4.9095E+01 -1.7534E+02
0000862   4.6906E+02  1.3613E+02  3.6622E+02
0000863   3.2340E+02 -3.9956E+02 -4.4396E+01
0000864   1.1467E+02  2.2825E+02  3.3910E+02
0000865   3.2351E+02 -2.6128E+02 -1.1628E+02
0000866   4.6885E+02 -1.9415E+02  5.8215E+01
0000867   4.3201E+02 -1.9660E+02 -1.7783E+02
0000868   4.3326E+02  1.5759E+02  1.5582E+02
0000869   1.8858E+02  1.0347E+02  1.1965E+02
0000870   5.2629E+02  6.1203E+01 -2.3518E+02
0000871   4.9652E+02  2.2244E+02 -3.6707E+02
0000872   3.6963E+02  5.6127E+01 -1.3782E+02
0000873   4.3520E+02  1.6489E+02  5.0766E+01
0000874   3.3852E+02  5.5472E+01  2.9019E+01
0000875   4.6880E+02  1.5891E+02  2.5307E+02
0000876   1.9367E+02 -3.3772E+02  1.4955E+02
0000877   8.8782E+02  6.1311E+01 -9.9556E+01
0000878   5.3234E+02  8.2965E+01 -9.3022E+01
0000879   4.9506E+02 -5.0376E+00 -1.8512E+02
0000880   4.9859E+02  2.7008E+02 -1.0746E+02
0000881   2.3531E+02 -7.4775E+01 -3.2884E+02
0000882   1.1058E+02 -4.3156E+02 -1.8416E+02
0000883   4.2357E+02 -6.7053E+01  2.1549E+01
0000884   2.9011E+02 -1.5859E+02  1.5389E+02
0000885   2.4420E+02  1.5723E+02 -3.3657E+01
0000886   6.9815E+02 -3.2525E+02  4.7985E+01
0000887   3.0384E+02  9.9414E+01 -9.6909E+01
0000888   5.1510E+02 -2.0133E+02 -1.2254E+02
0000889   3.7001E+02  1.9671E+02  3.0182E+01
0000890   1.7563E+02  2.8724E+02 -2.6263E+02
0000891   5.2840E+02 -6.0799E+01  1.8666E+02
0000892   3.3158E+02  1.9926E+01  2.1022E+02
0000893   2.5397E+02 -1.1207E+01  1.8495E+02
0000894   1.9510E+02  3.9849E+01  1.7528E+02
0000895   1.9271E+02  1.3538E+02 -2.6243E+02
0000896   3.4065E+02 -1.3070E+02  7.3731E+01
0000897   3.7621E+02  2.5304E+01 -7.0386E+01
0000898   7.5164E+01 -2.8488E+02 -1.0217E+02
0000899   3.3309E+02 -2.3523E+02 -1.7501E+02
0000900   1.8109E+01 -2.0978E+01 -1.2798E+01
0000901   4.5821E+02 -1.7587E+01  2.2151E+02
0000902   1.3770E+02  5.2412E+01  9.9853E+00
0000903   2.2217E+02  6.2863E+00 -9.9066E+01
0000904   8.4512E+01 -6.1761E+01 -2.3676E+02
0000905   5.5828E+02 -2.0651E+02 -8.8688E+01
0000906   1.4748E+02 -3.3401E+02  4.0799E+01
0000907   1.8356E+02  1.8203E+02  2.4997E+02
0000908   4.2759E+02 -1.1387E+02  2.3798E+02
0000909   8.5335E+02  4.0245E+02  8.7416E+01
0000910   3.1877E+02  3.3218E+02 -2.7717E+02
0000911   1.9775E+02  1.4613E+02 -1.9094E+02
0000912   1.1974E+02  7.3584E+01  1.6813E+01
0000913   4.3984E+02  1.7646E+02 -4.6601E+01
0000914   3.4304E+02 -2.1845E+02  9.8618E+00
0000915   3.1338E+02 -1.9913E+02  2.2624E+02
0000916   1.8657E+02 -2.6067E+02 -2.8249E+01
0000917   4.6323E+02  4.5033E+01 -4.0235E+02
0000918   3.0526E+02  7.2516E+01  2.3553E+02
0000919   2.9398E+02  1.1607E+02 -1.3933E+02
0000920   3.4186E+02  2.0559E+01  1.4059E+02
0000921   4.0185E+02 -2.2282E+02 -1.8086E+02
0000923   3.8500E+02 -9.1495E+01 -5.2706E+01
0000924   1.9241E+02 -5.4077E+01 -1.6340E+02
0000925   3.1622E+02 -7.7048E+01 -2.1299E+02
0000926   3.3383E+02  4.3053E+01 -1.9528E+02
0000927   3.5076E+02 -2.9157E+02 -4.8410E+00
0000928   1.4681E+02  3.1130E+02  2.7957E+02
0000929   7.2631E+02 -4.8513E+01 -1.0914E+02
0000930   1.1299E+02  3.1993E+02 -9.8750E+01
0000932   1.4715E+02  7.8210E+01 -2.4630E+02
0000933   4.2722E+02  1.6731E+02 -4.4075E+01
0000934   1.5589E+02  2.8193E+01 -3.1268E+01
0000935   4.5674E+02  1.4674E+02  6.0844E+01
0000936   3.2639E+02 -9.8820E+01 -6.8714E+01
0000937   4.2713E+02  1.4907E+02  1.7722E+02
0000938   3.1643E+02  1.8504E+02 -7.0449E+01
0000939   3.8777E+02 -2.5678E+02  1.1042E+02
0000940   3.3731E+02 -2.0230E+02  1.1127E+02
0000941   4.8143E+02 -1.9626E+01  2.8570E+02
0000942   3.3437E+02 -5.2206E+02 -1.3653E+02
0000943   2.1523E+02  4.8090E+01  2.0802E+02
0000945   2.6344E+02  2.4223E+02 -1.0645E+01
0000946   2.2483E+02  1.4403E+01 -8.5204E+01
0000947   1.9858E+01  4.9590E+01  7.9828E+01
0000948   5.0501E+02  2.3399E+02 -1.2523E+02
0000949   7.2718E+01  1.0654E+02 -6.5734E+01
0000950   2.7620E+02 -2.5515E+02 -2.6508E+02
0000951   1.6661E+01 -5.5575E+01  1.0723E+02
0000952   5.0056E+02  1.7280E+01 -2.5428E+02
0000953   3.7184E+02 -1.2476E+02 -1.0418E+02
0000954   4.2273E+02 -8.0309E+01 -4.1348E+01
0000955   3.8173E+02  5.9489E+01 -2.2733E+02
0000956   5.3615E+02  1.1702E+02  7.7536E+01
0000957   1.1516E+02  3.6503E+02 -2.1049E+02
0000958   3.6274E+02 -1.4566E+02  1.9662E+00
0000959   2.7732E+02  2.7939E+02  4.6551E+01
0000960   6.9046E+02 -2.1059E+02 -3.1964E+01
0000961   5.5396E+02 -3.4097E+02 -1.0379E+02
0000962   2.1092E+02 -6.2725E+00 -1.1565E+02
0000963   2.3275E+02 -1.2542E+02  4.1152E+01
0000964   6.9566E+01 -1.4236E+01 -6.6158E+01
0000965   3.5489E+02 -3.9878E+02  1.7333E+02
0000966   1.9326E+01 -3.6342E+01  3.8667E+01
0000967   3.9133E+02 -1.3195E+02 -9.2584E+01
0000968   2.8220E+02  6.5212E+01  2.0772E+01
0000969   6.1975E+02  3.7563E+01 -3.6088E+01
0000970   2.6309E+02  8.2779E+01 -1.5932E+01
0000971   1.5095E+02 -1.8510E+02  9.1252E+00
0000972   1.2700E+02 -2.7492E+02  2.9420E+02
0000974   2.0918E+02  5.9431E+01  1.6848E+02
0000975   2.1966E+02  6.3947E+01  1.3838E+01
0000976   8.3421E+01 -1.3141E+02 -3.7356E+01
0000977   2.2253E+02  8.1935E+01  1.9566E+01
0000978   3.9061E+02 -2.7722E+00 -3.1613E+02
0000979   4.8664E+02 -1.5831E+02  1.6440E+02
0000980   3.7684E+02 -3.4505E+01 -2.8723E+02
0000981   6.3493E+02  1.6289E+02  8.9415E+01
0000982   4.6577E+02  1.1028E+02 -9.3403E+01
0000983   4.6216E+02  1.3586E+02 -8.7818E+01
0000985   1.4966E+02 -5.6019E+00  2.7159E+02
0000986   4.9037E+02  1.0574E+02 -1.4877E+02
0000988   2.4578E+02  1.1004E+02  8.4585E+01
0000989   3.8062E+02  8.3770E+01  7.9785E+01
0000990   1.3729E+02 -3.7554E+01 -1.7004E+01
0000991   8.1111E+01  2.1020E+02  4.5737E+02
0000992   6.1869E+01  1.0933E+02 -1.4976E+02
0000993   4.8740E+02 -1.3456E+02 -2.2317E+02
0000994   6.0210E+02  6.1805E+01 -1.1595E+02
0000995   1.3121E+02 -9.6239E+01 -6.2657E+00
0000996   5.1696E+02 -1.3872E+02 -6.7697E+01
0000997   4.0440E+02 -3.9785E+01  6.0862E+01
0000998   3.0925E+02 -7.2998E+01 -7.7528E+01
0000999   4.0939E+02  1.8882E+02 -7.3058E+01
0001000   2.9029E+02  1.6267E+02 -2.6608E+02
