============================== SRIM-2013.00 ==============================
==============================================================================
====== SRIM Outputs\RANGE_3D.txt : File of Final Ion Positions =====

Ion =  F (09)   Ion Mass= 018.9984
Energy  = 3000000.E-05 keV
Ion Angle to Surface = 00.0 degrees
==================== TARGET =======================
  Layer # 1 - None
  Layer # 1 - Bottom Depth=500000.E-01 A
  Layer # 1 - Density =0007.8700 g/cm3
  Layer # 1 -  100 % of Fe
ÍÍÍÍÍÍÍÍÍÍÍÍÍÍÍÍÍÍÍÍÍÍÍÍÍÍÍÍÍÍÍÍÍÍÍÍÍÍÍÍÍÍÍÍÍÍÍÍÍÍÍÍ
                                            
Ion       Depth  X   Lateral Y   Lateral Z  
Number    (Angstrom) (Angstrom)  (Angstrom) 
-------  ----------- ----------- -----------
0000001   2.2609E+02  7.4274E+01 -1.1002E+02
0000002   6.8650E+00  6.3603E+00  9.0994E+01
0000003   1.0471E+02  1.0627E+01 -4.3462E+01
0000005   1.8113E+02  2.8943E+02  3.2704E+01
0000006   2.3821E+02 -1.7728E+02 -1.6116E+02
0000007   4.3687E+02 -8.8522E+01 -7.3230E+01
0000008   1.6864E+02  4.1408E+02  1.7478E+02
0000009   2.8679E+02  4.8243E+01  1.3273E+02
0000011   1.6095E+02 -4.8631E+01 -6.4239E+01
0000012   7.9278E+00  1.3500E+02  6.0366E+01
0000013   2.1625E+02  6.9837E+01  2.6205E+02
0000014   3.2963E+01 -2.8713E+02  3.1894E+01
0000015   3.6957E+02 -2.6643E+02  3.2648E+02
0000016   2.9059E+02  2.3319E+02  2.5462E+02
0000017   3.6834E+02 -3.6358E+02  4.0749E+02
0000018   3.0793E+02 -1.7475E+02 -2.0198E+02
0000019   2.5641E+02 -1.6481E+02  2.6295E+01
0000020   5.0012E+02  1.7940E+01 -1.0018E+01
0000021   1.9010E+02 -1.0030E+02 -7.5985E+01
0000022   1.4890E+02  8.4761E+01 -2.0592E+01
0000023   4.8122E+01 -2.7374E+00 -7.9203E+01
0000024   2.8400E+02 -2.9806E+02  6.5154E+01
0000025   2.7237E+02 -1.7240E+02  7.1202E+01
0000026   4.4323E+02 -1.5849E+01  6.0002E+01
0000027   2.9972E+02  6.1579E+01  8.5105E+01
0000028   4.8108E+02 -5.2540E+01  2.9384E+02
0000029   5.5623E+02  3.8255E+01  4.9283E+00
0000030   2.5991E+02  1.5340E+02 -1.0756E+02
0000031   1.2129E+02  2.6968E+02 -6.4202E+01
0000032   3.1397E+02 -1.8575E+01  3.2792E+02
0000033   3.1540E+02  1.7813E+02 -8.3961E+01
0000034   5.3784E+02  1.8703E+02 -1.2897E+01
0000035   2.9717E+02  4.3231E+01  3.8459E+01
0000036   2.5723E+02 -2.3677E+02 -2.3940E+02
0000037   5.2277E+02  2.0152E+02 -4.4276E+02
0000038   3.0666E+02  5.4149E+01  3.8519E+01
0000039   5.9243E+01  1.0160E+02  6.4045E+01
0000040   2.5681E+02 -6.9202E+01 -2.6046E+02
0000041   4.5112E+02  2.2385E+02 -4.9195E-01
0000042   4.2941E+02  2.7263E+01 -1.4091E+02
0000043   7.4856E+01 -7.0605E+01 -4.9141E+00
0000044   2.5055E+02 -2.7515E+02 -3.1396E+01
0000045   2.9446E+02 -1.6113E+02  7.5122E+01
0000047   6.0900E+02 -9.8320E+01  4.5536E+01
0000048   4.0287E+02  3.2111E+02 -4.0178E+02
0000050   3.5333E+02  5.5713E+02 -6.7550E+01
0000051   3.5929E+02 -5.5569E+01  1.6177E+02
0000052   1.3587E+02  1.1404E+02  1.0475E+02
0000053   2.6595E+02 -1.8385E+02 -3.1299E+02
0000054   4.0121E+02 -8.9907E-01  1.3504E+02
0000055   2.9312E+02 -1.2058E+01  1.1055E+02
0000056   8.3912E+01 -1.6502E+02 -4.1507E+01
0000057   3.5925E+02  3.2845E+01 -1.8832E+02
0000058   3.6449E+02  1.2895E+02 -8.5536E+01
0000059   4.5921E+02 -2.0813E+02  9.1543E+01
0000060   4.1017E+02  1.7806E+00  2.0001E+02
0000062   1.9652E+02 -2.1106E+02  1.3218E+02
0000063   2.6078E+02  1.2760E+02  1.2037E+02
0000064   3.5102E+02 -5.0187E+01 -4.1798E+00
0000065   5.1122E+02 -1.2280E+02 -5.9831E+01
0000066   2.0424E+02 -1.4188E+01 -4.2193E+01
0000067   5.3972E+02  2.3845E+02 -1.4528E+02
0000068   3.8099E+02 -4.2342E+02  3.5270E+02
0000069   4.8068E+02  8.6430E+01  9.8714E+01
0000070   6.8500E+02  2.4950E+01 -9.9225E+01
0000071   3.3459E+02  7.7229E+01 -4.4330E+02
0000072   3.8096E+02  1.9753E+02  4.1194E+02
0000073   6.3803E+02  2.7783E+02  8.9033E+01
0000074   4.2526E+02 -8.0035E+01 -1.9371E+00
0000075   3.4028E+02  3.3624E+02  2.4029E+01
0000076   3.9457E+02  2.2386E+02  1.9765E+02
0000077   3.1754E+01  2.1579E+02  1.5178E+02
0000078   4.4543E+02 -3.1976E+02  1.5859E+02
0000079   1.1420E+02 -2.9980E+01  4.4309E+01
0000080   3.8728E+02 -2.7738E+02  2.5984E+02
0000081   3.1789E+02 -1.4984E+01 -1.4453E+02
0000082   4.2532E+02 -4.1789E+00  3.0340E+01
0000083   4.7040E+02 -2.3988E+02  1.1893E+02
0000084   4.4511E+02  9.0142E+00  2.2554E+02
0000085   4.9991E+02  1.9269E+02 -3.5815E+02
0000086   2.7678E+02 -6.7367E+01  3.2081E+02
0000087   3.2221E+02  1.2547E+02  1.7516E+02
0000088   2.9142E+02 -1.8107E+02 -1.2789E+02
0000089   2.1670E+02  2.1550E+01 -6.4471E+01
0000090   2.8702E+02 -1.3284E+02 -1.3045E+02
0000091   4.5174E+02  7.2082E+01  2.2340E+02
0000092   1.2612E+01  1.4042E+02  1.6504E+02
0000093   2.6265E+02 -1.1671E+01  2.1000E+02
0000094   2.2997E+01 -2.6302E+01 -2.5872E+02
0000095   2.5169E+02  9.4328E+01 -1.4676E+01
0000096   4.0441E+02 -1.4239E+02  4.2087E+02
0000097   2.7098E+02 -2.7675E+01 -2.3875E+02
0000098   4.4488E+02  3.6639E+02  1.4265E+02
0000099   4.9458E+02  2.5648E+01  8.3872E+01
0000100   5.7939E+02  2.4259E+02 -1.3494E+02
0000101   2.7293E+02 -3.1791E+02 -5.0148E+01
0000102   1.2947E+02 -2.8598E+02  2.8718E+02
0000103   3.1077E+02 -3.8405E+01  2.5455E+02
0000104   6.0908E+02 -3.0900E+02 -3.3717E+02
0000105   2.7719E+02 -1.3705E+02  2.4537E+00
0000106   4.2713E+02 -6.4615E+01  5.7021E+01
0000107   5.5250E+02  3.7375E+02  2.8195E+02
0000109   2.1060E+02  3.7462E+01  2.5667E+02
0000110   2.2265E+02 -1.0423E+02  2.4611E+02
0000111   1.8199E+02 -2.4136E+02 -1.7830E+01
0000112   3.3438E+02 -6.0202E+01  1.6306E+02
0000113   2.4455E+02 -2.0551E+02 -1.6453E+02
0000114   3.4243E+02  2.2614E+02  2.1154E+02
0000115   4.2647E+02 -3.6125E+02  1.4124E+02
0000116   2.1561E+02  1.6297E+02  2.2305E+02
0000117   2.7958E+02 -1.4108E+02  4.2910E+01
0000118   1.7677E+02  5.4743E+01  1.4653E+02
0000119   3.6502E+02 -4.4339E+01 -1.0348E+02
0000120   2.5415E+02  1.4629E+02 -3.5283E+02
0000121   3.3661E+02 -1.7691E+01  7.3009E+01
0000122   2.7164E+02 -1.7855E+01 -1.1205E+02
0000123   1.3838E+02  1.4714E+02 -1.4395E+02
0000124   4.8792E+02 -4.1628E+01 -3.4014E+01
0000125   1.4213E+02  3.3246E+01 -4.1502E+02
0000126   3.1907E+02 -3.3642E+01 -6.0674E+01
0000127   3.8738E+02  1.6572E+02  5.9214E+01
0000128   4.7883E+02  6.6373E+01  2.9338E+01
0000129   3.4888E+02  2.3454E+02  2.4827E+02
0000130   3.3340E+02  1.7264E+02 -1.8934E+02
0000131   7.1874E+01  7.7190E+01 -8.4718E+01
0000132   1.9904E+02  2.6548E+01  2.0775E+02
0000133   5.5630E+02 -2.5039E+00  2.0821E+02
0000134   9.9303E+01  1.4783E+02  8.1358E+01
0000135   3.8067E+02  2.2489E+02  5.6898E+01
0000136   5.2015E+02  1.4300E+02  1.3261E+01
0000137   1.7213E+02  2.3726E+02  2.3407E+02
0000138   8.1162E+01  8.0686E+01 -5.6743E+01
0000139   9.0689E+01 -1.9720E+02 -2.8797E+02
0000140   8.4272E+01 -2.6444E+02 -1.7591E+02
0000142   1.9530E+02 -5.1850E+01  2.2012E+02
0000143   3.4126E+02 -4.9977E+01 -5.0274E+02
0000144   3.3408E+02 -2.1850E+02 -1.5414E+01
0000146   4.8520E+02 -2.0372E+02  8.8102E-01
0000147   2.6279E+02 -3.9158E+02 -1.2935E+01
0000148   3.8880E+02 -3.8505E+01 -7.4098E+01
0000149   1.0729E+02 -2.7440E+02 -2.5898E+01
0000150   3.6420E+02  4.0280E+01  2.0718E+02
0000151   3.7394E+02  2.8873E+02 -3.1557E+02
0000152   4.0912E+02 -1.5276E+02 -2.1339E+02
0000153   2.6206E+02 -2.1791E+02  4.7369E+01
0000154   4.3000E+02  7.3132E+00 -1.5570E+01
0000155   4.1611E+02  2.5659E+02 -1.9041E+02
0000156   2.2036E+02  3.4758E+02  4.8103E+01
0000157   6.0852E+02  2.3535E+01  7.8798E+00
0000158   4.4783E+01  1.2631E+02  2.1015E+01
0000159   3.2903E+02 -1.4784E+02  7.3799E+01
0000160   7.8548E+01 -2.9032E+02  2.4227E+02
0000161   4.0465E+02 -9.5427E+01  2.5696E+02
0000162   4.2617E+02 -1.4619E+02  1.8011E+01
0000163   1.5487E+02  2.0271E+02 -3.2130E+01
0000164   1.8968E+02 -1.8387E+01  2.4874E+02
0000165   3.4191E+02 -3.0931E+02 -2.5670E+02
0000166   2.0906E+02 -1.4079E+02  1.3645E+02
0000167   2.4957E+02  2.5319E+02 -4.0356E+01
0000168   3.6109E+02  1.2450E+02 -9.9041E+01
0000169   7.3688E+02 -1.9079E+02  8.9643E+00
0000170   6.5172E+02 -8.6029E+01  1.1029E+02
0000171   3.3538E+02  2.0338E+02  1.9260E+01
0000172   2.8075E+02  1.0011E+02 -2.6887E+02
0000174   2.8193E+02 -1.6695E+02 -4.0705E+01
0000175   3.5362E+02  3.2386E+02 -9.7377E+01
0000176   3.3595E+02  1.6920E+02 -2.3145E+02
0000177   4.7769E+02 -1.8761E+01  1.0222E+02
0000178   3.3573E+02 -2.4784E+01  1.2585E+02
0000179   5.6324E+02  2.8882E+02 -1.0967E+02
0000180   2.6923E+02  1.2066E+02  1.8415E+02
0000182   2.6523E+02  3.7702E+00 -2.1619E+01
0000183   3.8192E+02 -1.9122E+02 -2.1770E+01
0000184   7.0650E+01  5.7042E+01 -1.4172E+02
0000185   1.8782E+02  2.2801E+02 -3.5234E+02
0000186   1.8079E+02 -1.1259E+01 -2.8792E+02
0000187   3.0839E+02  8.6563E+00  2.5697E+02
0000188   2.1078E+02  1.2496E+02 -1.1763E+01
0000189   3.5595E+02 -3.5087E+02 -5.2584E+02
0000190   1.7987E+02 -1.4875E+02 -7.2164E+01
0000191   1.6605E+02 -9.4436E+00 -2.2949E+01
0000192   4.3299E+02  1.2257E+02  3.9137E+01
0000193   2.8556E+02 -6.5221E+01  2.0501E+02
0000194   3.2757E+02 -1.4153E+02 -7.4076E+01
0000195   2.6743E+02 -1.2896E+02 -1.7757E+02
0000196   2.9308E+02 -2.9104E+02 -2.9921E+02
0000197   2.1807E+02  1.8001E+02  1.4299E+02
0000198   1.7300E+02  3.6922E+01  9.8981E+01
0000199   6.3312E+02 -7.2841E+01 -2.5164E+01
0000200   2.2459E+02 -1.6975E+02  2.5344E+02
0000201   2.5528E+02 -1.5039E+02 -3.1962E+01
0000203   5.1974E+02 -2.7731E+02  1.7024E+01
0000204   1.3844E+02  6.6596E+01 -1.5405E+02
0000205   3.0187E+02  8.1955E+01  1.4999E+02
0000206   5.4257E+02 -2.3595E+02  1.0804E+02
0000207   3.1404E+02  3.1853E+01 -1.5952E+02
0000208   3.3336E+02  2.8251E+02  4.3888E+02
0000209   2.9284E+02  3.1465E+00  1.4298E+02
0000210   6.7924E+02  9.5560E+01  5.5337E+01
0000211   2.2461E+02 -2.1800E+02 -2.3575E+02
0000212   3.8355E+02  9.7459E+01 -3.4761E+02
0000213   3.4203E+02  3.5453E+02 -4.3295E+01
0000214   3.8399E+02  6.5784E+01 -1.2551E+02
0000216   5.0787E+02  3.5065E+01  1.6648E+02
0000217   1.7858E+02  1.0245E+02  3.1909E+02
0000218   2.5335E+02 -1.7123E+02 -2.9471E+02
0000219   4.1984E+02  8.2951E+00 -9.9331E+01
0000220   3.1924E+02  5.9409E+01 -1.7571E+02
0000221   2.4690E+02 -7.4313E+01 -2.3584E+01
0000222   2.3287E+02  2.4926E+02  1.5058E+01
0000223   1.4604E+02  8.4138E+01  2.7648E+01
0000224   3.4061E+02 -1.1363E+02  1.5914E+02
0000225   2.1283E+02  7.7637E+00 -1.8792E+02
0000226   9.6305E+01  5.1681E+01  3.2505E+02
0000227   2.2295E+02 -7.1041E+01  3.4584E+02
0000228   2.2889E+02  7.6862E+00  5.5284E+01
0000229   7.3967E+01  9.2849E+01  2.7766E+02
0000230   1.5603E+02  5.3077E+01 -5.6983E+01
0000231   3.6386E+02  9.5109E+01  2.2190E+02
0000232   3.7991E+02 -3.2639E+02 -2.2381E+02
0000233   4.2385E+02 -3.9171E+01 -5.0915E+01
0000234   3.1997E+02  1.8957E+02 -8.9820E+01
0000235   2.6856E+02 -3.7987E+01  1.1409E+01
0000236   5.2436E+02  4.4069E+01  4.3890E+01
0000237   3.7201E+02 -8.4054E+01  2.0001E+02
0000238   8.8842E+01  6.8088E+01 -1.9998E+01
0000239   4.7486E+02 -6.2358E+01 -1.3952E+02
0000240   1.5642E+02  2.5600E+02  7.7324E+01
0000241   4.3066E+02  2.3133E+02 -7.1664E+01
0000243   4.4256E+02 -4.9832E+02  4.2535E+01
0000244   4.2418E+01 -1.3762E+02 -8.4811E+01
0000245   9.0749E+01  8.7886E+01 -2.9564E+01
0000246   4.2140E+02 -2.0324E+02 -3.0166E+01
0000247   3.2864E+02 -1.7640E-01 -2.6845E+01
0000248   6.1899E+02 -4.4352E+01  1.7772E+02
0000249   1.9552E+02  3.0494E+02 -3.6142E+01
0000250   2.5863E+02 -1.1109E+02 -3.4391E+02
0000251   1.9809E+02 -1.5730E+02 -1.4387E+02
0000252   2.4311E+02 -2.2517E+02 -9.8604E+01
0000253   4.8787E+02  8.5090E+01  5.0901E+01
0000254   4.6551E+02  3.7839E+02  1.4660E+02
0000255   3.7936E+02  1.5685E+02 -4.4575E+01
0000257   1.3481E+02  1.7982E+02  2.1346E+02
0000259   6.5700E+01 -1.3835E+02 -6.6709E+01
0000260   5.0472E+02 -1.7194E+02  1.0921E+02
0000261   5.7104E+02  3.6791E+02 -2.0182E+02
0000262   2.8384E+02 -2.2017E+02  1.6959E+02
0000263   2.8642E+02 -1.0300E+02 -2.4893E+00
0000264   2.6097E+02  3.3309E+01 -3.2618E+02
0000265   4.4781E+02  1.8764E+02 -3.0782E+02
0000266   4.9209E+02 -1.4234E+02  3.0157E+02
0000267   2.3420E+02 -4.9390E+01 -2.5739E+01
0000268   5.2346E+02  1.4209E+02 -3.8567E+00
0000269   1.5480E+02 -9.0586E+01  2.7864E+02
0000270   3.2264E+02  3.8627E+01 -2.5486E+01
0000271   1.0072E+02 -2.6414E+02 -7.1229E+01
0000272   2.3556E+02  1.6323E+02 -6.3482E+01
0000274   3.6351E+02 -4.2905E+02  5.1411E+02
0000275   4.6260E+02  1.1182E+02  2.5537E+02
0000276   5.9584E+02 -9.3516E+00  4.3109E+01
0000277   2.5397E+02  2.2548E+02 -5.1366E+01
0000278   4.3071E+02  4.9304E+01  4.4033E+01
0000280   1.9982E+02  2.2471E+02  1.2707E+02
0000281   5.7661E+01  2.0912E+02  1.3085E+00
0000282   1.9128E+02  1.9433E+02 -1.3423E+02
0000283   3.1673E+02 -4.2083E+02  6.7083E+01
0000284   1.3523E+02 -3.4985E+01 -1.0698E+01
0000285   1.0646E+02 -7.7804E+01  2.9391E+02
0000286   5.7241E+02  2.1592E+02  1.3576E+02
0000287   2.1775E+02 -3.3233E+02  4.9348E+01
0000288   3.6912E+01  9.9406E+01 -1.2674E+02
0000289   2.6112E+02  1.1943E+02  2.2750E+02
0000290   1.3980E+02  2.8255E+02  9.8073E+01
0000291   2.6457E+02 -2.5462E+02  3.1062E+02
0000292   1.6279E+02  2.9965E+02 -7.5502E+01
0000293   7.7690E+01 -2.6615E+02  1.6486E+01
0000294   1.6492E+02 -1.4459E+02 -2.1452E+01
0000295   3.0981E+02 -1.5990E+02  1.4316E+02
0000296   2.7153E+02  7.5400E+01  3.4451E+01
0000297   1.9823E+02 -2.3871E+02  2.0155E+02
0000298   4.0943E+02  6.4909E+01 -3.9053E+02
0000299   1.9851E+02 -6.4474E+01  1.6413E+02
0000300   6.9019E+01  2.0071E+02  3.1765E+02
0000301   7.0001E+02  2.4191E+01  1.3944E+02
0000302   4.6369E+02  3.5089E+02  8.9972E+01
0000303   2.4126E+02  4.3619E+01 -1.1275E+02
0000304   3.8511E+02  2.0800E+02  8.4632E+01
0000305   1.4634E+02 -2.1220E+02  1.1372E+02
0000306   1.4691E+02  2.4790E-01  5.0010E+02
0000307   9.0892E+01  1.5856E+02 -2.5806E+01
0000308   4.8531E+02  8.2574E+00  6.3237E+01
0000309   2.3282E+02  2.1521E+02 -1.5951E+02
0000310   1.6550E+02 -3.9018E+02  8.1959E+01
0000312   1.0566E+02  3.1719E+01  8.7977E+01
0000313   1.4475E+02  8.5602E+00  1.3683E+02
0000315   4.0583E+02  5.3188E+01 -2.5518E+02
0000316   2.7713E+02 -1.3084E+02  1.0882E+01
0000317   1.8206E+02  6.1994E+01  2.3306E+01
0000318   5.7336E+02  4.6750E+01 -7.1059E+01
0000319   4.2298E+02  3.0223E+02  2.1122E+01
0000320   6.2835E+02  2.1468E+01  1.6989E+01
0000321   2.9621E+02  2.3057E+02  3.5430E+01
0000322   5.0454E+02 -3.0801E+01 -1.2056E+02
0000323   2.2339E+02 -2.8986E+02  8.9496E+01
0000324   3.1680E+01  1.4671E+02  1.9877E+01
0000325   4.2642E+02  2.5212E+02 -6.4889E+01
0000326   1.0217E+02 -1.7453E+02 -1.8285E+02
0000327   1.2859E+02  2.8073E+02 -4.2123E+02
0000328   2.5064E+02  1.2390E+02  3.8340E+02
0000329   3.4383E+02 -5.6596E+01 -1.9594E+02
0000330   3.4293E+02  3.0900E+01 -1.0259E+01
0000331   2.9113E+02 -8.7934E+01  2.0475E+02
0000332   2.3490E+02  1.5981E+02  1.7731E+02
0000333   5.2302E+02 -2.0856E+02 -2.1763E+02
0000335   3.9224E+02 -1.5516E+02  2.0791E+02
0000336   2.7435E+02 -2.8919E+02 -1.4733E+02
0000337   2.1112E+02 -1.0718E+02  3.3729E+01
0000338   3.1981E+02 -7.7110E+01 -1.3869E+02
0000339   3.4658E+02 -3.6579E+02 -1.4400E+02
0000340   3.1820E+02 -6.2415E+01 -4.7648E+01
0000341   4.5211E+02 -3.0993E+02 -8.2119E+01
0000342   3.1915E+02  9.0206E+01 -2.5985E+01
0000343   1.5251E+02  1.6602E+02  1.9436E+02
0000344   2.8564E+02  1.4634E-01 -5.5095E+01
0000345   3.5579E+02 -1.1744E+02 -3.8892E+02
0000346   2.0672E+02 -1.3253E+01 -2.7182E+01
0000348   2.0592E+02  9.4457E+01  3.2543E+01
0000349   4.6523E+02 -1.6415E+02 -1.4969E+02
0000351   2.6652E+02  4.2676E+02  4.9249E+01
0000352   3.3745E+02  1.7004E+01 -1.8333E+02
0000353   8.9925E+01 -2.4402E+01  1.2188E+02
0000354   2.3251E+02  2.9623E+02 -9.9323E+01
0000355   2.9632E+02 -5.6342E+00 -1.0919E+02
0000357   8.2427E+01  1.4973E+02 -5.6177E+01
0000358   2.4316E+02  1.7329E+02  1.7229E+02
0000359   4.7397E+02  5.2503E+01 -1.8541E+02
0000360   6.1750E+01 -1.2712E+02  1.0010E+02
0000361   2.4837E+02 -1.0349E+02 -1.0645E+02
0000362   2.7946E+02 -8.7595E+01 -2.9803E+02
0000363   2.7628E+02  4.0960E+01  3.1520E+02
0000364   6.3408E+02 -8.7676E+01  2.5608E+02
0000365   8.6646E+01  1.0463E+02  7.7441E+00
0000366   3.8237E+02 -2.2808E+02  1.9566E+02
0000367   1.9449E+02  8.5138E+01 -1.3765E+02
0000368   5.6776E+02  1.8143E+02  3.2962E+02
0000369   3.7359E+02 -7.1783E+01  5.2095E+01
0000370   2.3886E+02 -1.8890E+02  7.0287E+01
0000371   1.4714E+02  3.3601E+01 -1.1281E+02
0000372   4.5467E+02 -1.6271E+02  2.1693E+01
0000373   4.2122E+02 -1.2347E+02  7.0593E+01
0000374   4.7520E+02 -1.5007E+02  3.6961E+01
0000375   3.9805E+01 -1.1694E+02 -2.6709E+01
0000376   1.8870E+02  1.3556E+02  5.3637E+01
0000377   7.1581E+02 -3.1910E+01  2.1267E+02
0000378   3.9249E+02  5.2122E+01  1.2785E+02
0000379   3.5365E+02  1.5018E+02 -5.7924E+01
0000380   3.5855E+01  3.9378E+01 -3.8436E+01
0000381   3.3300E+02 -3.8641E+01  2.0635E+02
0000382   1.6114E+02 -1.9700E+02  8.5504E+01
0000383   4.7997E+02 -1.3586E+02  1.7817E+02
0000384   2.1014E+02 -3.3285E+02 -6.9577E+01
0000385   2.6182E+02 -1.2020E+02  4.7648E+01
0000386   2.7381E+02 -7.9760E+01 -1.7931E+02
0000387   5.9906E+02  1.7959E+02 -1.1090E+02
0000388   3.4351E+02  1.0816E+02 -1.5711E+02
0000389   4.7897E+02  1.6902E+02 -3.9588E+02
0000390   3.5946E+02  3.4180E+01  1.6216E+02
0000391   1.3019E+02 -1.1229E+01  2.1089E+01
0000392   3.7134E+02  1.1348E+01  3.3474E+02
0000393   2.8699E+02  9.0060E+01 -2.1894E+02
0000394   2.4815E+02 -8.8589E+01 -1.5416E+02
0000395   4.1471E+02  1.6871E+02 -4.7236E+02
0000396   4.0188E+02 -1.0701E+02  8.7282E+01
0000398   3.8921E+02 -2.5808E+01 -9.9822E+01
0000400   3.7576E+02  1.8100E+02  1.7779E+01
0000401   2.4855E+02 -7.2217E+01  7.3610E+01
0000402   4.8319E+02  2.9354E+02  1.2732E+02
0000404   4.5211E+02 -1.0295E+02 -1.2254E+02
0000405   1.9805E+02  2.8516E+01 -4.8606E+00
0000406   2.4849E+02 -1.7836E+00 -1.3860E+02
0000407   2.5490E+02 -8.0219E+01 -1.1443E+01
0000408   1.5961E+02  4.2829E+01  2.2878E+02
0000409   4.1733E+02 -7.0409E+01 -3.9115E+01
0000411   6.5468E+01 -2.8473E+01  4.3212E+01
0000412   2.0586E+02  8.8949E+01 -8.3816E+01
0000413   2.2990E+02  1.7852E+02 -1.4860E+02
0000414   4.5180E+02 -2.6477E+02  1.0774E+02
0000415   2.7224E+02  1.9788E+02 -2.4210E+01
0000416   3.7046E+02  1.8395E+02 -1.5844E+01
0000417   1.5495E+02 -1.0960E+01 -1.0567E+02
0000418   1.6533E+02  1.1614E+02 -1.3771E+02
0000419   3.4171E+02  3.2944E+02  1.9664E+02
0000420   2.2604E+02  3.1322E+01  5.7161E+01
0000421   6.4476E+02 -5.6611E+01 -1.0867E+02
0000422   4.7479E+02 -1.6987E+02  1.7487E+02
0000423   4.8625E+02  4.0950E+02 -1.0470E+02
0000424   4.6141E+02  1.4771E+02 -2.2435E+02
0000425   5.6410E+02 -2.1446E+00  7.6396E+01
0000426   4.0312E+02  2.0455E+02 -7.0279E+01
0000427   2.4782E+02  1.3730E+02 -8.0936E+01
0000428   2.5921E+02 -4.6782E+01  6.8558E+01
0000429   2.2840E+02 -4.4666E+01 -3.1291E+02
0000430   2.7070E+02  3.7937E+02  4.3639E+01
0000431   4.9227E+02  3.2112E+01 -2.7462E+02
0000432   4.9242E+01  2.0149E+02 -2.3785E+02
0000433   2.1186E+01 -1.3806E+01  4.8867E+01
0000434   3.0881E+02  4.7342E+02 -8.2498E+01
0000435   1.7343E+02  3.5896E+02 -5.2725E+01
0000437   7.3704E+01  6.0285E+01  8.7727E+00
0000438   6.0025E+02 -1.9343E+02 -7.2575E+01
0000439   1.5669E+02  2.4780E+02 -8.0693E+01
0000440   3.1479E+02 -8.1740E+01 -4.3296E+02
0000441   1.9442E+02 -4.8034E+01  8.3799E+01
0000442   3.6889E+02 -4.2032E+02 -8.0531E+01
0000443   2.3695E+02  2.5835E+01 -2.0618E+02
0000444   1.0317E+02 -1.7793E+02  1.9675E+02
0000445   4.4178E+02 -2.3219E+02  4.7433E+01
0000446   4.9331E+02  1.1851E+02  9.7228E+01
0000447   5.2255E+01 -1.4890E+02 -1.2320E+02
0000448   1.4331E+02 -2.5638E+02  4.5777E+01
0000449   5.8355E+02 -1.6356E+02 -2.5799E-01
0000450   1.2102E+02  2.9644E+00 -2.4590E+02
0000451   2.0164E+02 -1.8718E+00 -1.9734E+02
0000452   4.4112E+02  3.5891E+01 -1.3239E+02
0000454   1.4077E+02 -1.8255E+02 -3.4309E+02
0000455   2.0688E+01  3.7793E+01 -1.8426E+02
0000456   5.0122E+02  7.8855E+01 -6.0579E+01
0000457   2.5760E+02 -3.5544E+02 -2.5128E+01
0000459   3.7034E+02  2.6945E+02  4.3800E+01
0000460   2.9625E+02  1.0746E+02 -1.9701E+02
0000461   3.0476E+02  2.3031E+02  2.0896E+02
0000462   4.4454E+02  8.2184E+01  8.5549E+01
0000463   4.9877E+02 -1.3282E+02 -1.1958E+01
0000464   2.3050E+02 -5.1013E+01 -2.1781E+02
0000465   3.5239E+02 -1.6955E+02  1.5484E+02
0000466   4.3327E+02 -1.0322E+02 -1.6614E+01
0000467   4.3232E+02  2.7136E+02 -2.5765E+01
0000468   1.3594E+02  2.2268E+01 -2.1390E+01
0000469   1.4148E+02 -2.3023E+02 -2.7804E+02
0000471   3.8608E+02 -2.2141E+02 -3.5681E+02
0000472   5.2396E+02 -1.3535E+02 -4.7868E+02
0000473   4.1252E+02  3.5691E+02  1.0921E+02
0000474   4.5264E+02 -4.0694E+01 -7.2702E+01
0000475   4.7696E+02 -1.4209E+01 -1.5202E+02
0000476   5.8766E+02 -7.7863E+01  2.7855E+02
0000477   2.2896E+01 -4.8636E+01  7.0970E+01
0000479   2.3510E+02 -3.0243E+01  1.5821E+01
0000480   1.1432E+01 -3.1526E+01 -5.0426E+01
0000481   4.3668E+02 -1.4182E+02 -1.2540E+02
0000482   1.1753E+02  1.4620E+02  1.4076E+01
0000483   3.8789E+02  2.0822E+02 -5.1876E+01
0000484   1.1543E+02  2.2687E+02 -2.2288E+02
0000485   3.1542E+02 -7.4588E+01 -1.6810E+02
0000486   4.7729E+02 -2.7269E+02  1.1330E+02
0000487   4.1714E+02  4.0647E+01  3.2201E+01
0000488   1.4141E+02 -1.8203E+02  1.6959E+02
0000490   3.2384E+02 -4.9334E+01  9.2191E+01
0000492   4.2458E+00  2.1029E+02  7.9035E+01
0000493   3.2964E+02  9.9588E+01  1.8424E+02
0000494   4.6332E+02 -3.9455E+02 -1.9645E+02
0000495   7.6308E+02  1.4605E+02 -4.8083E+01
0000496   6.0945E+02  5.6339E+01  5.8571E+01
0000497   4.6569E+02 -4.2307E+01  1.1070E+02
0000498   1.1897E+02  1.6392E+02 -6.8330E+01
0000499   5.8506E+02  3.2685E+02 -1.0492E+02
0000500   3.8297E+02  8.3942E+01  3.3478E+02
0000501   2.1388E+02  1.2407E+02  1.4710E+01
0000502   8.7173E+01  5.5975E+00 -3.7790E+02
0000503   2.3013E+02  2.9767E+02  2.1539E+02
0000504   4.1298E+02 -2.1265E+01  6.9522E+01
0000505   4.3570E+01  6.2636E+00  2.0284E+01
0000506   1.4399E+02  1.6134E+02  1.7722E+02
0000507   2.7299E+02  1.1015E+00 -3.4790E+01
0000508   6.9845E+02 -1.8230E+02  7.7573E+01
0000509   4.4399E+02  1.0271E+02  4.2317E+00
0000510   1.6249E+02 -2.9045E+01  7.4727E+01
0000512   3.9353E+02  2.4333E+01 -6.1425E+01
0000513   4.9703E+02 -1.3108E+02 -7.3712E+01
0000514   2.9020E+02 -1.4400E+02 -5.3047E+01
0000515   1.5199E+02  1.4781E+02 -1.0548E+02
0000516   3.3667E+02  2.4229E+02  1.6403E+02
0000517   4.5933E+02  5.3451E+01  7.4672E+01
0000518   3.2604E+02 -3.2895E+02 -1.1565E+02
0000519   3.5552E+02 -1.8711E+02 -8.4568E+01
0000520   2.4084E+02 -4.0134E+01 -1.9489E+02
0000521   2.0128E+02  1.8259E+02  1.4472E+02
0000522   1.2504E+02 -4.7064E+01 -9.7561E+01
0000523   3.3309E+02 -5.1299E+01  9.1712E+01
0000524   1.4748E+02  7.0845E+01  6.7548E+01
0000525   1.6245E+02 -1.1157E+02 -1.3788E+02
0000526   2.5750E+02  8.8177E+00  4.8164E+01
0000527   2.8510E+02 -2.2620E+02  2.3745E+02
0000528   2.9700E+02 -9.1627E+01 -1.5062E+02
0000529   4.7909E+02  1.7031E+02 -1.8882E+02
0000530   1.7700E+02  1.3303E+02  5.5600E+01
0000532   4.9901E+02  1.0593E+02  2.9952E+02
0000534   3.0677E+02  1.2449E+02  1.3469E+02
0000535   4.1647E+02 -4.9165E+01 -9.9340E+01
0000536   6.1526E+02  1.8041E+02  5.4836E+01
0000537   2.6694E+02  4.4129E+01 -6.6751E+01
0000538   1.3499E+01  8.1523E+01 -2.0761E+02
0000539   2.6616E+02 -3.7060E+02 -2.1472E+02
0000540   3.2827E+02 -2.9109E+01 -3.7082E+01
0000541   4.4817E+02  1.0840E+01 -1.5552E+01
0000542   2.7026E+02 -4.1259E+01  7.7690E+01
0000543   2.8829E+02  3.3148E+01 -4.6257E+00
0000544   4.8815E+02 -1.4981E+02 -1.5963E+02
0000545   1.4750E+02  7.0451E+01  1.4480E+01
0000546   5.6388E+02 -6.8823E+01 -1.2614E+00
0000547   4.4228E+02  1.4933E+02 -1.3942E+02
0000548   1.2295E+02 -1.2619E+02  9.0245E+01
0000549   2.6512E+02  3.1691E+00  1.5469E+02
0000550   8.9630E+01  3.8586E+02  2.0568E+02
0000551   2.5861E+02  4.9189E+01  1.3005E+02
0000552   4.3543E+02  6.5895E+01  1.3826E+02
0000553   2.9757E+02 -7.9771E+01  1.5940E+02
0000554   3.0194E+02 -4.6854E+01 -2.2353E+01
0000556   2.0456E+02 -1.4539E+02 -4.0850E+01
0000557   2.1597E+02  1.6184E+02 -2.0200E+02
0000558   2.9650E+02 -3.2107E+02  1.5054E+02
0000559   6.0854E+02 -7.7136E+01  1.4513E+02
0000560   3.7124E+02  3.2821E+01 -3.7013E+01
0000561   4.6160E+02 -1.4078E+02  6.5197E+01
0000563   2.4569E+02 -1.5264E+02  1.4431E+02
0000564   4.7346E+02  4.4928E+01  3.8289E+02
0000565   2.4714E+02  2.5498E+02  7.3282E+01
0000566   9.7120E+01 -1.4028E+02 -1.5562E+02
0000567   3.9161E+02 -8.4664E+01 -1.1758E+02
0000568   4.7928E+02 -1.2272E+02 -1.1750E+02
0000569   5.1170E+02 -1.7445E+02  1.2199E+02
0000570   7.5085E+01 -3.5727E+01 -1.2231E+01
0000571   1.9786E+02  2.6044E+02 -2.6257E+02
0000572   4.4861E+02  1.8013E+02 -1.0756E+02
0000573   3.5316E+02  5.8811E+01 -3.2633E+02
0000574   1.0111E+02 -1.7328E+02 -1.1830E+02
0000575   4.3387E+02  6.5153E+01 -1.1784E+02
0000576   2.1055E+02 -4.0242E+00  1.8054E+02
0000577   2.4618E+02  1.5230E+02 -2.5649E+02
0000578   2.6166E+02 -9.4332E+01 -5.4035E+01
0000579   6.0087E+02  7.5204E+01 -4.1297E+02
0000580   4.5770E+02  3.4428E+02 -2.7367E+02
0000581   2.1590E+02  2.4155E+02 -1.5896E+02
0000582   3.5652E+02  3.7667E+01  1.3796E+02
0000583   6.0474E+02  1.0760E+02  1.5425E+02
0000584   5.2178E+02 -3.6635E+01 -8.8769E+01
0000585   2.0387E+02 -2.0041E+02  2.4268E+01
0000586   3.3511E+02 -8.9593E+01 -1.5336E+01
0000587   5.4682E+02  2.8915E+02 -8.7581E+01
0000588   3.7945E+02  8.4754E+01  2.1413E+01
0000589   1.8393E+02 -2.8967E+02  2.4146E+02
0000590   4.2503E+01  1.5584E+02 -1.1288E+02
0000591   4.6573E+02  1.3712E+02  7.2104E+01
0000592   3.7089E+02  5.3712E+00 -1.9051E+02
0000593   2.4722E+02  1.4265E+02  4.9388E+01
0000594   2.9216E+02  2.1964E+02  1.3667E+02
0000595   4.6793E+02 -2.0461E+01 -1.9977E+02
0000597   3.4494E+02  2.4130E+01  2.5490E+02
0000598   5.2753E+02  1.6316E+02 -1.6853E+02
0000599   5.1584E+02 -2.1546E+02  1.0428E+02
0000600   4.6737E+02 -2.0601E+02  1.2689E+02
0000601   1.9909E+02 -2.3127E+02 -2.0618E+02
0000602   4.8574E+02  4.6354E+01  2.7230E+02
0000603   3.3512E+02 -8.4113E+01 -1.3100E+02
0000604   3.6268E+02  1.6177E+02  7.3675E+01
0000605   3.7351E+02  1.3734E+02 -2.1134E+02
0000606   2.4781E+02  2.1536E+02  1.4389E+02
0000607   9.2072E+01 -8.5414E+01 -1.2987E+02
0000608   1.0299E+02  9.3314E+01 -2.1223E+02
0000609   1.1272E+02  1.0358E+01 -1.7363E+02
0000610   1.7755E+02 -1.0094E+02  2.1494E+02
0000611   1.5460E+01  1.6768E+02  4.9521E+01
0000612   1.7342E+02 -2.1330E+02 -5.2161E+02
0000613   3.5426E+02 -1.7353E+02 -2.0547E+02
0000614   2.9225E+02  1.0862E+02  2.5757E+01
0000615   4.8202E+01  4.9231E+01 -6.3323E+01
0000616   2.8721E+02  8.1844E+01 -1.2336E+02
0000617   1.2090E+02  1.4677E+02  5.2275E+01
0000618   1.9980E+02  2.5552E+02 -3.2514E+02
0000619   5.7084E+01  9.1047E+00 -1.6028E+02
0000620   2.9541E+02  2.0519E+02 -1.7350E+02
0000621   3.0345E+02 -7.6004E+01  2.4459E+02
0000623   2.7805E+02  3.3593E+02  8.5102E+01
0000624   3.3580E+02  1.0901E+02  5.9767E+01
0000625   2.7045E+02 -6.1572E+01 -9.2121E+01
0000626   1.9313E+02 -6.3005E+01 -5.7537E+02
0000627   6.2729E+02 -8.7837E+01 -1.0214E+02
0000628   6.2195E+01 -2.8388E+02  1.0587E+01
0000629   3.1898E+02 -1.3590E+00  1.4672E+02
0000630   6.9916E+01  2.2500E+02  2.4034E+01
0000631   1.3457E+02 -7.0183E+01 -3.2773E+02
0000633   1.1241E+02  2.3068E+02 -1.2638E+01
0000634   8.5453E+01 -2.0445E+02  4.6361E+01
0000635   4.8726E+02 -1.2418E+02  1.8407E+02
0000636   6.8637E+01 -1.6487E+02  2.4625E+01
0000637   3.1210E+02 -1.5002E+01  1.2978E+02
0000638   5.6226E+02 -3.0856E+02 -1.5634E+01
0000639   1.0365E+02  1.5017E+01  2.2043E+02
0000640   1.4031E+02 -2.0871E+02  4.5330E+00
0000641   4.8766E+02  1.4218E+02  4.6119E+00
0000642   4.0379E+02 -2.7736E+02 -1.5419E+01
0000643   3.1455E+02 -1.7075E+02  1.2313E+02
0000644   4.2912E+02  2.1784E+02 -1.7193E+02
0000645   5.4767E+02 -2.0599E+02  2.2699E+02
0000646   2.1971E+02  3.6298E+02  4.9136E+01
0000647   4.6141E+02  2.0679E+02 -1.7413E+02
0000648   3.4648E+02  1.9656E+02 -2.8082E+02
0000649   2.7683E+02  3.6801E+02 -4.2960E+02
0000650   5.8229E+01 -1.2942E+02  7.1437E+01
0000651   3.2909E+02  3.0795E+02 -1.5843E+02
0000652   2.9907E+02 -4.3976E+02 -1.0756E+01
0000653   2.1160E+02 -5.3606E+01  1.7852E+01
0000654   6.2910E+01 -2.4506E+02  8.8367E+01
0000655   1.6732E+02 -1.5080E+02  3.5490E+02
0000656   6.3501E+01  2.7224E+02  1.2692E+02
0000657   2.6587E+02  3.0058E+02 -1.5214E+01
0000658   4.0981E+02  2.8654E+02  1.9730E+02
0000659   3.1556E+02  7.0510E+01  2.2557E+00
0000660   8.3232E+01 -1.4857E+02  4.3278E+01
0000661   3.8567E+02 -1.8299E+02 -1.4477E+02
0000662   3.5696E+02  7.1838E+01 -5.9267E+01
0000663   4.2721E+02  2.6518E+02  4.8996E+01
0000665   1.0320E+02  1.5511E+02  2.1443E+02
0000666   2.3958E+02  9.3243E+01 -4.0014E+01
0000667   1.1489E+02  3.7754E+02  1.1161E+02
0000668   2.0837E+02 -1.2615E+01 -2.0798E+02
0000669   4.7396E+02 -6.1712E+01  1.8651E+01
0000670   8.5011E+01 -5.4385E+01  4.4417E+01
0000671   2.4420E+02 -8.0281E+01  9.0149E+01
0000672   3.2589E+02  2.6917E+02  1.3973E+02
0000673   1.3508E+02  2.2326E+02  1.5595E+02
0000674   3.4001E+02 -1.2759E+02  8.1169E+01
0000675   6.3792E+02  1.1622E+01 -2.3810E+01
0000676   2.4762E+02 -2.1631E+02 -1.7128E+02
0000677   1.5458E+02 -2.2960E+01 -1.9804E+02
0000678   7.1731E+01  7.7530E+01  1.0690E+02
0000679   2.6894E+02  2.7170E-01  7.3862E+01
0000680   4.7098E+02  1.5972E+02 -2.5054E+02
0000681   3.2585E+02 -2.1964E+02  4.1724E+02
0000682   1.7789E+02  1.9607E+02  2.5985E+01
0000683   2.9890E+02  1.4067E+02 -2.0395E+02
0000684   2.4473E+02 -1.0703E+02 -5.4509E+02
0000685   5.6104E+02  2.1081E+02  1.4295E+02
0000686   3.2268E+02  5.6354E+01  1.1637E+02
0000687   3.5687E+02  8.1076E+01  4.2847E+01
0000688   2.7784E+02  1.0742E+02  2.8671E+01
0000689   3.4053E+02 -4.3572E+01  2.1308E+02
0000690   6.9332E+02 -2.5465E+01  2.4900E+02
0000691   4.2778E+02  3.0745E+02  3.8206E+01
0000692   1.4713E+01 -1.2499E+01 -1.1586E+02
0000693   1.7411E+02  3.4902E+02  3.4029E+01
0000694   6.7794E+02  1.5793E+01  3.6266E+02
0000695   4.7928E+02  9.3493E+01 -7.3102E+01
0000696   6.2722E+02  3.1562E+01 -2.5281E+02
0000697   1.9301E+02  6.5987E+01 -4.7716E+00
0000698   3.0217E+02 -6.5523E+01  2.3444E+02
0000699   3.7733E+02 -2.7720E+01 -4.9163E+01
0000700   3.4194E+02  1.7134E+02 -9.3150E+01
0000702   3.6195E+02 -2.9080E+02 -1.6277E+02
0000704   3.9324E+02 -2.5985E+02 -2.5453E+01
0000705   2.5108E+02 -2.4550E+02  1.5156E+02
0000706   2.4432E+02 -6.3013E+01 -9.9155E+01
0000707   3.9299E+02  1.7093E+02 -5.5599E+01
0000708   6.6907E+02  1.9854E+02 -1.9625E+02
0000709   4.8034E+02 -1.1345E+02 -8.0836E+01
0000710   4.9495E+02  2.7368E+02 -2.0517E+02
0000711   6.0696E+02 -2.6765E+02 -3.1321E+02
0000712   2.3858E+02  1.1758E+02 -7.2106E+01
0000713   3.8393E+02 -1.2270E+02  3.0975E+01
0000714   3.9695E+02  1.4797E+02 -2.6235E+01
0000715   2.7271E+02 -3.9263E+02 -9.0868E+01
0000717   8.7205E+01  2.4814E+02 -1.3188E+02
0000719   1.4217E+02 -1.3302E+02  8.2894E+00
0000720   5.4769E+02  1.2760E+02  1.2787E+02
0000721   2.5808E+02 -5.2883E+01 -1.7168E+02
0000722   3.2003E+02  9.3852E+01  4.8117E+01
0000723   4.7596E+02  4.6064E+01 -5.8549E+01
0000724   2.8429E+02  2.0462E+02 -6.8480E+01
0000725   5.5718E+02  9.0153E+01  1.5838E+02
0000726   3.7890E+02  2.0844E+02  2.3407E+02
0000727   3.0503E+02  2.5020E+02  7.3778E+01
0000729   7.1597E+01 -5.5508E+01 -5.4388E+01
0000730   1.1238E+02  9.8441E+01  9.9817E+01
0000731   3.2274E+02 -2.1864E+01 -1.6999E+01
0000732   5.5847E+01  3.2179E+02 -2.4218E+02
0000733   1.6197E+02 -2.9694E+02 -2.5902E+01
0000735   1.0756E+02  4.8836E+01  5.8806E+00
0000736   2.0303E+02  4.4231E+02 -6.4645E+01
0000737   5.1479E+02  2.5290E+02  2.6401E+01
0000738   2.7192E+02 -1.3294E+02 -6.6373E+01
0000739   2.7420E+02  1.7364E+02 -6.8460E+01
0000741   1.5452E+02  1.4634E+01 -1.8801E+02
0000742   3.1853E+02 -2.7953E+02 -1.8453E+02
0000743   7.7438E+01  1.7154E+02 -2.4872E+02
0000744   1.0320E+02 -1.3846E+02  2.1592E+02
0000746   2.2000E+02  7.5280E+01  1.1329E+02
0000747   2.9030E+02  1.6042E+02  1.9728E+02
0000748   1.4209E+02  2.5442E+02  3.7316E+00
0000749   2.3172E+02 -4.5478E+02  1.9744E+02
0000750   2.1039E+02  1.5375E+02  1.1106E+02
0000751   3.9708E+02  8.3463E+01  1.7331E+01
0000752   2.3525E+02 -1.0610E+02  1.6142E+02
0000753   2.5137E+02 -1.0483E+02 -3.1767E+02
0000754   3.8782E+02 -3.8361E+02 -8.5731E+00
0000755   2.0481E+02 -8.5427E+00  1.3703E+02
0000756   5.3246E+02 -1.2445E+02 -1.8928E+02
0000757   4.5552E+02 -1.0244E+02 -1.5682E+02
0000758   4.5474E+02 -3.0073E+01 -3.6493E+01
0000759   3.7303E+02 -1.4250E+01 -1.2571E+02
0000760   1.0103E+02  1.9188E+01 -1.0152E+02
0000762   2.4248E+02 -2.3447E+02 -1.4464E+01
0000763   1.7509E+02  6.3371E+01  1.2928E+02
0000764   2.5455E+02  1.5668E+02  1.0393E+02
0000765   1.4114E+02  3.2017E+01 -2.0507E+01
0000766   4.7005E+02  4.8317E+01  1.9569E+02
0000767   1.6716E+02  2.5396E+02 -8.5551E+00
0000768   3.7746E+02  1.7488E+02  1.3281E+02
0000769   2.5027E+02 -9.5786E+01  8.9070E+01
0000770   2.4445E+02  1.3864E+02 -4.2407E+01
0000771   3.2236E+02 -2.2618E+01 -2.2768E+02
0000772   2.3986E+02 -2.0150E+02 -1.3745E+02
0000773   5.0551E+02 -1.1759E+02  8.4478E-01
0000774   6.8798E+02  2.5458E+02  2.6059E+02
0000775   2.9272E+02  2.1136E+01  1.7712E+02
0000776   1.5857E+02 -1.1121E+02  5.4409E+01
0000777   3.4512E+02  1.7854E+01  2.4834E+02
0000778   2.5126E+02 -6.1629E+01  3.9714E+01
0000779   3.3437E+02 -1.1507E+02 -1.0958E+02
0000780   2.3682E+02  2.1164E+02  2.9877E+02
0000782   4.3425E+02 -1.3749E+02 -1.4138E+02
0000783   7.5261E+01 -2.6892E+01  7.7117E+01
0000784   6.4609E+02  1.7057E+01  1.6143E+02
0000785   2.4331E+02  2.5827E+02 -1.4491E+01
0000786   3.9505E+02  2.1926E+02 -2.3825E+02
0000787   3.1689E+02 -1.0432E+02 -4.4606E+01
0000788   4.7064E+02 -2.6932E+01  7.3322E+01
0000789   3.5625E+02  6.6459E+01 -3.8426E+02
0000790   1.7742E+02  2.3567E+02 -7.8083E+01
0000791   5.2174E+02 -3.9694E+00 -2.4934E+02
0000792   2.6438E+02 -1.1541E+02 -4.1439E+02
0000793   1.5942E+02  2.3073E+02  1.5539E+01
0000794   1.1705E+02 -8.9660E+01 -9.2472E+01
0000795   1.0418E+02 -1.2349E+02  7.0251E+01
0000796   4.0881E+02 -2.4603E+02  1.5662E+02
0000797   3.2404E+02  1.8040E+02  2.9328E+02
0000798   3.6213E+02 -3.6377E+02 -3.2634E+02
0000799   7.5646E+01 -2.0737E+02 -4.8116E+02
0000800   3.7529E+01  4.8997E+01 -2.2581E+01
0000801   5.1443E+02  2.4466E+02 -2.3237E+02
0000802   1.6442E+02 -1.4040E+02  2.3855E+02
0000803   3.4592E+02 -8.8595E+01 -2.2615E+02
0000804   3.3578E+02 -6.4185E+01 -1.8375E+02
0000805   2.3467E+02  4.9657E+01 -6.8291E+01
0000806   6.7273E+02 -2.3959E+01 -3.1960E+02
0000807   2.4858E+01 -1.1976E+02 -8.1165E+01
0000808   2.3906E+02 -1.6439E+02 -4.1769E+01
0000809   3.1736E+02  2.1939E+02 -1.1439E+02
0000810   2.5580E+02 -2.2793E+02 -7.5970E+01
0000811   1.6422E+02 -2.0075E+02 -3.2384E+01
0000812   6.2266E+02 -1.6614E+02 -1.9220E+02
0000813   5.0647E+02  7.7160E+01  2.4578E+02
0000814   3.2332E+02  9.6339E+01  2.5389E+01
0000815   4.1560E+02 -2.0499E+02  6.8553E+01
0000816   4.0713E+02 -4.6962E+01  3.9143E+01
0000817   1.9346E+02 -5.1345E+02 -1.4198E+02
0000818   1.4662E+02 -1.0688E+01 -4.7281E+01
0000819   2.9424E+02 -3.7768E+01 -1.5577E+02
0000820   2.8060E+01 -8.8753E+01 -2.7426E+02
0000821   1.6370E+02  2.4731E+02 -1.6508E+02
0000822   2.9945E+02 -2.2364E+02 -1.1163E+02
0000823   3.2195E+02  1.7501E+02 -1.6198E+02
0000824   2.5539E+02 -1.7165E+02 -1.0321E+02
0000825   5.2630E+02  3.1496E+01 -3.7265E+01
0000826   3.2711E+02 -2.7037E+02  9.2591E+01
0000827   2.7111E+02 -8.0427E+01  3.9159E+02
0000828   1.4710E+02  3.0283E+02 -1.7035E+02
0000829   5.7667E+02  4.5444E+01  9.5449E+00
0000830   2.0627E+02 -4.2319E+01  1.9582E+02
0000831   2.0902E+02 -1.0290E+02  4.0433E+01
0000832   9.8167E+01  1.2441E+02 -2.2781E+02
0000833   1.7805E+02  5.6103E+00  1.7916E+02
0000834   1.2167E+02  4.5963E+00  8.0241E+00
0000835   4.2412E+01  2.9687E+02  1.2567E+02
0000836   1.4129E+02 -4.1380E+01 -4.2513E+01
0000837   2.0642E+02 -1.1509E+02 -2.2981E+02
0000838   4.8118E+02  2.1420E+01 -1.9859E+02
0000839   1.7279E+02 -1.3448E+02  1.5588E+02
0000840   5.0651E+02 -2.1037E+01  1.5423E+02
0000841   7.0569E+02  9.2859E+01 -2.5029E+02
0000842   3.9969E+02 -2.1637E+02  8.9888E+00
0000843   4.5006E+02 -7.0582E+01  2.2434E+02
0000844   6.5480E+02 -6.1836E+01 -1.5917E+02
0000845   3.9440E+02  1.1791E+02 -1.6890E+01
0000846   3.4872E+02 -3.2746E+00 -3.0362E+01
0000848   4.4421E+02 -5.5604E+01 -1.2452E+02
0000849   3.1147E+02  3.0989E+02 -3.9842E+02
0000850   3.3824E+02 -1.1077E+02 -1.1976E+02
0000851   2.9938E+02 -1.8928E+02  9.8972E+01
0000852   4.9261E+02 -3.4891E+01 -7.1597E+01
0000853   4.4363E+02 -1.9717E+02  2.3027E+02
0000854   4.0195E+02  5.3903E+01 -1.2057E+01
0000856   3.9721E+02 -2.3420E+01  6.0841E+01
0000858   1.6258E+02 -8.6134E+01  8.0705E+01
0000859   6.2246E+02 -1.4788E+02  2.5575E+02
0000860   3.8285E+02 -1.1070E+02  1.6239E+02
0000861   1.7037E+02 -2.5493E+02  3.7009E+02
0000862   5.5155E+02 -5.2996E+01 -7.4293E+01
0000863   2.3478E+02 -3.4425E+01 -5.1629E+00
0000864   4.5192E+02 -2.0711E+02 -9.2894E+01
0000865   5.1507E+02 -5.2782E+01 -6.2496E+01
0000866   5.7065E+02  4.2870E+01 -9.0417E+01
0000867   3.6088E+02 -2.6492E+02 -4.4444E+01
0000868   3.3007E+02  2.0103E+02  1.1071E+01
0000869   1.9311E+02 -9.5007E+01 -2.1155E+02
0000870   2.6277E+02 -1.8136E+02 -7.5783E+01
0000871   4.3863E+01  9.2497E+01 -2.0240E+02
0000872   3.2060E+02  2.4488E+02 -5.7673E+01
0000873   2.2413E+02  3.4946E+01  6.9307E+01
0000874   3.2549E+02  3.4453E+02  3.4561E+01
0000875   3.1810E+02 -1.7316E+02 -6.6178E+01
0000876   3.3056E+02 -1.5439E+02  5.0506E+02
0000877   5.1833E+02  2.3143E+02 -1.6094E+02
0000878   2.4985E+02  2.3402E+01  3.6139E+02
0000879   2.9217E+02 -2.6943E+02  1.7542E+02
0000880   2.1459E+02 -5.9986E+00  1.6055E+02
0000881   2.4029E+02  2.8230E+01  3.3962E+02
0000883   3.5549E+02 -3.7037E+01 -3.5930E+01
0000884   2.2893E+02 -1.8698E+02 -1.0853E+02
0000886   3.7971E+02 -5.7563E+01 -8.9474E+01
0000887   2.3853E+02  7.6801E+01  4.8715E+01
0000888   3.2528E+02  3.3099E+01 -1.5588E+02
0000889   1.3431E+02 -2.2900E+02 -1.6797E+02
0000890   1.3438E+02 -1.7521E+02  3.6494E+01
0000891   3.2135E+02 -1.1267E+02 -5.1662E+01
0000892   1.0873E+02  2.2286E+02  2.6970E+02
0000893   3.9804E+02  1.6696E+02 -3.2652E+02
0000894   2.4457E+02  1.4240E+02 -2.2341E+02
0000895   4.9154E+02  2.8863E+02  1.3252E+02
0000896   3.0590E+02  1.4289E+02  2.7978E+02
0000897   1.6458E+02 -1.3126E+02  2.2540E+02
0000898   3.0186E+02 -1.3621E+01 -9.8163E+01
0000899   3.3078E+02 -1.0753E+02  1.0572E+02
0000900   3.3052E+02 -1.6371E+02 -2.5874E+02
0000901   2.2838E+02  7.8146E+01 -2.6473E+02
0000903   3.0531E+02  5.0893E+01 -2.5259E+02
0000904   4.7901E+02 -3.5011E+01 -6.6924E+01
0000905   7.3939E+02  1.0259E+02  6.4661E+01
0000906   4.1095E+02  4.5953E+02  1.3227E+01
0000907   4.4453E+02  2.3755E+02  4.1853E+01
0000908   7.5289E+01 -9.1698E+00 -1.9214E+02
0000909   1.1759E+02 -3.0095E+02 -3.1624E+01
0000911   1.4788E+02 -5.3925E+01 -3.4088E+01
0000913   4.0137E+02  1.6050E+02  5.4834E+01
0000914   1.7816E+02 -1.2485E+02  4.3201E+02
0000915   2.2846E+01 -4.2626E+01  1.4858E+01
0000916   3.9802E+02 -1.9236E+01 -2.7170E+02
0000917   1.6773E+02 -1.4197E+02 -1.4116E+02
0000918   5.6544E+02  2.9217E+02  1.3515E+01
0000919   6.9390E+02  2.1832E+02 -1.1925E+02
0000920   3.7447E+02 -8.7286E+01 -1.1394E+02
0000921   1.5972E+02 -1.8050E+02 -3.9564E+01
0000922   2.3825E+02  8.0337E+01 -1.9939E+02
0000923   1.8533E+02  1.1109E+02 -2.7949E+02
0000924   5.3193E+02 -5.7201E+01  2.8400E+02
0000925   5.8237E+02 -9.1925E+01  1.3628E+02
0000926   3.8839E+02  2.1094E+02 -6.7112E+01
0000927   3.4168E+02  2.1504E+01  1.7575E+02
0000928   8.8257E+01 -3.1168E+01  1.8821E+02
0000929   1.1061E+02 -3.4806E+01  3.0091E+02
0000930   1.4322E+02 -3.2923E+01  5.3114E+01
0000931   2.7852E+02  1.2071E+02  3.7109E+01
0000932   1.8695E+02 -3.5597E+02  1.6232E+02
0000933   3.3763E+02  4.3995E+02  9.1396E+01
0000934   3.9274E+02 -2.1317E+02  2.4133E+02
0000935   4.2550E+02 -1.8776E+01  2.1821E+02
0000936   2.1805E+02  7.5951E+00 -9.9860E+01
0000937   4.5696E+02 -2.2743E+02 -1.2685E+02
0000938   3.8807E+02  1.2571E+02 -3.5866E+00
0000939   5.6015E+02 -6.7894E+01 -1.7115E+02
0000940   1.3540E+02  7.9891E+01  2.9117E+01
0000941   2.8111E+02  4.9068E+02  7.6152E+01
0000942   1.4558E+02  1.8275E+01  1.2485E+01
0000943   5.5449E+02  2.0393E+02  1.9389E+02
0000944   4.8027E+02  1.7990E+02 -8.4819E+01
0000945   2.6266E+02 -1.8346E+02 -1.4851E+02
0000946   2.4880E+02  2.6226E+01  5.1620E+00
0000947   4.4402E+02  2.1960E+02  3.5896E+02
0000948   2.9857E+02  1.1406E+02 -4.7629E+01
0000949   1.7731E+02 -3.1948E+01 -1.9594E+02
0000950   1.8882E+02 -6.9662E+01 -9.8478E+01
0000951   2.4706E+01 -5.9280E+01  9.0667E+00
0000952   4.8048E+02 -2.1345E+00 -2.5126E+00
0000953   2.5125E+02 -1.1849E+02  3.0981E+02
0000954   1.6329E+02  3.3364E+02 -2.6621E+01
0000955   2.1847E+02  8.1716E+01 -8.8921E+01
0000956   9.3717E+01 -2.5063E+02  4.1349E+01
0000957   3.0997E+02  1.6136E+02  1.1527E+02
0000958   3.9906E+02 -1.3189E+02  1.5482E+01
0000959   3.0315E+02  1.5179E+02  9.1831E+01
0000960   2.8796E+02 -2.5646E+01 -1.9091E+02
0000961   7.3110E+02  2.6056E+01  2.4259E+02
0000962   1.4828E+02 -1.1868E+02  4.2343E+01
0000963   2.2607E+02  4.4391E+02  3.8391E+02
0000964   3.8283E+02  2.1518E+02 -2.4748E+02
0000965   3.9579E+02  4.1193E+01  1.0958E+02
0000966   2.9970E+02 -1.1416E+02  1.7286E+02
0000967   1.7852E+02  2.2445E+02  5.8500E+01
0000968   3.6719E+02 -5.7361E+01 -1.3199E+02
0000969   5.4648E+02 -2.3931E+02 -4.7265E+01
0000970   2.4329E+02  4.3684E+02  8.6167E+01
0000971   1.6848E+02 -2.2244E+02  2.4382E+02
0000972   5.0331E+02  1.0093E+02 -1.1470E+02
0000973   7.2653E+02 -1.6088E+02 -1.4266E+02
0000974   1.0737E+02 -1.1455E+02  6.5035E+01
0000975   5.3295E+02 -1.0956E+02 -6.8638E+01
0000976   3.8133E+02 -1.7458E+01 -1.3354E+02
0000977   5.3981E+02 -1.4523E+02  4.2052E-01
0000978   4.1876E+02 -1.3795E+02 -9.2934E+00
0000979   1.8953E+02  4.1186E+00  3.4267E+01
0000980   4.0368E+02 -7.1596E+01 -3.4275E+02
0000981   4.2061E+02 -1.4330E+02  1.0865E+02
0000982   4.8973E+02 -2.2301E+02 -1.5394E+02
0000983   8.8588E+01  2.9330E+02  1.1011E+02
0000984   5.0825E+02  1.9994E+02  3.4134E+02
0000985   2.8223E+02 -3.4523E+02 -4.3901E+01
0000986   3.4925E+02 -2.2802E+02 -1.1277E+02
0000987   1.9242E+02 -8.4029E+01  2.1617E+01
0000988   5.3123E+02  2.8263E+01 -2.6964E+02
0000989   2.0739E+02 -1.6860E+02 -1.5752E+02
0000990   7.1357E+02  9.1769E+01  2.3777E+02
0000992   5.5106E+02  3.7836E+02 -2.9636E+01
0000993   1.2752E+02 -1.3108E+02 -3.2368E+02
0000994   3.1483E+02 -1.1877E+02  2.3341E+02
0000995   1.0632E+02  1.4328E+02 -6.0280E+00
0000996   5.1537E+02  2.2678E+02 -1.4381E+02
0000997   2.7028E+02  4.9781E+01 -5.5380E+01
0000999   1.4677E+02 -3.3780E+02 -9.1084E+01
0001000   1.0928E+02 -2.7541E+02 -9.8517E+00
