============================== SRIM-2013.00 ==============================
==============================================================================
====== SRIM Outputs\RANGE_3D.txt : File of Final Ion Positions =====

Ion =  F (09)   Ion Mass= 018.9984
Energy  = 3000000.E-05 keV
Ion Angle to Surface = 00.0 degrees
==================== TARGET =======================
  Layer # 1 - None
  Layer # 1 - Bottom Depth=500000.E-01 A
  Layer # 1 - Density =0007.8700 g/cm3
  Layer # 1 -  100 % of Fe
ÍÍÍÍÍÍÍÍÍÍÍÍÍÍÍÍÍÍÍÍÍÍÍÍÍÍÍÍÍÍÍÍÍÍÍÍÍÍÍÍÍÍÍÍÍÍÍÍÍÍÍÍ
                                            
Ion       Depth  X   Lateral Y   Lateral Z  
Number    (Angstrom) (Angstrom)  (Angstrom) 
-------  ----------- ----------- -----------
0000001   3.2392E+02  1.9193E+02 -2.0659E+02
0000002   3.2899E+02 -9.8651E+01 -1.7936E+02
0000003   4.1161E+02  6.7635E+01  1.3045E+01
0000004   3.6906E+02  3.1044E+02  8.9195E+01
0000005   4.7230E+02 -2.9162E+02 -2.0525E+02
0000006   3.5920E+02 -2.0879E+02  4.6124E+01
0000007   2.0687E+02 -7.3638E+01 -5.5982E+01
0000008   2.8374E+02  1.2224E+01  2.9845E+02
0000009   1.4849E+01 -2.1934E+02 -5.3299E+01
0000010   4.7272E+01  4.7339E+01  1.9484E+02
0000011   3.4184E+02 -1.7769E+02  1.3441E+00
0000012   2.5375E+02  1.5713E+02 -1.9246E+02
0000013   2.4533E+02  3.6713E+02  5.7323E+01
0000014   2.3751E+02  1.4741E+02  2.2090E+02
0000015   3.9911E+02 -2.7782E+02 -1.9657E+02
0000016   2.6923E+02 -2.4650E+02  1.1854E+02
0000017   9.0834E+01  9.3017E+00  9.9177E+01
0000018   3.9940E+02 -2.1351E+02  1.4365E+02
0000019   3.1518E+02 -2.5938E+02 -2.5750E+02
0000021   3.2918E+02 -3.7640E+01 -2.3815E+02
0000022   2.8533E+02  3.4437E+01 -1.5580E+02
0000023   2.2693E+02 -2.3953E+02  2.3481E+02
0000024   3.8647E+02 -1.8336E+02  1.4801E+02
0000025   4.6955E+02 -6.5581E+00  3.5896E+02
0000026   2.1062E+02  3.5327E+01 -6.7750E+01
0000027   6.3434E+02 -1.2477E+02  2.3996E+02
0000028   4.1788E+02 -1.2680E+02  2.4928E+02
0000029   1.3592E+02 -4.1200E+01  2.8999E+02
0000030   4.5244E+02 -1.4328E+02 -2.8367E+02
0000031   3.3647E+02  1.4114E+02 -1.9229E+02
0000032   1.7468E+01 -1.3241E+02 -1.0998E+02
0000033   3.8400E+02  2.0268E+02 -1.8857E+02
0000034   1.6238E+02  1.1738E+02 -1.9313E+01
0000035   3.3265E+02  2.7357E+02  1.3542E+02
0000036   3.1920E+02  1.4978E+02 -1.8911E+02
0000037   1.2039E+02  1.4144E+02  1.1292E+02
0000038   3.3027E+02  1.5141E+02 -3.6012E+01
0000039   2.0260E+02 -1.7302E+02  7.7232E+00
0000040   1.8511E+02  1.0687E+02 -1.1515E+02
0000041   1.6420E+02  4.2202E+02  5.6927E+01
0000042   5.0356E+02  6.2664E+01 -2.0157E+01
0000043   2.5866E+02  1.2418E+02  7.6271E+01
0000044   2.8253E+02 -3.8231E+01  1.1425E+01
0000045   2.6331E+02 -3.9500E+02 -1.1775E+02
0000046   2.5205E+02 -1.8760E+02  1.3847E+02
0000047   6.2472E+02  1.0261E+02  2.8108E+01
0000050   2.4813E+02  5.6300E+01 -3.7370E+02
0000051   1.0907E+02 -2.3185E+02  5.5180E+01
0000052   3.0560E+02  2.0013E+02  2.1096E+02
0000053   3.5996E+02 -1.4375E+02 -1.6782E+02
0000055   5.7554E+02  1.8981E+02 -4.0276E+01
0000056   3.7471E+02 -7.5639E+01  1.1638E+02
0000057   5.3664E+02 -1.0784E+02 -5.9840E+01
0000058   3.7599E+02 -6.0680E+01 -1.2884E+02
0000060   4.4291E+02  5.7566E+01  4.1791E+01
0000061   3.4443E+02 -2.0742E+02  2.7839E+01
0000062   4.3887E+02 -1.1672E+01 -4.0737E+01
0000063   1.9880E+02  2.0115E+02  2.3292E+02
0000064   3.1444E+02 -3.1844E+01 -1.0854E+02
0000065   5.4028E+02  8.0478E+01  4.4257E+01
0000066   5.2239E+02  8.6207E+01 -9.4723E+00
0000067   1.6552E+02  2.1056E+02  2.2047E+02
0000068   1.3502E+02 -5.2277E+01 -3.1340E+02
0000069   2.2900E+02  4.9173E+02  2.0319E+02
0000070   1.8244E+02  3.4531E+01  4.8151E+01
0000071   5.9085E+02 -3.6133E+02 -1.3027E+02
0000072   2.9270E+02  5.3343E+01  4.1308E+01
0000074   2.8622E+02  2.5065E+02 -7.7311E+01
0000075   3.8081E+02 -1.6960E+02 -3.2420E+01
0000076   2.1257E+02  2.6906E+01  2.5402E+02
0000077   1.1685E+02 -2.0861E+01  2.3269E+01
0000078   1.3402E+01  1.2305E+02  2.5234E+01
0000079   1.6976E+02 -3.9676E+01 -1.8305E+02
0000080   2.5154E+02  1.6479E+02 -1.5135E+02
0000081   6.4145E+02 -4.8689E+01  1.7838E+02
0000082   9.0374E+01  1.2092E+02 -2.9522E+02
0000083   5.7796E+02  1.3633E+02  2.1469E+01
0000084   2.0195E+02  1.1449E+02 -4.8038E+01
0000085   2.0445E+02  1.3183E+01  6.7939E+01
0000086   4.8735E+02 -4.1255E+02  1.6580E+02
0000087   2.0424E+02  9.1438E+01  4.1512E+01
0000088   1.3695E+02  1.9148E+02 -1.4175E+02
0000089   1.9653E+02  1.7449E+02 -3.9977E+01
0000090   3.4188E+02  9.9981E+01  1.1700E+02
0000091   1.9154E+02  2.2626E+02  1.7059E+02
0000092   2.5536E+02 -1.4011E+02  1.6257E+02
0000093   6.9148E+02 -1.3274E+02  3.9951E+01
0000094   6.5983E+02  3.1848E+02  4.4828E+02
0000095   3.0157E+02  5.9636E+00 -1.1810E+02
0000096   4.1245E+02  1.0751E+02 -9.8810E+01
0000097   1.3254E+02 -1.6386E+02  9.6131E+01
0000098   2.9633E+02  1.0522E+02 -1.0854E+02
0000099   1.3546E+02 -1.1031E+02  3.4412E+01
0000100   2.5677E+02  6.4318E+00  1.6417E+02
0000101   1.8306E+02  9.7607E+01 -1.4932E+02
0000102   4.2020E+02  3.3254E+02  2.3215E+01
0000103   6.4673E+02  1.0473E+02  1.1092E+02
0000104   3.5427E+02 -4.3914E+01 -3.9374E+01
0000105   3.3889E+02  8.9100E+01 -2.0320E+02
0000106   3.4722E+02  7.5758E+01 -3.0006E+02
0000107   2.4404E+02  1.6503E+02  1.4560E+02
0000108   5.3532E+02 -4.3006E+01  6.3457E+01
0000109   9.5659E+01 -2.2974E+01  4.2447E+01
0000110   1.3589E+02  5.4066E+00  2.2664E+02
0000111   2.6680E+02  1.5170E+02  2.3953E+02
0000113   3.2019E+02 -2.0989E+02  1.4165E+02
0000114   1.8341E+02 -7.7848E+01  3.4552E+02
0000115   8.4564E+02  1.1732E+02  9.4982E-01
0000116   5.7832E+02 -1.2010E+02  1.2119E+02
0000117   2.1167E+02  8.6892E+01  2.4464E+02
0000119   2.7070E+02 -1.0882E+02 -3.7804E+01
0000120   2.7001E+02  6.3810E+00 -6.0516E+01
0000121   3.1934E+02 -7.2137E+01  6.3786E+01
0000122   5.0609E+02  9.0604E+01  9.1747E+01
0000123   3.7953E+02  1.0306E+02 -1.2154E+02
0000124   1.0825E+02  2.2927E+02 -1.9802E+01
0000125   1.2113E+02 -1.4823E+01  1.1554E+01
0000126   2.4696E+02 -4.0810E+01 -1.7986E+02
0000127   1.4370E+02 -5.5662E+02 -5.3790E+01
0000129   3.5051E+02 -5.2606E-01  9.4060E+01
0000130   1.4371E+02 -2.1016E+02  2.0868E+01
0000131   4.3169E+02  1.4852E+02 -1.4414E+02
0000132   8.2444E+01  2.9185E+02  7.5691E+01
0000133   1.6937E+02 -9.4409E+01 -3.0608E+01
0000134   2.0803E+02 -4.4105E+01 -1.8692E+01
0000135   5.7606E+02  1.0626E+02  1.9085E+02
0000136   1.8539E+02 -2.1327E+02  5.1994E+02
0000137   3.6824E+02 -3.5768E+02 -4.5043E+00
0000138   2.6466E+02  3.2666E+02  6.5237E+01
0000139   3.0907E+02  3.1925E+02  9.1332E+01
0000140   9.7240E+01  6.4973E+01 -8.5417E+01
0000141   6.6288E+02  4.3605E+01 -1.8095E+02
0000142   2.6213E+02 -2.0329E+02 -1.2355E+02
0000143   4.5856E+02 -2.2638E+01  1.7282E+02
0000144   1.3001E+02 -3.1097E+00 -3.5676E+02
0000145   3.7858E+02  9.0122E+01  3.6117E+02
0000146   2.5128E+02  1.1035E+02  6.8635E+01
0000147   2.7044E+02 -1.2856E+02 -8.8714E+01
0000148   1.6992E+02 -9.4866E+01 -1.7345E+02
0000149   1.7410E+01 -6.4847E+01  3.4758E+02
0000150   5.1578E+02 -8.1566E+01  1.0357E+01
0000151   3.9307E+02 -1.7756E+02  2.4494E+02
0000152   2.1230E+02  2.1285E+02  1.3917E+01
0000153   2.9808E+02 -1.5186E+02  2.0923E+02
0000154   5.7021E+01 -8.6467E+00 -1.4127E+02
0000155   1.1160E+02 -1.7789E+01 -4.3748E+01
0000156   6.6312E+02  3.7912E+01 -2.1385E+01
0000157   3.2854E+02 -1.9011E+02  3.7690E+02
0000158   3.0341E+02  1.1193E+02  8.0718E+01
0000159   3.6833E+02  3.0225E+02 -7.7492E+01
0000160   2.6946E+02 -1.4407E+01 -1.4493E+02
0000161   3.9580E+02  1.3165E+02  3.0977E+02
0000162   3.0146E+02 -7.9848E+01 -5.4505E+00
0000163   4.4873E+01 -8.2991E+01  3.5987E+02
0000164   1.7542E+02  2.1082E+02 -4.2050E+02
0000165   5.0700E+02 -2.6082E+02  6.6855E+01
0000166   1.5990E+02  2.0216E+02  9.9251E+01
0000167   5.4220E+02  1.5905E+02  8.6849E-01
0000168   2.0520E+02  9.5020E+01 -2.6962E+02
0000169   4.7275E+02 -1.5282E+02 -4.0276E+02
0000170   4.4067E+02  6.0207E+01 -7.7583E+01
0000171   1.9405E+02 -5.1204E+01 -1.1988E+02
0000172   2.9523E+02 -1.8939E+02 -1.8258E+01
0000173   7.9562E+01 -1.8937E+02 -1.5572E+02
0000175   4.3533E+02 -7.6942E+01  1.0920E+02
0000176   4.7959E+02 -1.6363E+02  9.4560E+01
0000177   4.3168E+02  3.4095E+00 -3.3175E+02
0000178   2.2595E+02  1.5001E+02 -1.4495E+01
0000180   3.6515E+02  2.0462E+02 -1.3766E+02
0000181   3.3269E+02 -1.2644E+02 -1.9913E+01
0000182   4.0833E+02 -1.5284E+02 -1.3666E+02
0000183   2.5753E+02 -1.1898E+02 -8.7955E+01
0000184   3.4053E+02 -3.4947E+01 -1.0796E+01
0000185   4.5852E+02  5.0759E+02  8.8461E+01
0000186   6.5951E+02 -1.4788E+01  5.4261E+01
0000187   1.3460E+02  6.6801E+01  9.5380E+01
0000188   4.9561E+02 -1.7084E+01  1.4666E+02
0000189   5.0269E+01  1.8969E+02  2.9273E+02
0000190   4.1435E+01 -1.6014E+02 -2.9921E+02
0000191   4.0819E+02  1.7329E+01  1.7224E+01
0000193   3.7224E+02 -8.1575E+01 -9.8252E+01
0000194   3.7633E+02  9.4459E+01 -3.2129E+02
0000196   2.3540E+02 -1.7674E+02  6.1583E+01
0000197   5.1084E+02 -3.3158E+02  4.8508E+01
0000198   4.3300E+02 -5.6830E+02 -3.5507E+01
0000199   5.3686E+02  2.9343E+01 -7.4646E+01
0000200   4.3592E+02  5.7185E+01 -1.9853E+02
0000201   9.8755E+01  3.4837E+01 -1.9486E+02
0000202   3.6550E+02  2.2015E+02  2.3604E+02
0000203   2.2785E+02  2.4076E+02 -3.8704E+01
0000204   2.6389E+02  1.2748E+02  1.4690E+02
0000205   3.8297E+02 -2.8317E+01 -1.4421E+02
0000206   3.1786E+02 -6.5333E+00 -1.5348E+02
0000207   2.9435E+02  1.1316E+02 -2.7644E+02
0000208   5.4350E+02 -1.7902E+02 -8.0499E+01
0000209   2.6041E+02  1.2030E+02  2.4429E+01
0000210   3.2337E+02 -5.5724E+01  1.4344E+02
0000211   2.9019E+02 -4.7062E+01 -2.7140E+02
0000212   1.5030E+02  1.6586E+02 -4.4569E+02
0000213   1.7475E+02 -4.8247E+01 -2.1964E+01
0000214   2.4876E+02  2.7881E+02 -1.0978E+02
0000215   2.3994E+02 -1.2702E+02  9.6292E+01
0000216   2.8165E+02  7.3657E+00 -3.2367E+02
0000217   2.8096E+02 -2.3150E+02  2.2282E+02
0000218   2.9512E+02  6.3742E+01  4.3154E+02
0000219   3.8008E+02  1.6335E+01 -1.8523E+02
0000220   1.9034E+02  1.5314E+02 -3.3939E+01
0000221   2.1746E+02  1.3471E+02 -3.0478E+02
0000222   1.1625E+02  8.5740E+01 -2.1884E+02
0000223   5.4243E+01 -5.0583E+01 -7.7862E+01
0000224   3.7477E+02  2.4828E+02  1.5482E+02
0000225   3.8140E+02 -4.0197E+01 -7.7734E+00
0000226   2.7617E+02 -2.8731E+02 -7.3782E+01
0000228   4.5389E+01 -6.6421E+00 -6.5930E+01
0000229   2.1325E+02  2.9400E+02 -1.2677E+02
0000230   1.1328E+02 -2.4357E+02  4.8665E+01
0000231   1.3584E+02 -1.9236E+02 -2.4762E+01
0000232   4.2742E+02  1.2466E+02  2.2808E+02
0000233   1.8223E+02 -2.5984E+02 -2.6330E+02
0000234   1.9541E+02 -1.8307E+01  3.8833E+02
0000235   3.2199E+02  1.7552E+02 -7.2101E+01
0000236   1.8150E+02  2.2444E+01 -1.9155E+02
0000237   3.4024E+02 -1.2361E+02 -4.0204E+02
0000239   5.0544E+02  2.4982E+02 -1.4875E+02
0000240   3.2562E+02 -2.5269E+02  4.4721E+01
0000241   2.4694E+02  1.7509E+02  8.7120E+01
0000242   2.4527E+02 -2.5152E+02 -1.0138E+02
0000243   4.5523E+02 -2.8026E+02  1.5372E+02
0000244   2.0346E+02 -1.7769E+01 -2.8390E+01
0000245   4.9670E+02  3.1845E+02 -1.7682E+01
0000246   1.8491E+02 -8.1527E+01  2.4028E+02
0000247   3.1448E+02 -2.0421E+02 -1.4276E+02
0000248   3.1804E+02 -2.5502E+02 -1.7766E+01
0000249   3.0901E+02  1.6776E+02  2.2810E+01
0000250   3.2659E+02 -8.6308E+01 -8.0675E+00
0000251   5.9845E+02 -3.2346E+00  6.5197E+01
0000252   6.3591E+01  9.6576E+01  2.0256E+02
0000253   3.0591E+02  2.5265E+02  1.0148E+02
0000254   3.6248E+02  2.2831E+02  5.5444E+01
0000255   3.4395E+02 -1.9681E+02 -9.0503E+01
0000256   1.5074E+02 -3.3274E+01 -1.1564E+02
0000257   5.9488E+01 -1.5338E+02 -5.7988E+01
0000258   2.5234E+02 -3.0012E+02  1.6310E+02
0000259   2.2823E+02 -2.0617E+02  4.4851E+02
0000260   2.7968E+02 -1.2077E+02 -4.5868E+02
0000261   3.1523E+02  2.8932E+02  1.4669E+02
0000262   4.0074E+01 -3.2595E+02  1.3146E+02
0000263   3.4282E+02 -5.6757E+01 -2.0466E+02
0000264   3.1771E+02 -2.6192E+02  1.6674E+02
0000265   4.2498E+02  7.0807E+00 -3.0010E+02
0000266   4.8477E+01  8.6266E+00  1.8596E+01
0000267   1.7036E+02  3.5654E+02 -1.0807E+02
0000268   2.8501E+02  1.3140E+02  1.1257E+02
0000269   1.9113E+02  8.0286E+01  7.8507E+01
0000270   1.3131E+02 -2.3174E+02 -1.5531E+02
0000271   5.8447E+02  2.0686E+02  2.1281E+02
0000273   3.3506E+02 -6.3216E+01  2.3051E+02
0000274   2.4252E+02 -3.5564E+01  2.5926E+00
0000275   2.6611E+02 -6.4220E+01 -1.9460E+02
0000276   2.1295E+02 -1.6157E+02 -2.0963E+02
0000277   1.5474E+02  2.5552E+01 -1.1610E+02
0000278   4.3509E+02 -1.3247E+02  3.8537E+02
0000279   4.3013E+02 -8.9852E+01  3.5958E+01
0000280   2.6951E+02 -2.5916E+02 -9.0445E+01
0000281   2.9986E+02 -1.0698E+01  1.5093E+02
0000282   4.0244E+02  7.6426E+01 -4.3581E+01
0000283   3.5449E+01 -2.2451E+00  1.3673E+02
0000284   1.4697E+02  2.6830E+01  3.9333E+01
0000285   6.1524E+02  1.4571E+02  5.9182E+01
0000287   1.5221E+02 -8.3171E+01  1.6877E+02
0000288   3.2485E+02 -2.9842E+01  8.2577E+01
0000289   3.5944E+02  9.5381E+01 -2.4685E+02
0000290   1.7663E+02  5.8540E+01  3.4666E+02
0000291   4.8972E+02  1.2140E+02  2.1094E+02
0000292   1.1738E+02  2.2562E+02 -3.2394E+02
0000293   3.6419E+02 -2.3125E+02  5.5207E+01
0000294   4.3159E+01  8.0468E+01  6.7252E+01
0000295   4.2337E+02  6.5538E+01  1.9120E+02
0000296   1.8039E+02 -7.5246E+00  4.4610E+01
0000297   2.9609E+02 -1.0620E+02  1.9068E+02
0000298   2.7403E+02 -3.1005E+01  1.6331E+02
0000299   3.3514E+02  2.5492E+02 -1.2998E+02
0000300   4.7046E+02  5.0212E+01 -5.9361E+01
0000301   4.0670E+02  3.7159E+02  1.7448E+01
0000302   5.2800E+02  3.9793E+01  1.4785E+00
0000303   1.3837E+02  3.4387E+02  1.0757E+02
0000304   2.6009E+02 -3.4661E+02 -5.7961E+01
0000305   2.7738E+02 -1.1547E+02  6.9522E+01
0000306   4.7439E+02 -5.4083E+01 -5.0275E+01
0000307   2.3504E+02 -4.3119E+01  2.5298E+01
0000308   2.2762E+02 -3.2270E+02  1.6522E+02
0000309   3.3743E+02 -2.2510E+02  2.8170E+02
0000310   5.3457E+02 -1.8923E+02  3.7717E+01
0000311   4.3102E+02  1.4323E+02 -1.4871E+02
0000312   2.9366E+02  2.5494E+01  2.0516E+01
0000313   3.8551E+02 -1.2513E+02  1.8273E+02
0000314   2.3974E+02 -8.2646E+01 -3.7486E+02
0000315   8.1405E+01 -3.1043E+01 -3.8515E+01
0000316   5.5206E+02 -4.5201E+01  3.6892E+02
0000317   3.7109E+01  8.1154E+01 -8.7794E+01
0000318   3.9383E+02  3.6148E+01  3.0017E+02
0000319   2.4322E+02 -1.8738E+02 -4.2173E+01
0000320   4.9565E+00 -2.2511E+01 -7.3681E+01
0000321   2.3526E+02  1.4633E+02 -1.7382E+02
0000322   3.6238E+02  1.5666E+02  1.3052E+02
0000323   1.5630E+02 -4.0125E+01  3.1349E+01
0000324   9.9182E+01  1.4365E+02  1.8585E+01
0000325   3.4196E+02 -2.0864E+02  2.3950E+02
0000326   5.1999E+02 -3.2556E+01  6.5031E+01
0000327   3.4378E+01 -2.7690E+00 -1.4582E+02
0000328   1.7044E+02 -5.8777E+01 -1.1150E+02
0000329   8.1057E+01  3.0515E+01 -2.5363E+01
0000330   1.7800E+02  5.5155E+01  1.9438E+02
0000331   2.1848E+02  2.8147E+01 -1.7384E+02
0000332   1.9098E+02  6.2609E+01 -4.5919E+01
0000333   1.1765E+02 -3.2177E+01 -8.3224E+01
0000334   3.8447E+02 -2.2235E+02 -2.6839E+02
0000335   5.9705E+02 -1.7480E+02 -4.4974E+01
0000336   3.1291E+02  2.5072E+02 -3.1797E+00
0000337   4.1938E+02 -2.7010E+02 -8.0544E+01
0000338   3.2812E+02  3.0423E+01  8.1637E+01
0000339   2.5233E+02 -1.1178E+02  2.9994E+01
0000340   8.9368E+01 -7.0705E+01  1.4431E+01
0000341   9.9665E+01  8.7437E+01 -1.1234E+02
0000342   3.8704E+02  2.8550E+01  1.7738E+02
0000343   2.6007E+02  1.3559E+02 -1.4320E+02
0000344   2.1755E+02 -1.3710E+02 -3.1341E+02
0000345   2.3360E+02  7.2115E+01  1.6973E+02
0000346   2.9304E+02  3.8177E+01  1.0330E+02
0000347   3.7267E+02  1.0368E+02  6.9593E+01
0000349   3.8721E+02  1.8786E+02 -9.0965E+01
0000350   3.1182E+02  3.4406E+02 -2.5193E+02
0000351   2.0478E+02 -1.2471E+02  5.2579E+01
0000352   4.4269E+02 -2.2124E+02 -2.3536E+02
0000353   4.1274E+02 -4.6288E+00  2.7862E+01
0000354   3.0797E+02  2.2002E+02  2.0094E+02
0000355   3.3428E+01  3.1092E+02  1.4173E+02
0000356   4.7726E+02 -6.7113E+01 -1.9929E+02
0000357   8.9024E+01 -1.2917E+01  4.0673E+02
0000358   2.1766E+02  1.0794E+02  1.5444E+02
0000359   2.2994E+02 -1.5566E+02  1.9838E+00
0000360   7.3785E+01 -7.6445E+01  6.4982E+01
0000361   1.1172E+02  1.0910E+02 -1.9915E+02
0000362   5.9668E+02  2.3957E+02 -1.5070E+02
0000363   3.3686E+02 -2.5632E+02  2.3661E+01
0000364   2.3598E+02 -5.8587E+01 -1.5724E+02
0000365   5.0455E+02  3.5944E+02  2.0451E+01
0000366   3.9919E+02  1.8657E+02 -1.4318E+01
0000367   4.6667E+02  1.3016E+02 -9.8845E+01
0000368   2.1079E+02  1.1216E+02 -7.0558E+01
0000369   3.8871E+02  5.8140E+01 -8.2386E+01
0000370   6.8368E+02 -1.5135E+02 -1.9541E+01
0000371   5.3311E+02 -2.3984E+02 -1.0202E+02
0000372   1.5624E+02  1.8603E+01  3.9108E+01
0000373   2.6459E+02  1.2684E+02 -1.2051E+02
0000374   1.1702E+02 -6.3659E+01 -1.6353E+02
0000375   3.5409E+02 -4.2556E+01 -7.0602E+01
0000376   1.4914E+02  1.0959E+02  7.1996E+00
0000377   3.1111E+02  7.2627E+01 -1.3746E+01
0000378   6.2377E+01  2.6625E+02 -8.3303E+01
0000379   3.6546E+02 -5.5154E+01  7.3084E+01
0000380   5.0377E+02  1.3159E+02  2.2511E+01
0000381   5.7454E+02 -2.3808E+02 -2.5021E+02
0000382   2.3584E+02  1.2301E+02 -1.5791E+02
0000383   9.7515E+01  1.9603E+02  6.0624E+01
0000384   1.5674E+02  1.2125E+02  3.9957E+01
0000385   2.4183E+02  5.1075E+02  3.8486E+02
0000386   5.7639E+02 -2.1513E+02 -1.4258E+02
0000387   1.0160E+02 -1.8350E+01  8.7861E+01
0000388   5.6200E+02  4.6755E+01 -6.7461E+01
0000389   3.9978E+02 -1.1124E+01 -2.5369E+01
0000390   2.4780E+02  4.8201E+01 -1.5898E+02
0000391   2.3401E+02  8.5039E+01  2.5771E+02
0000392   3.6357E+02 -1.2925E+02  6.5381E+01
0000393   9.7148E+01  1.0083E+02 -7.9507E+01
0000394   2.9812E+02 -2.1972E+01  2.5866E+02
0000395   3.4843E+02  2.3632E+02 -4.7530E+01
0000396   4.5066E+01 -2.1254E+02  3.5562E+02
0000397   1.8121E+02  3.2413E+02 -4.8468E+01
0000398   2.2138E+02  1.0425E+01  3.9035E+01
0000399   5.0400E+02 -4.7679E+01 -3.9235E+01
0000400   8.9376E+01 -2.1795E+02  2.2433E+02
0000401   3.8190E+02  1.4764E+02 -1.3837E+02
0000402   3.3295E+02  2.1492E+02  2.1539E+02
0000403   3.9999E+02 -2.9601E+02  1.5074E+02
0000404   4.3550E+02 -1.6186E+02 -1.2921E+02
0000405   1.0662E+02 -1.3520E+00  3.5954E+02
0000406   9.2068E+01  3.0775E+02 -3.9039E+01
0000407   5.1942E+02 -6.7201E+01 -2.5591E+01
0000408   3.2315E+02  1.2639E+02 -7.0345E+01
0000409   2.1713E+02  1.5698E+02 -4.2847E+02
0000410   1.9863E+02 -1.0261E+02  1.0929E+02
0000411   2.6462E+02 -1.2623E+01  1.8670E+02
0000412   4.3508E+02  5.7333E+02 -1.9926E+02
0000413   1.4474E+02 -9.1683E+01  6.2203E+00
0000414   5.0999E+02 -1.1101E+02 -1.5708E+02
0000416   2.6765E+02  1.6304E+02  3.9524E+02
0000417   6.9402E+02 -1.2069E+02 -3.9708E+01
0000418   2.4421E+02  2.7681E+02  2.8460E+02
0000419   2.6699E+02 -1.8564E+02  5.1082E+01
0000420   5.0671E+02  2.2019E+02  1.1914E+01
0000421   6.7570E+02  1.2063E+02 -2.7371E+02
0000422   3.0654E+02  2.1102E+02  1.0822E+02
0000423   2.4900E+00  4.6105E+02  1.5189E+02
0000424   1.8768E+02 -2.9998E+02  3.7642E+02
0000425   3.0745E+02  5.6683E+01  2.8096E+02
0000426   3.9711E+02 -5.0960E+01  1.5148E+01
0000427   2.5678E+02 -1.2873E+02 -4.8687E+01
0000428   1.1246E+02  5.2256E+01 -6.2066E+01
0000429   1.9025E+02 -1.1513E+02 -1.1937E+02
0000430   4.2783E+02 -2.3834E+02 -5.6927E+01
0000431   4.6647E+01 -1.5462E+02 -4.6633E+01
0000432   1.3978E+02 -1.8830E+02 -2.4879E+02
0000433   3.4676E+02 -2.5084E+02  6.2879E+01
0000434   1.1738E+01  1.1665E+01 -8.9709E+01
0000435   4.5862E+02  2.0197E+02  6.9876E+01
0000436   1.1619E+02  2.0259E+02 -3.6020E+01
0000437   3.3030E+02 -4.3081E+01  5.7046E+01
0000438   6.0297E+02 -3.8620E+01  1.2324E+02
0000439   3.8067E+02 -1.4663E+02  2.1509E+01
0000440   2.4835E+02 -1.8256E+02  7.4109E-01
0000441   1.4874E+02 -2.2188E+02 -3.2259E+02
0000444   3.1525E+02  1.2391E+02  1.5676E+02
0000445   2.3800E+02  1.6642E+02  1.0008E+02
0000446   4.8438E+02 -1.2761E+02 -1.5123E+02
0000447   1.7606E+01 -1.8013E+02  9.6751E+01
0000448   3.5844E+02  3.7983E+01 -2.7783E+02
0000449   2.0828E+02 -1.3537E+02 -1.9353E+02
0000450   2.9203E+02 -1.7412E+02 -1.9432E+02
0000451   4.2736E+02  2.2989E+02  1.2823E+02
0000452   1.6679E+02  1.8078E+02 -9.0624E+00
0000453   3.0189E+02 -4.2542E+02 -3.0071E+02
0000454   3.8727E+02 -2.8274E+02  2.7905E+01
0000455   5.5794E+02 -1.1189E+02 -5.5510E+01
0000456   1.9851E+02  7.7766E+01  1.9962E+02
0000457   4.0125E+02  1.6351E+01  4.6587E+01
0000458   2.5227E+02 -2.7679E+02  2.1361E+02
0000459   2.7723E+02  7.6361E+00 -8.1873E+01
0000460   1.9884E+02 -2.3880E+02  1.6509E+02
0000461   3.0385E+02  2.6363E+01 -4.2685E+02
0000462   3.7021E+01  1.1714E+02 -4.5827E+01
0000463   1.5577E+02  4.8677E+01 -6.5896E+00
0000464   4.6823E+02  5.2424E+01 -1.6431E+01
0000465   5.1245E+02  2.0709E+02  4.7223E+01
0000466   4.2473E+02 -2.2733E+02 -2.8110E+02
0000467   5.1577E+02 -3.0317E+02 -8.6527E+01
0000468   2.3604E+02  2.2683E+02 -3.6661E+01
0000469   3.9286E+02 -1.5723E+02  2.0000E+02
0000470   2.7749E+02  7.7726E+01  3.0644E+02
0000471   2.0592E+02  8.1697E+01  2.1612E+02
0000472   2.3251E+02  7.7280E+01 -4.2763E+01
0000473   2.2906E+02  1.8104E+02 -7.4344E+01
0000474   6.2179E+01 -5.6303E+01 -4.9302E+01
0000476   2.3525E+02 -1.5521E+02  1.2968E+02
0000477   2.0447E+02 -5.1989E+01  9.7065E+01
0000478   4.7480E+02 -3.5956E+02 -1.3718E+02
0000479   2.9744E+02  3.8969E+02 -7.4903E+01
0000480   1.0723E+02 -1.8821E+02  1.3124E+01
0000481   8.4621E+01  1.2265E+02 -8.5387E+01
0000482   4.4155E+02  3.1395E+01  1.2491E+02
0000483   2.8371E+02  2.7479E+02 -4.1681E+01
0000484   2.8232E+01  3.6080E+02  1.8632E+02
0000485   2.6169E+02  8.4785E+01 -1.9485E+02
0000486   2.2690E+02  5.5039E+01  3.6601E+02
0000487   3.0010E+02 -1.7660E+02  2.0159E+02
0000488   4.3063E+02  2.8327E+02 -1.3334E+02
0000489   2.3656E+02 -2.5437E+02  6.9330E+01
0000490   2.0650E+02  5.4931E+01 -1.8034E+02
0000491   4.0780E+02  1.8046E+02  1.9973E+02
0000492   4.4160E+02  5.7832E+01 -1.5009E+02
0000493   1.8774E+02  8.2480E+01 -2.5700E+02
0000494   2.2645E+02  1.0778E+02  1.2394E+02
0000495   2.3531E+02  1.5324E+02 -1.2795E+02
0000496   4.8239E+02 -6.1032E+01  1.4709E+02
0000497   1.2160E+02 -1.3560E+02 -8.4073E+01
0000498   2.2604E+02  1.5144E+01 -4.3522E+02
0000499   4.5600E+02 -5.1604E+01  3.2802E+01
0000500   5.2489E+02  1.1929E+02  1.1742E+02
0000501   1.9921E+02  6.2751E+01  1.4473E+02
0000502   2.9026E+02  2.7271E+02  1.0567E+01
0000503   1.6720E+02  2.0497E+02  1.5492E+02
0000504   2.2022E+02  2.7709E+02  1.9994E+02
0000505   6.4093E+01 -2.7979E+02 -2.5181E+02
0000506   2.7025E+01  1.5787E+02 -7.6294E+01
0000507   2.9859E+02  6.3569E+01  1.7963E+02
0000508   2.6127E+02 -3.2013E+02 -2.8130E+02
0000509   4.0024E+02 -4.2165E+01  7.9442E+01
0000510   5.7933E+02 -1.3093E+02 -1.9878E+02
0000511   3.9633E+02  2.2301E+02  3.5895E+01
0000512   1.0236E+02 -2.1312E+02 -1.3914E+01
0000513   3.3461E+02  1.0950E+02 -4.1577E+01
0000514   1.1942E+02 -1.0326E+02 -5.9701E+00
0000515   3.2339E+02  1.8145E+02  2.5563E+02
0000516   1.5090E+02  1.1632E+02 -6.0635E+01
0000517   1.2610E+02  1.3064E+02  1.2790E+02
0000518   6.1465E+02 -2.4364E+02 -6.1573E+01
0000519   2.5085E+02  2.4698E+01 -9.6206E+01
0000520   6.3914E+02  2.8850E+02  1.4998E+02
0000521   1.4721E+02 -2.3575E+02  1.4660E+02
0000522   3.0100E+02  4.5544E+01  2.2627E+01
0000523   5.0286E+02 -2.1140E+01 -3.9020E+00
0000524   2.3908E+02  6.0902E+00  2.8454E+02
0000525   1.8068E+02  1.7779E+02 -2.8029E+02
0000527   6.9694E+02 -1.8133E+02 -1.6815E+02
0000528   1.4312E+02 -2.0343E+02  5.8263E+01
0000529   3.7016E+02 -3.2984E+02  3.8990E+02
0000530   2.5540E+02  3.4510E+02  4.2204E+02
0000531   1.3901E+02  3.0667E+00  1.7798E+01
0000532   4.9394E+02 -1.5163E+02  5.2419E+01
0000533   2.2303E+02 -1.5574E+02  3.0690E+02
0000535   1.5642E+02 -2.7083E+02  9.9847E+01
0000536   4.7845E+02 -3.2823E+02 -1.4816E+02
0000537   1.1284E+02 -1.3735E+02 -1.1437E+01
0000538   2.6726E+02  2.2147E+02  1.9274E+02
0000539   1.7603E+01  1.6402E+02 -2.2396E+01
0000540   3.6062E+02  4.0636E+01  1.5410E+02
0000541   2.6901E+01  6.1311E+01  8.0108E+01
0000542   3.8838E+02  1.3228E+02 -1.9562E+02
0000543   3.5412E+02 -2.6486E+02  2.5370E+02
0000544   3.3978E+02 -1.2399E+02  4.7837E+01
0000545   6.5962E+02 -2.4165E+02 -7.3861E+01
0000546   5.0413E+02 -3.0181E+02 -3.3120E+02
0000547   8.2419E+01  1.0829E+02 -1.2819E+02
0000548   3.5121E+02 -4.9699E+01 -5.0479E+02
0000549   7.3819E+02 -8.4642E+01 -6.9413E+01
0000550   4.7602E+02 -2.3878E+00 -1.0953E+02
0000551   1.1689E+02 -1.2455E+02 -2.4746E+02
0000552   3.9199E+02  8.6384E+01  2.4107E+02
0000553   4.5925E+02  6.8546E+01  6.1472E+01
0000555   2.9376E+02  5.9157E+01  9.9535E+01
0000556   2.1310E+02 -2.6834E+02 -9.4839E+01
0000557   5.0075E+01  2.7619E+02 -5.2609E+01
0000558   4.2806E+02 -3.9795E+01 -3.4710E+01
0000559   4.2353E+02 -9.1357E+01  2.7747E+02
0000560   1.8226E+02  1.8187E+02 -3.4244E+02
0000561   1.6797E+02 -1.0397E+02 -9.9459E+01
0000562   3.2659E+02 -9.0834E+01 -2.3448E+02
0000563   1.8204E+02 -4.1674E+01  3.4760E+02
0000564   3.3267E+02 -9.2595E+01  8.4655E+01
0000565   1.5821E+02  1.4338E+02 -2.7029E+02
0000566   1.0243E+02 -1.3998E+02  5.5077E+02
0000567   4.2290E+02  5.4055E+00  6.9569E+01
0000568   9.4193E+01  3.9813E+01  2.7759E+01
0000569   4.1774E+02 -3.3343E+02  1.2979E+02
0000570   2.1854E+02  2.0464E+02  5.9424E+01
0000571   1.6294E+02 -3.5686E+01  2.9281E+02
0000572   2.8339E+02 -1.1735E+02  3.4428E+02
0000573   4.3636E+02  1.8903E+02 -3.4277E+01
0000574   2.8054E+02 -1.3535E+02  4.9086E+01
0000575   2.0674E+02  2.1606E+02  4.5798E+02
0000576   3.3893E+02 -1.6839E+02 -3.3389E+01
0000577   3.4458E+02 -3.4415E+01  2.9357E+02
0000578   1.9240E+02 -1.9455E+02  6.0419E+02
0000579   2.6049E+02 -4.2380E+02  8.5225E+01
0000580   5.3911E+02  1.7168E+02 -7.0644E+01
0000581   1.7328E+02 -1.1629E+02 -6.7897E+01
0000582   4.2701E+02  8.8712E+01 -6.8381E+01
0000583   3.8944E+02 -1.3054E+02  3.0188E+02
0000585   6.6367E+01 -2.2037E+01  5.5356E+01
0000586   1.8709E+02 -1.0901E+02  1.5750E+02
0000587   4.3025E+02  5.6123E+01  9.3686E+01
0000588   4.1607E+01 -2.1297E+02  1.5407E+02
0000589   4.0056E+02  8.6868E+00 -1.7576E+02
0000590   1.9047E+02  6.8306E+01 -1.2626E+02
0000591   4.1785E+02  5.4547E+01 -9.6667E+01
0000592   6.5491E+01 -1.1125E+01  6.3789E+01
0000593   4.3242E+02  6.5803E+01 -1.6327E+01
0000594   3.9938E+02  2.5070E+02 -1.5533E+02
0000595   3.9549E+01 -1.6218E+02 -1.9293E+02
0000596   1.6400E+02  3.4484E+02 -1.9566E+02
0000597   1.7621E+02 -4.6418E+01  5.7159E+00
0000599   3.6104E+02 -1.2941E+02  9.9073E+01
0000600   1.3917E+02  5.9854E+01 -2.1019E+01
0000601   5.0992E+02  1.5903E+02  1.5088E+02
0000602   1.4617E+02 -8.3566E+01 -8.3562E+01
0000603   4.6429E+02 -1.9702E+02 -3.1663E+02
0000604   3.9807E+01  8.6156E+01 -1.2815E+02
0000605   5.9271E+02 -2.7812E+02 -2.3186E+02
0000606   3.1358E+02  1.0128E+02  2.4050E+02
0000607   3.6157E+02 -3.0138E+02  8.2244E+01
0000608   5.1732E+02 -1.5632E+02 -7.4745E+01
0000609   3.5452E+02  2.0879E+02 -1.1895E+02
0000611   4.6322E+02  1.2302E+02  2.1019E+02
0000612   4.8694E+02 -6.8004E+01 -1.5966E+02
0000613   2.2330E+02 -2.5219E+02 -1.1008E+02
0000614   2.1276E+02  2.9506E+02  9.1514E+01
0000615   1.6130E+02  5.5612E+01  2.6631E+01
0000616   4.2897E+02 -1.9358E+02 -1.1734E+02
0000617   4.4659E+02 -1.4948E+02 -5.2025E+01
0000619   4.2805E+02  1.1024E+01  2.4755E+02
0000620   2.1843E+02  2.0300E+02  1.3266E+02
0000621   3.1239E+02 -2.8010E+02 -1.0049E+02
0000622   3.3084E+02 -1.4681E+02  5.9212E+01
0000623   1.5761E+02  7.7008E+01 -2.5574E+01
0000624   2.2497E+02 -1.7686E+01 -2.1953E+02
0000625   6.2761E+02 -1.5844E+02  1.4033E+02
0000626   2.4817E+02  3.0081E+01 -7.3451E+01
0000627   1.0817E+02  1.8310E+02  8.8526E+01
0000628   8.1194E+01  1.8111E+01 -4.3965E+01
0000629   3.8033E+02 -7.2619E+01  1.9357E+02
0000630   1.8843E+02  1.0464E+02 -1.8426E+02
0000631   1.6528E+02 -1.6288E+02  1.4183E+02
0000632   2.7898E+02  1.9919E+01 -1.0715E+02
0000633   3.2503E+02  2.6572E+02  4.1977E+01
0000634   2.0806E+02 -6.9277E+01 -8.3709E+01
0000635   3.3303E+02  2.1539E+01  1.1627E+02
0000636   4.9175E+02 -1.2713E+02 -3.2163E+02
0000637   3.2236E+02 -2.8645E+02 -2.0244E+02
0000638   2.5793E+02 -3.3183E+02 -7.3926E+01
0000639   2.7678E+02 -3.1081E+01  7.1936E+01
0000640   2.2895E+02 -8.3098E+01  3.1562E+01
0000641   1.4761E+02 -3.1482E+01 -8.1713E+01
0000642   3.9535E+02 -1.9674E+01  1.1054E+02
0000643   4.3042E+01 -2.2258E+02 -1.9294E+02
0000644   1.9348E+02 -3.3826E+01 -1.0093E+02
0000645   4.7180E+02  1.4750E+02 -1.3211E+02
0000646   3.9118E+02 -6.0742E+01 -8.9856E+01
0000647   7.3115E+02 -2.0847E+02 -8.0625E+01
0000648   1.9354E+02  1.0258E+02 -2.5662E+02
0000649   5.4579E+02 -3.6652E+00  3.5391E+02
0000650   3.9332E+02  3.5268E+02 -1.9058E+01
0000651   1.6286E+02  3.3481E+01 -6.4325E+01
0000653   3.9022E+02 -2.4716E+02 -3.5570E+01
0000654   1.5014E+02 -4.5259E-01 -1.1548E+02
0000655   4.6983E+02  2.8009E+00 -3.9952E+02
0000656   2.9001E+02 -8.0538E+01 -7.0269E+01
0000657   5.0406E+02 -7.8549E+01  5.4459E+01
0000658   5.8250E+02 -4.1077E+02 -1.4546E+02
0000659   2.8890E+02 -8.3760E+00 -6.8771E+00
0000660   1.3937E+02 -2.4266E+01  1.5901E+01
0000661   1.5487E+02  1.4312E+02 -4.1583E+01
0000662   5.8333E+02  6.7679E+01 -1.2977E+01
0000664   2.4266E+02  9.6851E+00 -6.4924E+01
0000665   3.0529E+02 -3.1454E+02  6.6807E+01
0000666   4.8878E+02 -2.0455E+02 -8.2876E+01
0000667   5.6860E+02  5.8813E+01  2.5707E+02
0000669   3.4483E+02  3.9637E+01  1.6093E+01
0000670   1.2546E+02  5.2544E+01  2.2775E+02
0000671   1.3777E+02  9.4703E+00 -2.6788E+01
0000672   3.0119E+02 -1.4070E+02  9.2259E+01
0000673   3.0007E+02 -2.0536E+02  1.4269E+02
0000674   9.5969E+01  6.6362E+01 -8.6575E+01
0000675   2.2952E+02  1.5578E+02 -8.6788E+01
0000676   4.9185E+01  2.2905E+02 -2.0710E+02
0000677   2.5305E+02  7.3577E+01  6.5756E+01
0000678   3.8895E+02 -7.2532E+01  9.6447E+01
0000679   2.0177E+02 -2.2354E+01 -7.4177E+01
0000680   4.0068E+02  1.0635E+02 -3.5770E+02
0000681   3.9981E+02  2.7164E+02  1.8985E+01
0000682   4.4901E+02 -2.2775E+02  2.9062E+02
0000683   1.9362E+02 -9.3860E+01 -1.1449E+02
0000684   3.9091E+02 -1.1634E+02 -5.7640E+01
0000685   3.2276E+02  5.9300E+01 -1.8554E+01
0000686   1.9947E+02  1.6243E+02 -1.6674E+02
0000687   4.9654E+02 -6.3253E+01 -6.9748E+00
0000688   2.4452E+02  9.1626E+01 -9.2293E+01
0000689   3.2523E+02 -1.4666E+02  1.4301E+02
0000690   1.5251E+02  1.0708E+02  5.2726E+01
0000691   2.7622E+02  4.1979E+01  1.6578E+02
0000692   2.4140E+02 -1.6850E+02 -1.0424E+02
0000693   1.8864E+02  1.6162E+02  1.1705E+02
0000694   3.8701E+02  1.0882E+02 -7.4534E+00
0000695   4.6556E+02 -4.1726E+02 -1.1718E+02
0000696   1.4946E+02 -7.9356E+01 -9.2253E+01
0000697   6.1952E+02  2.1793E+02  4.8016E+01
0000698   2.1387E+02 -3.6168E+00  1.6751E+01
0000699   4.1439E+02 -1.3064E+02 -2.1981E+02
0000700   1.9863E+02 -2.0411E+02  2.9094E+02
0000701   2.8327E+02 -1.8479E+02  4.0201E+01
0000702   2.4379E+02  7.6424E+01  2.5419E+02
0000703   5.8862E+01 -4.5672E+01  4.5711E+01
0000705   5.3411E+02  7.2956E+01  3.9024E+01
0000706   3.4174E+02  1.4293E+02 -1.2578E+02
0000707   2.0947E+02 -4.6406E+01  2.2628E+02
0000708   1.9840E+02 -2.6456E+02  1.9722E+02
0000709   1.1774E+02  1.4719E+02  3.2668E+02
0000710   4.2465E+02  2.5153E+01  7.9391E+01
0000711   2.2996E+02  7.9364E-01  3.8717E+01
0000712   2.8978E+02  1.9147E+02 -1.5521E+02
0000713   3.4161E+02 -1.8812E+01 -2.7535E+02
0000715   4.7581E+02  2.2834E+01 -8.9880E+01
0000716   3.2594E+02  1.3242E+02 -4.8137E+01
0000717   1.9735E+02 -4.7851E+02 -1.6495E+02
0000718   3.5884E+02  2.8223E+01 -2.3673E+01
0000719   2.6296E+02  4.4339E+01  5.3412E+01
0000720   4.1196E+02  8.3382E+01 -1.3018E+02
0000721   2.3312E+02  2.7664E+01 -1.3414E+02
0000722   5.9616E+02  3.7936E+02 -3.3834E+02
0000723   3.9320E+02  1.0802E+02  6.0313E+01
0000724   2.8342E+02 -1.0088E+02 -2.9923E+01
0000725   3.4531E+02  7.2711E+01 -1.9283E+01
0000726   4.5047E+02  2.6986E+02 -2.8028E+02
0000728   1.1797E+02 -2.9686E+02  3.0816E+02
0000729   3.8827E+02 -3.2593E+01 -1.5161E+02
0000730   2.8073E+02  1.9927E+02  1.0193E+01
0000731   4.0424E+02 -1.0440E+02 -6.1871E+00
0000732   3.5931E+02  3.4684E+01 -4.2378E+01
0000733   2.5078E+02 -5.8527E+01  1.8018E+02
0000734   5.2638E+02  1.7160E+00  1.2029E+02
0000735   2.5750E+02 -4.1628E+02  1.4222E+02
0000736   2.3948E+02 -9.4903E+01 -1.1561E+02
0000737   2.1283E+02 -5.1729E+01 -2.2680E+02
0000738   1.4780E+02 -9.6945E+01  4.0529E+01
0000739   5.0204E+02  1.8089E+02 -6.7970E+01
0000741   4.1445E+02  2.0112E+02  1.6908E+02
0000742   1.7925E+02  2.3008E+02 -2.0442E+02
0000743   3.2256E+02  1.2309E+01 -9.2047E+01
0000744   5.3370E+02 -1.0829E+01 -2.2077E+01
0000745   5.6556E+02  1.4914E+02 -1.8330E+02
0000746   2.0428E+02 -4.4873E+01 -2.4816E+02
0000747   2.3641E+02 -6.4565E+01 -6.0665E+01
0000748   2.7204E+02  2.1712E+02  2.3643E+02
0000749   3.4134E+02  3.9735E+02 -5.9161E+01
0000750   2.6279E+02  9.0233E+01  1.2301E+02
0000751   4.7283E+02  9.1614E+01 -1.7141E+02
0000752   5.5460E+02 -4.8643E+01 -2.9472E+02
0000753   3.7422E+02  1.4406E+02  2.2675E+02
0000754   4.6681E+02  2.8964E+02  1.8125E+02
0000755   3.4694E+02  1.6726E+01  3.8845E+02
0000757   3.2448E+02  3.3163E+01 -9.0249E+00
0000758   2.4295E+02 -1.8629E+01 -1.1029E+02
0000759   3.3674E+02 -4.4313E+01 -1.8123E+02
0000760   2.6703E+02  2.3184E+01 -5.0017E+01
0000761   3.8919E+02  2.5177E+02  2.3713E+01
0000762   4.0475E+02 -1.2499E+02 -2.0134E+02
0000763   3.2610E+02 -1.1440E+02  6.7313E+01
0000764   5.1113E+02  2.8098E+02  8.2368E+01
0000765   4.2061E+02 -1.1018E+02  2.1909E+02
0000766   1.8541E+02 -6.6226E+01 -1.2978E+02
0000767   3.8910E+02  7.9627E+01 -4.1046E+01
0000768   3.8320E+02  1.5508E+02 -2.2406E+02
0000769   5.3931E+02  2.7691E+01 -1.2690E+02
0000770   2.7799E+02  1.5798E+02 -2.0096E+02
0000771   2.9098E+01  7.1536E+01 -7.3684E+00
0000772   5.0947E+01 -5.2527E+01  2.5408E+01
0000773   2.1167E+02  1.2519E+02  7.8117E+01
0000774   5.0496E+02  2.0868E+02 -6.7188E+01
0000775   4.3407E+02  1.7770E+02  5.1360E+01
0000776   2.0981E+02  7.2766E+01  1.7724E+02
0000777   2.4776E+02  1.8017E+01  3.4432E+00
0000778   3.7958E+02 -1.6390E+02  1.1276E+02
0000779   2.4567E+02 -6.9236E+01  1.7659E+02
0000780   2.3916E+02 -6.4427E+01  3.8162E+02
0000781   3.2211E+02  1.2548E+02  2.0551E+02
0000783   6.6319E+02  1.8871E+02  1.6072E+01
0000785   2.4220E+02  1.1094E+02  3.8782E+02
0000786   1.6279E+02  3.0242E+02 -1.3730E+02
0000787   3.9958E+02 -8.8649E+01 -1.7357E+02
0000788   4.0609E+02 -7.3935E+01  1.0008E+02
0000789   3.8390E+02  2.9042E+02  1.1168E+02
0000790   3.2442E+02  2.1984E+02 -4.5778E+01
0000791   7.9478E+01 -1.5982E+02 -9.6267E+01
0000792   4.5298E+02 -2.0499E+02 -2.0527E+02
0000793   3.8787E+02 -2.1048E+02 -2.9671E+02
0000795   5.1764E+02  6.3871E+01 -1.5024E+01
0000796   3.1004E+02  2.7717E+01  4.0765E+02
0000797   2.0402E+02 -3.2097E+01  1.7502E+02
0000799   3.4427E+02 -6.9450E+01  2.5755E+02
0000800   1.4136E+02  2.0503E+02  1.1560E+02
0000801   1.2810E+02  2.1958E+02  1.9018E+02
0000802   1.1081E+02 -1.6454E+02  3.5647E+01
0000803   4.7331E+02 -2.4523E+02  3.1725E+02
0000804   3.4645E+02 -2.1942E+01 -2.1344E+01
0000805   4.6577E+02 -7.6268E+01 -2.8079E+01
0000806   3.7333E+02 -1.3887E+02 -6.0287E+01
0000807   2.1584E+02  3.7336E+02  1.6372E+02
0000808   3.8145E+02  3.6558E+02 -1.1231E+02
0000809   2.3617E+02  3.2446E+02 -1.0633E+01
0000810   3.1070E+02 -1.0873E+01 -2.1940E+02
0000811   1.5499E+02 -1.7456E+01 -1.1299E+02
0000812   2.1897E+02 -2.1088E+01 -2.0567E+02
0000813   5.5940E+02 -2.8900E+01  3.1472E+02
0000814   1.8257E+02  4.8174E+01  4.1825E+01
0000815   1.9296E+02 -4.0092E+01  1.7816E+02
0000816   8.3492E+01  1.8620E+02 -7.3185E+01
0000817   5.7716E+01 -3.5612E+01 -4.0187E+01
0000818   5.1603E+02  1.3102E+02 -2.0865E+02
0000819   6.2382E+02  8.7506E+01  1.0615E+02
0000820   3.7912E+02  1.2340E+02 -4.1224E+00
0000821   5.7475E+02  2.6002E+02  7.1644E+01
0000822   2.5197E+02  6.5407E+01  3.7739E+01
0000823   4.2821E+02  1.9218E+02 -3.1881E+02
0000824   3.0220E+02  7.3957E+01 -1.5543E+02
0000825   2.6546E+02 -1.1740E+02  9.2972E+01
0000826   3.4721E+02  5.9267E+01 -1.4131E+02
0000827   3.4215E+02  2.0892E+02 -5.9472E+01
0000828   1.1376E+02  4.6055E+01 -1.1209E+02
0000829   4.0411E+02 -1.0827E+02  4.2521E+01
0000830   2.6267E+02 -4.7809E+01  1.7249E+02
0000831   5.0969E+02 -1.0209E+02 -4.2947E+02
0000832   3.8961E+01  8.7553E+01 -5.2707E+01
0000833   2.6467E+02 -2.3296E+02  1.5758E+02
0000834   6.2630E+02 -1.2648E+02  5.9485E+01
0000835   2.5103E+02  2.0197E+02 -6.4443E+01
0000836   4.2690E+02  8.8119E+01  2.2526E+01
0000837   1.2382E+02 -1.2451E+02  7.4694E+01
0000838   4.5757E+02  6.9429E+01 -1.8018E+02
0000839   5.8085E+02  1.7099E+01  2.4654E+01
0000840   4.9284E+02  1.0992E+02  2.6880E+01
0000841   2.6231E+02  9.8438E+01 -2.2553E+02
0000842   2.8055E+02 -1.5098E+02  2.5640E+02
0000843   2.8401E+02  3.2682E+00  1.3163E+02
0000844   9.5904E+01 -8.5797E+01 -2.7781E+02
0000845   2.2621E+02 -1.3829E+01  3.3182E+01
0000846   5.2523E+02 -4.7348E+00  3.2663E+01
0000847   6.6815E+02  3.9009E+01  2.0497E+02
0000848   3.2543E+02 -1.2143E+02 -1.2534E+02
0000849   9.7754E+01 -2.3840E+02  1.0973E+02
0000850   2.1480E+02 -3.0042E+02  1.0567E+01
0000851   5.9849E+02  9.7306E+01 -3.1875E+02
0000852   1.2369E+02  1.3217E+01 -3.1064E+02
0000853   3.9758E+02 -2.2411E+02  2.1970E+01
0000855   4.6556E+02 -2.3543E+01  1.2596E+02
0000856   3.1934E+02  3.2897E+01  5.1859E+01
0000857   1.3706E+02 -1.7562E+02  2.8694E+02
0000858   3.5648E+02 -1.9052E+02 -1.8618E+02
0000859   4.0700E+02  9.1893E+01  1.0896E+02
0000861   4.3645E+02  1.3831E+02  1.0039E+02
0000862   9.7651E+01  2.0524E+02  1.0275E+02
0000863   3.6987E+02  1.9013E+01  3.6101E+02
0000864   3.3760E+02  2.5025E+02 -2.7178E+01
0000866   1.0106E+02 -5.8785E+01 -1.3055E+02
0000867   1.9769E+02  1.9082E+02 -2.4672E+02
0000868   3.2703E+01  1.2967E+02 -9.1759E+01
0000869   2.4093E+02 -9.4416E+00 -1.4688E+02
0000870   1.3249E+02  9.7526E+01 -2.2763E+02
0000871   3.6836E+02  3.2825E+02 -3.5209E+00
0000872   1.5386E+01 -2.5625E+01 -1.5477E+02
0000873   2.8973E+02 -2.4564E+02 -1.5696E+02
0000874   7.3408E+01 -1.2331E+02  2.0655E+02
0000875   2.6394E+01 -3.5489E+01 -8.6131E+01
0000876   2.5328E+02  2.5973E+02  2.7566E+01
0000877   5.0560E+02  2.2537E+01 -3.5514E+02
0000878   2.8798E+02 -4.6127E+01 -7.9777E+01
0000879   5.9901E+01  1.0692E+02 -3.7859E+01
0000880   3.8878E+02  4.1044E+01  2.0472E+02
0000882   3.0189E+02  4.2990E+01  1.2004E+02
0000883   3.6553E+02  3.9819E+01 -1.0778E+02
0000884   4.1710E+02 -9.7739E-01  2.7344E+02
0000885   2.6076E+02 -2.4123E+02  9.0871E+00
0000886   1.5043E+02 -1.7003E+02 -3.1813E+02
0000887   1.4737E+02  2.8241E+01 -1.8399E+01
0000888   3.5987E+02  2.0550E+02 -4.2522E+02
0000889   2.5820E+02 -1.0188E+02 -1.7052E+02
0000890   5.5477E+02  2.0197E+02  3.8790E+02
0000891   2.3348E+02 -2.0711E+02 -6.6811E+01
0000892   5.2197E+02 -3.0636E+00  1.3160E+02
0000893   4.9710E+02  1.0321E+01 -3.2444E+01
0000894   2.5366E+02  1.9421E+02  8.9813E+01
0000895   4.0814E+02  1.1672E+02  9.3645E+01
0000896   8.8210E+01  1.4452E+02  2.2428E+02
0000897   3.5689E+02 -2.6080E+01  1.2702E+02
0000898   9.7842E+01  2.3420E+02  1.1513E+02
0000899   4.1007E+02  1.0727E+02 -7.2301E+01
0000900   3.1751E+02 -2.5780E+02 -4.1715E+00
0000901   3.7631E+02  6.3401E+01 -5.2472E+01
0000902   3.2912E+02  2.4370E+02 -1.5772E+02
0000903   4.5798E+02 -3.3385E+00 -4.0174E+02
0000904   1.9886E+02  7.1481E+01 -2.0985E+02
0000905   3.9730E+02 -6.0112E+01 -3.3577E+02
0000906   4.0042E+02  1.2955E+02 -9.9235E+01
0000907   3.7488E+02 -1.9527E+01 -1.2207E+02
0000908   3.1463E+02 -7.8929E+01  9.8558E+01
0000909   4.1758E+02 -5.7008E+01  6.2819E+01
0000910   1.7929E+02  1.4604E+01 -7.6021E+01
0000911   5.5518E+01  1.5812E+02 -1.6854E+02
0000912   3.7822E+01  8.4090E+01 -1.3404E+02
0000913   2.6929E+02  8.8720E+01 -3.4528E+01
0000914   1.3698E+02 -9.7911E+01  1.0339E+02
0000915   1.1239E+02  2.4178E+02  3.0808E+02
0000916   1.3477E+02 -2.4976E+02  2.7991E+01
0000917   4.2279E+02  2.0872E+01 -1.2337E+02
0000918   3.4883E+01  2.5150E+01 -4.2023E+00
0000919   1.1942E+02  1.0695E+02 -1.3254E+02
0000920   2.2752E+02 -3.4700E+02 -2.6412E+01
0000921   1.7579E+02  1.7949E+01  5.0841E+01
0000922   3.4015E+02  3.7471E+01 -2.3511E+02
0000923   1.9117E+02  2.4881E+01 -8.2375E+01
0000924   2.3224E+02  3.8292E+01  3.5495E+02
0000925   2.6044E+02 -1.8322E+01  1.5044E+02
0000926   2.4934E+02  6.0827E+01 -1.9929E+02
0000927   2.8100E+02 -1.5640E+02  7.3918E+01
0000928   9.7307E+01  1.4675E+02  1.5218E+02
0000929   1.7497E+02 -1.9564E+02  2.3705E+02
0000930   5.4680E+02  6.1600E+01  1.1369E+02
0000931   3.7587E+02  4.7038E+01 -9.4683E+01
0000932   1.7413E+02 -2.0006E+02 -5.9971E+01
0000933   1.0370E+02 -1.4696E+01  6.4945E+01
0000934   4.8678E+02  1.8816E+02 -6.9779E+01
0000935   5.8482E+01 -7.7461E+01 -8.6415E+01
0000936   3.2324E+02  2.1031E+02  2.0668E+01
0000937   1.9583E+02 -3.9205E+02  4.1575E+02
0000938   5.6767E+02 -3.1545E+01 -1.7075E+01
0000939   2.9197E+02  1.5224E+02  1.8870E+02
0000940   5.2546E+02 -1.9914E+02  8.3281E+01
0000941   3.5066E+02 -1.0875E+02 -5.4676E+01
0000942   6.6072E+02  4.9908E+01  8.7741E+00
0000943   2.5615E+02 -3.5591E+02 -2.2658E+02
0000944   3.1158E+02  2.9214E+02 -5.9531E+01
0000945   3.4799E+02 -1.1153E+02 -7.4107E+01
0000946   1.3401E+02 -3.6762E+01  3.2158E+01
0000947   3.1948E+02 -1.5734E+02  1.2487E+02
0000948   3.7775E+02 -2.0814E+02  2.6505E+02
0000949   3.9166E+02 -1.6006E+00 -2.3111E+02
0000950   2.1166E+02 -1.7329E+02 -1.6232E+02
0000951   1.3841E+02 -3.4703E+02  1.9707E+02
0000952   2.0372E+02  6.7126E+01 -1.4766E+02
0000953   2.2548E+02 -7.3713E+01  1.0346E+01
0000954   3.0855E+02  3.8349E+01 -2.1944E+02
0000955   6.4917E+02  7.5739E+00  4.8292E+01
0000956   2.0976E+02 -4.3836E+01 -1.7352E+02
0000957   8.3940E+01 -7.0108E+01 -2.8051E+01
0000958   7.8317E+01  4.8267E+01 -5.2814E+01
0000959   2.1390E+02  2.7237E+01 -3.3182E+01
0000960   1.3202E+02  9.3951E+01  4.7482E-01
0000961   3.7695E+02 -2.3587E+02  1.7179E+02
0000962   2.0520E+02  2.9070E+02 -1.9358E+02
0000963   9.6860E+01 -1.1630E+02  3.4849E+01
0000964   4.3821E+02  1.6614E+01  2.2693E+02
0000965   5.8626E+02  1.5226E+02  1.2706E+02
0000966   2.3463E+02  5.0307E+01  1.3488E+02
0000967   3.8704E+02  6.3058E+01 -4.7708E+01
0000969   5.2977E+01  7.4218E+01  4.4009E+02
0000971   2.2383E+02 -3.7337E+01 -6.1795E+01
0000972   4.5110E+02 -6.7984E+01  1.1112E+02
0000973   4.2412E+02 -8.3253E+01  1.0772E+01
0000974   1.0235E+02  1.6946E+01 -1.9496E-01
0000975   3.5566E+02 -9.2417E+00 -2.0878E+02
0000976   1.4695E+02  1.7845E+02  3.4991E+02
0000977   4.3874E+02  4.9206E+01 -3.2320E+02
0000978   2.8984E+02  2.0667E+02 -4.6152E+02
0000979   3.1203E+02 -2.0443E+02 -2.0895E+02
0000980   2.4491E+02  1.5037E+02  2.0995E+01
0000981   3.8843E+02  1.1611E+02  3.6613E+02
0000982   1.9199E+02 -1.2004E+02 -1.2656E+00
0000983   2.9520E+02 -2.0953E+02  8.7945E+00
0000984   1.6426E+02  8.3017E+01  6.6612E+01
0000985   1.4529E+02  1.2550E+01 -1.0694E+01
0000986   4.0818E+02 -1.8440E+02 -2.8776E+02
0000987   3.5371E+02  1.8757E+02  3.8297E+01
0000988   2.5346E+02  1.0840E+02 -8.9071E+01
0000989   3.9249E+02 -5.1427E+01  2.7656E+02
0000990   4.6817E+02  1.2011E+02 -7.3591E+01
0000991   3.5964E+02  8.1650E+01  2.0516E+02
0000992   3.4784E+02  3.4938E+02 -3.0528E+02
0000993   1.1790E+02 -1.2249E+02 -2.7531E+01
0000995   4.0797E+02 -1.1734E+02 -2.5408E+02
0000996   1.8014E+02  9.0152E+01 -7.0364E+01
0000997   1.3433E+01  1.4647E+02 -8.2113E+01
0000998   2.2989E+02  2.5405E+02  5.0769E+01
0000999   5.9704E+02  1.3736E+02  3.5206E+00
0001000   1.6736E+02 -5.5387E+01 -3.0863E+02
