============================== SRIM-2013.00 ==============================
==============================================================================
====== SRIM Outputs\RANGE_3D.txt : File of Final Ion Positions =====

Ion =  F (09)   Ion Mass= 018.9984
Energy  = 3000000.E-05 keV
Ion Angle to Surface = 00.0 degrees
==================== TARGET =======================
  Layer # 1 - None
  Layer # 1 - Bottom Depth=500000.E-01 A
  Layer # 1 - Density =0007.8700 g/cm3
  Layer # 1 -  100 % of Fe
ÍÍÍÍÍÍÍÍÍÍÍÍÍÍÍÍÍÍÍÍÍÍÍÍÍÍÍÍÍÍÍÍÍÍÍÍÍÍÍÍÍÍÍÍÍÍÍÍÍÍÍÍ
                                            
Ion       Depth  X   Lateral Y   Lateral Z  
Number    (Angstrom) (Angstrom)  (Angstrom) 
-------  ----------- ----------- -----------
0000001   2.1688E+02 -1.8808E+02 -1.8004E+02
0000002   7.4159E+02  2.5362E+01 -1.7063E+02
0000003   1.1646E+02 -1.8886E+02  1.6669E+02
0000004   2.4737E+02  3.9097E+01 -2.1344E+02
0000005   4.7154E+02  3.3013E+01 -8.6758E+01
0000006   3.8675E+02 -1.6881E+02 -2.6011E+02
0000007   7.8997E+01  1.3414E+02 -1.5106E+02
0000008   5.2033E+02  1.5768E+02 -1.3820E+02
0000009   9.5507E+01 -6.9434E+01  4.3140E+01
0000010   3.7204E+02  2.9062E+01  9.1604E+01
0000011   6.4093E+01 -1.1051E+02 -4.2170E+02
0000012   2.6797E+02 -2.1674E+01  2.9456E+00
0000013   2.4746E+02 -4.8072E+01 -4.7238E+01
0000014   1.7403E+02  3.5428E+02 -2.3219E+02
0000015   4.0307E+01  9.7251E+01  4.7753E+01
0000016   2.9614E+02  3.7771E+01 -1.2190E+02
0000017   2.7328E+02 -2.5820E+02 -2.4742E+01
0000018   5.3999E+02  1.0270E+02  2.6235E+02
0000019   2.8698E+02 -1.4201E-01  1.8701E+01
0000020   3.1683E+02 -1.5779E+02 -4.3423E+02
0000021   1.4679E+02  9.3047E+01 -3.1260E+02
0000022   4.6360E+02  2.4644E+02  3.9866E+01
0000023   2.5735E+02 -1.3495E+02 -5.7321E+01
0000024   1.5789E+02  8.8496E+01 -2.6651E+02
0000025   6.5885E+02 -2.9159E+01 -1.4899E+02
0000026   3.8263E+02 -1.7078E+02 -2.0942E+02
0000027   2.4566E+02 -3.4019E+02  1.7605E+02
0000028   4.5629E+02  1.1924E+02  2.9694E+02
0000029   4.1635E+02  1.1743E+02  6.0880E+00
0000030   2.9777E+02  6.8436E+01 -1.0760E+02
0000031   3.7233E+02  2.0531E+02  1.8725E+02
0000032   3.0804E+02  1.9041E+02 -1.9892E+02
0000033   3.1671E+02  2.9330E+02 -3.6349E+01
0000034   6.7690E+02  2.8495E+02  1.2588E+02
0000035   4.7579E+02  4.2220E+01  7.7463E+01
0000036   4.8396E+02 -1.1808E+02  4.1385E+01
0000037   4.1377E+02 -3.1675E+02  9.1551E+01
0000038   4.7907E+02 -2.9737E+02 -1.2738E+02
0000039   2.8526E+02  1.4592E+02 -6.1459E+01
0000041   4.4357E+01 -1.8427E+01 -8.1161E+01
0000042   1.5743E+02 -1.3111E+01 -1.8740E+01
0000043   7.4220E+02 -8.3671E+01  2.4013E+01
0000044   2.2775E+02  1.8443E+01  8.9695E+01
0000045   5.4623E+02 -1.4031E+02  4.6395E+00
0000046   4.5305E+01 -2.5451E+01  3.6777E+02
0000047   1.5987E+02  2.9946E+01  1.0537E+02
0000048   3.3506E+02  1.6952E+02 -2.6152E+02
0000049   8.9561E+01 -1.9694E+02  5.2322E+01
0000050   2.7973E+02 -2.1352E+01  1.1345E+02
0000051   3.8204E+02 -1.5070E+02 -4.0199E+02
0000052   4.8501E+01  2.7695E+01  8.5026E+01
0000053   3.0620E+02 -3.8673E+02 -3.3951E+01
0000054   5.3617E+02  2.8702E+02 -8.4510E+01
0000055   4.4233E+02  1.7939E+01  4.4399E+01
0000056   1.1527E+02 -3.5330E+00 -3.0292E+01
0000057   6.0261E+02 -1.2495E+02 -1.3639E+02
0000058   1.6867E+02 -1.5104E+02  2.2576E+02
0000059   3.2051E+02 -9.1513E+01 -1.6993E+02
0000060   1.4466E+02  2.3986E+02 -1.0208E+02
0000061   2.5294E+02 -1.5300E+02  5.2719E+01
0000062   3.2535E+02 -1.9788E+02  3.1625E+01
0000064   5.9113E+02  2.4595E+02 -2.4930E+02
0000065   3.5243E+02  4.8274E+01  1.0988E+02
0000066   3.4244E+02 -3.0939E+02  2.3955E+02
0000067   3.3112E+02 -2.1544E+02  2.3138E+01
0000069   4.8745E+02 -2.0476E+02 -8.9716E+01
0000070   4.6422E+02 -2.2846E+00 -1.4947E+02
0000071   3.6089E+02  3.0467E+01  2.0228E+01
0000072   5.7947E+02 -1.2534E+01  6.7775E+01
0000074   9.5000E+01 -3.4090E+01 -1.0997E+02
0000075   1.9010E+02 -1.3640E+02  2.6616E+00
0000076   2.4617E+02  1.2749E+02 -1.4079E+02
0000077   2.0515E+02  2.2390E+01  9.5631E+01
0000078   3.6389E+02 -1.1028E+02  1.2196E+02
0000079   4.2497E+02  4.9158E+01 -8.2630E+01
0000080   3.7207E+02  9.5898E+01  6.3406E+01
0000081   4.1871E+02  4.8298E+01 -1.0880E+02
0000082   1.6378E+02 -3.2581E+02  7.7541E+01
0000085   4.7541E+02 -2.2579E+01 -4.4883E+00
0000086   5.0165E+02 -5.6560E+00 -2.9933E+02
0000087   4.4977E+01 -3.4324E+02 -3.4922E+02
0000088   4.3965E+02  1.1992E+02 -1.0390E+02
0000089   7.4426E+01 -3.3754E+02  7.6991E+01
0000090   6.3544E+02  1.0358E+02  2.2770E+02
0000091   3.4140E+02  2.1896E+01  3.5418E+02
0000092   4.8728E+02 -7.2561E+01  3.2713E+02
0000093   2.9565E+02  7.6608E+00 -1.3149E+02
0000094   1.8388E+02 -1.1238E+02  5.8623E+00
0000095   4.6143E+02 -6.8049E+01  2.1161E+01
0000096   2.5742E+02  2.3094E+02 -1.6637E+01
0000097   4.1078E+02  1.4171E+02  1.5212E+02
0000098   6.2274E+01 -9.1198E+01  3.4787E+02
0000099   2.4752E+02  3.5965E+01  2.1701E+02
0000100   3.2562E+02 -8.1224E+01 -1.7488E+02
0000101   4.1738E+02 -4.4316E+01 -7.8428E+01
0000102   4.1908E+02 -2.4285E+02  2.0408E+01
0000103   2.3806E+02  5.7539E+01 -2.4369E+01
0000104   3.9647E+02  2.2379E+02  2.4285E+02
0000105   1.7922E+02  1.0080E+01  9.7869E+01
0000106   1.3804E+02  1.5998E+02 -1.8417E+01
0000107   4.2747E+02  2.3957E+02 -2.0444E+02
0000108   2.1030E+02 -1.3288E+01 -1.9455E+02
0000109   1.2247E+02 -7.6412E+01 -5.4113E+01
0000111   1.7279E+02  1.1256E+02  9.5549E+00
0000113   5.3503E+01 -1.3792E+01 -3.2361E+01
0000114   1.4184E+02 -4.3618E+01 -8.1022E+01
0000115   1.0195E+02  9.7395E+01  4.3818E+01
0000116   1.8607E+02 -1.1087E+02  6.3503E+01
0000117   1.2972E+02 -5.1573E+01  1.4877E+02
0000118   2.6960E+02  9.4289E+01 -2.3088E+01
0000119   1.7944E+02  8.4443E+01 -1.6456E+02
0000120   5.7037E+02 -3.6529E+01  3.5759E+02
0000121   2.4023E+02  2.9936E+01  3.3124E+01
0000122   2.4306E+02 -1.3516E+02  1.3700E+02
0000124   1.7273E+02 -1.5100E+02 -2.5338E+02
0000125   1.0583E+02 -7.5097E+01  2.7143E+02
0000126   2.7988E+02  9.2562E+01 -3.1894E+02
0000127   3.4342E+02 -1.9547E+02  5.1402E+01
0000128   2.5540E+02  4.1702E+01 -6.6182E+01
0000129   5.6472E+02  1.2138E+02 -1.0297E+02
0000130   3.0805E+02  2.6448E+02  9.7004E+01
0000131   3.3658E+02 -2.6636E+02  4.0796E+02
0000132   2.1590E+02  1.4362E+02 -2.2592E+02
0000133   3.6001E+02  9.3841E+00  7.6044E+01
0000134   4.1679E+02 -5.2643E+01  3.7821E+02
0000135   1.9428E+02  2.4249E+02 -1.3353E+02
0000136   3.3421E+02  3.4335E+01  7.9483E+01
0000137   4.7006E+02  3.7447E+01 -3.0061E+01
0000138   2.4832E+02  1.7358E+02 -1.3121E+02
0000139   2.1713E+02  4.6041E+02 -5.1866E+01
0000140   5.0616E+01  2.8588E+02  1.7506E+02
0000141   2.5878E+02 -2.2978E+02 -7.8754E+01
0000142   1.2031E+02  6.4471E+01  6.3032E+01
0000144   2.0629E+02 -4.8069E+01  3.6210E+02
0000145   5.9205E+02 -1.3763E+02 -4.6446E+02
0000146   2.6572E+02 -3.9011E+01 -8.6134E+01
0000147   1.4375E+02  2.9966E+02  1.8330E+01
0000148   1.2809E+02 -5.5876E+01 -1.2334E+02
0000149   3.6877E+02 -2.9228E+02 -7.2141E+01
0000150   3.4391E+02  3.3056E+02  1.2847E+02
0000152   3.3072E+02 -2.8780E+01  3.8470E+02
0000153   2.1183E+02 -9.2336E+01 -6.2167E+01
0000154   5.4450E+02  1.6875E+02 -1.5382E+02
0000155   5.7325E+02  1.5734E+02  1.9829E+02
0000156   1.5819E+02  4.0022E+02  2.3145E+01
0000157   1.1488E+02  2.7632E+02  6.6245E+01
0000158   1.5551E+02 -4.3535E+01  2.4584E+02
0000159   3.1270E+02  2.1804E+02  1.4136E+02
0000160   4.0159E+02 -3.3457E+02  9.5001E+01
0000161   2.3189E+02 -2.9572E+02  1.6856E+02
0000162   7.7867E+01  3.7286E+01  1.3593E+01
0000164   3.0837E+02  3.1290E+02 -3.2685E+01
0000166   3.4136E+02  1.0121E+02 -1.3311E+02
0000167   3.1346E+02 -1.6191E+02 -1.3081E+01
0000168   4.7031E+02  3.6349E+02 -1.7525E+02
0000169   3.0870E+02 -5.7220E+01  8.2597E+01
0000170   2.8285E+02 -2.8993E+02  3.8964E+02
0000171   4.3299E+02 -1.1819E+02  2.5102E+02
0000172   1.5038E+02  1.7867E+02  6.5535E+01
0000173   2.2805E+02  1.2161E+02 -6.5499E+01
0000174   2.3158E+02  6.7800E+01 -3.4115E+01
0000175   1.4894E+02 -2.5034E+02  1.0263E+02
0000176   5.3986E+01  1.1337E+02  1.7764E+02
0000177   2.3910E+02  1.5242E+02 -2.2057E+02
0000178   3.6501E+02  2.0978E+02  1.9418E+01
0000179   3.2606E+02 -3.7989E+01  9.1509E+01
0000180   3.9688E+02  1.4658E+02 -3.0860E+02
0000181   3.6270E+02  1.2217E+02  1.3157E+02
0000182   3.6573E+02  9.3262E+01  6.6879E+01
0000183   1.0072E+02 -6.8939E+01  1.3056E+02
0000185   5.3161E+02  3.4055E+02 -1.6347E+02
0000186   2.6670E+02  1.3041E+02 -8.8037E+01
0000187   5.1518E+02  4.0943E+01 -9.8822E+01
0000188   2.3396E+02  5.0244E+01  1.3860E+01
0000189   4.4621E+02 -3.8114E+01  2.7350E+01
0000190   7.0259E+01  7.1559E+01 -8.4958E+01
0000191   7.4776E+02  2.6857E+02 -3.0619E+02
0000192   6.6618E+01  2.3539E+02 -4.5914E+01
0000193   3.7575E+01  1.1700E+02  1.9245E+01
0000194   4.5520E+02  2.4880E+02 -1.9596E+02
0000195   3.7162E+02  1.6328E+02  8.9156E+01
0000196   1.5373E+02 -3.9385E+02  1.4598E+02
0000197   3.1854E+02 -1.0924E+02 -1.2583E+02
0000198   1.9216E+02 -2.2307E+02  1.4465E+02
0000200   1.3673E+02  9.0672E+01 -1.8320E+02
0000201   6.0811E+01 -6.9134E+01  3.3542E+01
0000202   4.4814E+02 -1.1188E+02  1.0506E+02
0000203   4.4067E+02  1.6425E+02  3.9492E+01
0000204   2.4466E+02 -8.4815E-01  8.7806E+01
0000205   1.4659E+02 -5.7662E+02  1.2530E+02
0000206   4.7591E+02 -2.0063E+02 -3.1274E+01
0000207   3.4808E+02  6.4819E+01 -7.9109E+01
0000208   2.8649E+02 -1.4660E+01  2.9452E+01
0000209   4.5596E+02  6.2409E+01 -4.1312E+01
0000210   3.5356E+02  6.8197E+01  7.0271E+01
0000211   3.3886E+02  2.3708E+01 -1.7397E+02
0000212   2.5813E+02  5.1886E+01  5.7931E+02
0000213   2.8227E+02  1.1177E+01 -2.8478E+00
0000214   5.4233E+02  1.0715E+02  9.3017E+00
0000215   4.4029E+02 -3.9695E+01  8.8604E+01
0000216   1.0585E+02  1.0008E+02 -6.1189E+01
0000217   1.7496E+02  7.6321E+01 -1.1008E+02
0000218   2.7664E+02  1.2256E+01  2.3162E+01
0000219   1.6783E+02  1.1510E+02 -2.9445E+02
0000220   1.5503E+02 -6.7851E+01  2.3176E+02
0000221   1.9569E+02  5.3099E+01 -1.5906E+02
0000222   2.4247E+02 -9.7370E+00  1.8924E+02
0000223   3.1155E+02 -8.0624E+01 -1.8154E+02
0000224   3.6055E+02  2.1806E+02 -3.3172E+00
0000225   4.2352E+02  1.9454E+02 -2.4884E+02
0000226   1.7619E+02 -1.7362E+02  3.4959E+01
0000227   9.3317E+01 -2.1272E+01 -1.2563E+02
0000229   5.0246E+02 -2.6590E+02  7.2459E+01
0000230   3.9212E+02  4.7375E+01  3.8417E+02
0000231   2.4731E+02 -7.0689E+00 -1.0061E+01
0000232   3.9174E+02  1.0458E+02 -5.3555E+01
0000233   3.4632E+02 -2.8359E+02 -1.9156E+02
0000234   2.1210E+02 -1.1569E+02 -1.1375E+01
0000235   2.0485E+02 -8.5023E+01  1.5774E+02
0000236   2.3501E+02 -1.0186E+01 -1.2872E+02
0000237   3.6098E+02  1.9076E+02  1.6383E+02
0000238   1.0133E+02  5.7608E+01  2.1992E+01
0000239   5.7391E+02  3.7482E+01 -5.8859E+01
0000240   1.4486E+02 -1.5035E+02 -7.2164E+01
0000241   3.8809E+02  1.0412E+02  1.9264E+02
0000242   2.7840E+02  1.9039E+02  1.3018E+02
0000243   3.8816E+02 -1.2616E+02  1.9231E+02
0000244   1.8574E+02  1.7327E+02 -5.7005E+01
0000245   5.3364E+02 -3.7492E+02 -2.6542E+02
0000246   1.1452E+02 -1.3521E+02 -1.6172E+02
0000248   4.2242E+01 -1.5268E+02 -3.4766E-01
0000249   4.4606E+02  7.3112E+01 -3.9546E+00
0000250   1.5744E+02  5.1325E-01  1.9413E+02
0000251   4.0952E+01 -4.4684E+00  6.0491E+00
0000252   2.6161E+02  2.5797E+02 -3.1315E+02
0000253   1.2909E+02  3.3886E+01  2.0432E+02
0000254   2.2861E+02 -1.3314E+02 -1.2153E+02
0000255   1.3974E+02 -1.6908E+01 -6.2480E+01
0000256   2.1300E+02  6.9828E+01  7.6225E+01
0000257   3.5207E+02  2.2783E+01  4.0462E+01
0000258   1.2099E+02  1.4040E+02 -1.7328E+02
0000259   3.9709E+02  1.7199E+02  4.3655E+01
0000260   5.9602E+02 -1.8365E+02 -3.1512E+01
0000261   2.9108E+02  4.6783E+02  8.6223E+01
0000262   1.3839E+02 -3.0473E+01 -1.7433E+02
0000263   2.4505E+02 -2.3484E+00 -2.8764E+00
0000264   4.3410E+02  5.5997E+01  2.1223E+02
0000265   1.7751E+02  2.2615E+01  2.3305E+01
0000266   4.2125E+02 -1.8207E+00 -6.0572E+00
0000267   4.0555E+02  1.4264E+02  1.0848E+02
0000269   2.3010E+02 -6.0710E+02 -1.7678E+02
0000270   3.1572E+02 -2.3906E+01 -5.2906E+01
0000271   4.2322E+02  1.6306E+02 -4.0826E+02
0000272   1.9417E+02  2.2614E+02 -2.2935E+02
0000273   4.7544E+02  3.8551E+01  1.3766E+02
0000274   3.3568E+02  1.4072E+02 -1.7718E+02
0000275   2.8221E+02  3.7945E+02  1.8634E+02
0000276   1.5597E+00 -1.2420E+02  1.5273E+02
0000277   3.7710E+02 -6.8860E+00  8.2595E+01
0000278   3.1232E+02 -3.5825E+01 -1.5727E+02
0000279   2.5431E+02  3.4100E+02 -6.7769E+01
0000280   2.2385E+02 -2.1841E+01 -1.6869E+02
0000281   3.4444E+02 -1.3303E+02  2.7737E+02
0000282   3.6434E+02  2.2008E+02 -2.1020E+02
0000283   6.3063E+02 -1.8408E+01  2.7981E+02
0000284   9.5540E+01 -2.0687E+02 -4.5564E+01
0000285   3.9572E+02  1.1665E+02 -4.2927E+02
0000286   2.6683E+02 -3.3426E+02 -1.4788E+02
0000287   4.0484E+02 -3.0807E+01  2.3732E+02
0000288   2.5268E+02 -1.4264E+02  7.4141E+01
0000289   2.3288E+02  1.7081E+02  1.8529E+01
0000290   3.2643E+02 -3.7866E+02  4.2229E+01
0000291   9.0596E+02  6.7550E+00 -4.0111E+02
0000292   1.8951E+02  9.0954E+01  1.0857E+02
0000293   4.1432E+02  3.9761E+01 -1.3694E+02
0000294   2.2437E+01  7.5729E+01  1.7399E+02
0000295   4.4664E+02 -1.0055E+02  3.8977E+02
0000296   4.9034E+02 -2.0604E+02  3.5494E+01
0000297   6.3205E+02 -2.2084E+02  1.8417E+02
0000298   3.5325E+02 -2.5209E+02 -2.6665E+02
0000299   4.5257E+02  3.2122E+01 -3.0214E+02
0000300   1.3733E+02 -1.2282E+02  1.1973E+02
0000301   2.7283E+02  4.3676E+01  2.3430E+01
0000302   2.0264E+02 -1.4222E+02  3.1988E+02
0000303   3.4943E+02  6.6150E+00  1.1698E+02
0000304   2.2750E+01  2.7889E+01 -1.1762E+02
0000305   3.8953E+02  1.5426E+02 -2.7830E+02
0000306   1.2743E+02 -2.1633E+02  4.8433E+01
0000307   3.1690E+02 -1.2059E+00 -1.8067E+02
0000309   7.9296E+01  2.5756E+02 -2.6267E+02
0000310   1.6922E+02  1.6076E+02 -1.3982E+02
0000311   2.6527E+02 -4.8454E+01 -8.2892E+01
0000312   4.6739E+02  2.4019E+01 -1.5178E+01
0000313   1.9048E+02  1.1035E+02  3.2347E+02
0000314   5.0947E+02 -9.0256E+01  8.2847E+01
0000315   5.0145E+02  7.8898E+01  7.8034E+01
0000316   7.7749E+01  2.8385E+00 -1.9093E+02
0000317   5.3831E+01  9.6991E+01 -5.6374E+01
0000318   1.2336E+02 -2.4833E+02 -7.3630E+01
0000319   2.4134E+01 -1.5934E+01 -1.2154E+02
0000320   6.8533E+02  7.6101E+01 -3.8262E+01
0000321   3.2242E+02 -1.7669E+02  2.4986E+02
0000322   2.7484E+02 -4.7927E+01  2.3191E+02
0000323   3.1106E+02  1.3466E+02  4.4002E+02
0000324   1.2500E+02  2.6933E+02 -2.3120E+02
0000325   3.6939E+02  1.5231E+01 -1.5065E+01
0000326   3.7623E+02  2.7657E+02 -2.0830E+02
0000327   3.6243E+02 -1.8555E+02  2.6750E+02
0000328   1.6191E+02  2.0476E+02 -4.4026E+01
0000329   6.4969E+01  5.4604E+01 -1.6498E+02
0000330   1.9169E+02 -2.5138E+02  2.0937E+02
0000331   2.4376E+02 -8.3116E+01 -1.6597E+02
0000332   1.9935E+02 -3.1273E-02  5.5828E+01
0000333   2.1261E+02  3.2497E+02 -2.0469E+02
0000334   4.4953E+02  1.0778E+02 -4.5461E+01
0000335   3.0567E+02 -2.4979E+02  1.0410E+02
0000336   2.3546E+02  1.4306E+02  8.6080E+01
0000337   1.7770E+02  4.1314E+02  2.1538E+01
0000338   4.6130E+02 -2.7044E+00  8.8525E+01
0000339   1.5999E+02  7.1486E+01  5.3450E+01
0000340   5.6337E+02 -9.2421E+01  1.8456E+02
0000341   4.7226E+02  2.1960E+02 -2.5134E+01
0000342   5.2901E+02  2.9364E+01  1.2984E+02
0000343   4.3829E+02  8.3704E+01  2.7457E+02
0000344   2.1839E+02  1.0074E+02  3.0012E+02
0000345   1.4727E+02 -1.0048E+02 -1.8004E+02
0000346   1.2445E+02 -9.2883E+01  1.3060E+02
0000347   2.8545E+02 -1.1721E+02  1.9273E+02
0000348   1.5666E+02 -3.5153E+02  2.1544E+02
0000349   2.0981E+02  1.1402E+02 -1.3829E+02
0000350   1.8706E+02 -1.1569E+02  2.3780E+02
0000351   2.6710E+02 -4.2087E+01 -1.9206E+02
0000352   5.4042E+02  7.9037E+01 -4.4139E+01
0000353   5.2382E+02  1.0761E+02 -3.6463E+02
0000354   1.3051E+02 -1.8898E+02  1.7673E+02
0000355   2.2906E+02  3.2704E+02  1.1674E+02
0000356   3.2371E+02 -3.2404E+02 -1.4663E+02
0000357   1.0232E+02 -3.2979E+01  5.8576E+01
0000358   1.2466E+02  4.4299E+02 -2.1874E+02
0000359   1.3737E+02  1.5297E+02  8.2482E+01
0000360   2.9332E+02  1.0831E+02 -5.5834E+01
0000361   1.3710E+02 -7.0540E+01 -3.9198E+01
0000362   8.8638E+01  3.4137E+02  7.1599E+01
0000363   4.4805E+02 -2.4126E+02  1.9374E+02
0000364   2.3647E+02  7.8287E+01  1.3115E+02
0000365   2.9051E+02  2.2522E+01 -1.6888E+02
0000366   5.6326E+01  2.3484E+02 -7.1924E+01
0000367   1.8112E+02  1.6441E+02 -3.7596E+01
0000368   7.3068E+01  2.3002E+02  2.2168E+02
0000369   2.5644E+02 -2.5169E+02  2.5308E+01
0000370   3.3553E+02 -1.1529E+01 -1.6626E+02
0000371   2.3366E+02  4.1017E+01  2.3541E+02
0000372   3.7509E+02 -1.5796E+02 -6.2584E+01
0000373   4.2801E+02 -4.3747E+01 -1.1967E+01
0000374   3.4051E+02  4.5181E+02  1.4336E+02
0000375   6.0974E+02  5.6648E+01 -1.0818E+02
0000376   5.6696E+02 -1.6250E+01 -3.3730E+02
0000377   1.6332E+02 -2.2809E+02  8.7549E+01
0000378   4.2872E+01 -9.6643E+01  8.9340E+01
0000379   4.1733E+02  2.0102E+02 -2.7223E+01
0000380   3.3260E+02 -1.4211E+02 -3.1416E+01
0000381   3.2962E+02 -8.8880E+01  7.5875E+01
0000382   1.4963E+02 -2.7973E+02 -5.8277E+01
0000383   2.7639E+02 -8.2942E+01  7.0533E+01
0000384   3.1176E+02  3.6329E+01 -1.7209E+02
0000385   2.9497E+02  3.2075E+01 -2.5373E+02
0000386   4.7887E+02 -9.4835E+00  4.0538E+02
0000387   3.1081E+02  3.4372E+02  1.5853E+02
0000388   2.1577E+02  4.0871E+02 -1.8920E+02
0000389   5.3335E+02 -1.5336E+01 -1.4469E+00
0000390   1.5260E+02 -1.6262E+02  9.2982E+01
0000391   3.2513E+02  1.8005E+02  1.5283E+02
0000392   1.9967E+02  6.8583E+01  1.5301E+02
0000393   4.7158E+02  1.0175E+02  2.9269E+02
0000394   1.2167E+02 -3.8891E+01  3.7802E+01
0000395   6.2274E+01  2.4133E+02  2.0815E+02
0000396   4.1466E+02  6.4383E+01 -2.0696E+02
0000397   3.9156E+02  1.1434E+01 -4.2824E+01
0000398   4.0713E+02 -1.0732E+02  6.8928E+01
0000399   2.5340E+02 -2.1634E+02  1.0848E+02
0000400   5.7460E+02  2.3034E+01 -2.1000E+02
0000401   3.6484E+02  6.0445E+01  3.5176E+02
0000402   1.2622E+02  2.1023E+01  1.1643E+02
0000403   3.1247E+02 -2.6534E+02  1.0838E+02
0000404   2.5419E+02  1.3548E+02  2.8272E+01
0000405   2.6884E+02 -3.1358E+02 -9.4468E+01
0000406   4.5138E+02  1.7444E+02 -2.7398E+02
0000407   3.9262E+02 -1.0362E+02 -1.4736E+02
0000408   1.7120E+02 -3.0710E+01 -2.8711E+01
0000409   2.1496E+02  1.1550E+01  1.1326E+02
0000410   4.2503E+02 -8.4026E+01  4.3335E+01
0000411   3.2958E+01  4.4932E+01 -6.9913E+01
0000412   1.1183E+02  1.6951E+02 -7.4137E+01
0000413   2.1301E+02  1.0645E+02  3.2219E+02
0000414   2.0750E+02  5.9586E+01  3.1130E+01
0000415   3.9856E+02 -1.0729E+02 -2.0278E+02
0000416   1.1665E+02 -4.1243E+01  1.7015E+01
0000417   5.2022E+02  5.5618E+01 -1.0306E+02
0000418   4.3701E+02  2.0904E+02  1.1565E+02
0000419   2.0219E+02  1.9892E+01 -9.6548E+01
0000420   2.2599E+02  2.6078E+01 -5.4731E+01
0000421   8.1897E+01  1.0392E+02 -9.1221E+01
0000422   2.2713E+02 -5.8704E+01  1.7379E+01
0000423   1.7211E+02  5.7545E+01  2.5337E+01
0000424   2.7056E+02 -2.4541E+02 -4.8339E+01
0000425   5.6109E+01 -3.0008E+01  2.6986E+02
0000426   4.1683E+02  2.1104E+02 -4.5539E+01
0000427   2.8714E+02 -8.5657E+01  2.9234E+02
0000429   4.5202E+02 -2.3195E+02 -3.3568E+02
0000430   5.3627E+02  2.7249E+02 -6.9578E+01
0000431   1.8755E+02 -2.6580E+02 -1.4508E+02
0000432   3.9973E+02  6.4987E+01 -2.0648E+02
0000433   3.7227E+02 -4.1658E+02 -1.0409E+01
0000434   2.1119E+02 -1.5750E+02 -1.4532E+02
0000436   1.1932E+02 -1.5956E+02  3.6278E+02
0000437   3.1675E+02  3.7688E+02 -1.5416E+02
0000438   1.6823E+02 -1.4794E+01 -1.9411E+01
0000441   2.7841E+02  9.6281E+01  4.1058E+01
0000442   5.3975E+02  5.7191E+00  4.0652E+01
0000444   4.2570E+02  1.5472E+02 -2.7539E+02
0000445   5.6667E+02 -3.5756E+02  1.2084E+02
0000446   5.7040E+02 -5.5284E+01  2.6075E+02
0000447   5.5445E+02  7.8119E+01  3.2226E+01
0000448   1.2444E+02 -8.9639E+01 -5.5404E+00
0000449   2.4985E+02  3.1953E+01  1.6374E+02
0000451   8.1902E+01  3.0765E+02  1.6520E+02
0000452   3.0118E+02  1.8364E+02 -3.3821E+02
0000453   7.2151E+01  1.0135E+02 -4.3418E+01
0000454   2.1915E+02  1.8275E+02  1.3075E+02
0000455   3.9120E+02  3.2976E+01  2.5903E+01
0000456   4.6365E+02  6.4632E+01 -3.0742E+02
0000457   2.4595E+02 -1.5329E+02 -1.0607E+02
0000458   4.0429E+02  4.6002E+01 -1.9302E+02
0000459   3.4151E+02  1.4585E+02  2.3459E+02
0000460   2.1205E+01 -3.5697E+02  1.5408E+02
0000461   2.7435E+02  1.8456E+02  1.6747E+02
0000462   8.1914E+01 -4.5187E+01 -5.1069E+01
0000463   2.7243E+02 -6.9186E+01  8.5291E+01
0000464   3.1386E+02  4.1626E+01 -2.0703E+02
0000465   1.3881E+02  1.1106E+02 -1.1240E+01
0000466   3.2826E+02  1.4605E+01 -6.8820E+01
0000467   2.3029E+02 -3.1055E+01 -2.9511E+02
0000468   2.4630E+02 -2.2568E+02 -1.2603E+02
0000469   1.6358E+02  1.1168E+02 -9.5093E+01
0000470   4.9935E+02 -1.5362E+01 -3.9472E+02
0000471   6.2765E+02 -2.9938E+01  2.8626E+01
0000472   3.2466E+02  9.9702E+00  3.4891E+02
0000473   6.3921E+01  6.8255E+01  2.3242E+01
0000474   2.1955E+02 -1.1443E+02 -1.1910E+02
0000475   3.3942E+02 -1.9336E+02  1.5614E+02
0000476   1.3412E+02 -1.9471E+02  3.2360E+02
0000477   4.7630E+02 -2.1130E+02  2.0787E+02
0000478   6.7288E+01  2.1836E+02  6.1929E+01
0000479   3.5221E+02  2.4758E+02 -7.9164E+01
0000480   3.6866E+02 -4.7948E+01  5.2725E+01
0000481   1.4503E+02 -1.7099E+02  4.1535E+01
0000482   4.1190E+02  5.4595E+01  1.5411E+02
0000483   7.7487E+01 -1.0463E+02  4.0153E+01
0000484   2.4521E+02  3.9899E+01  1.4068E+02
0000485   3.2125E+02  2.3769E+02  9.6655E+01
0000486   1.9675E+02 -7.3773E+01  2.6442E+02
0000487   1.9664E+02  2.4588E+02  2.6227E+02
0000488   2.8019E+02  1.8257E+02  1.2492E+02
0000489   3.3537E+02 -2.8960E+02  1.4205E+00
0000490   1.7421E+02  7.9783E+01 -1.0863E+02
0000491   1.9688E+01 -1.0262E+02  1.2688E+02
0000492   3.2615E+02 -7.1176E+01  1.9691E+01
0000493   2.9928E+02 -1.3448E+02  4.1772E+01
0000494   3.6415E+02  1.9635E+02 -3.1873E+02
0000495   5.3917E+02  6.5558E+01 -2.5790E+02
0000496   4.8690E+02  3.4739E+02 -2.3570E+02
0000497   1.2670E+02 -1.4167E+02 -9.7100E+01
0000498   2.8067E+02  2.0814E+02 -2.0124E+02
0000499   2.7683E+02 -1.1115E+02 -1.9062E+02
0000500   2.4982E+02  1.6555E+02  3.6967E+01
0000501   1.3389E+02 -3.9999E+01 -1.5780E+02
0000502   2.5727E+02  1.5070E+02  8.8639E+01
0000503   1.4747E+02 -3.6522E+01  4.0059E+01
0000504   5.0500E+02 -3.3429E+02  3.7064E+01
0000505   1.9975E+02  9.1051E+01 -6.4690E+01
0000506   7.2438E+02  3.0925E+01 -1.0583E+02
0000507   2.6835E+02 -1.1666E+01 -8.7934E+01
0000508   2.1321E+02  2.5346E+02 -1.0191E+02
0000509   3.4135E+02 -4.0239E+01  1.0281E+02
0000510   1.6685E+02 -4.3339E+01 -8.9683E+01
0000512   2.4919E+02 -6.7074E+01 -1.9519E+02
0000513   8.6060E+01  2.4652E+02 -8.3743E+01
0000515   1.6591E+02 -1.2748E+02  3.6958E+02
0000516   5.0346E+02  1.4116E+02 -5.9229E+01
0000517   6.2057E+02 -2.1260E+02  1.0452E+02
0000518   3.9590E+02  4.6016E+01  2.1894E+01
0000519   2.3823E+02 -1.1436E+02  9.5163E+01
0000520   9.8742E+01 -3.0313E+02  2.6144E+00
0000521   2.2563E+02  1.9228E+02 -3.1747E+02
0000522   1.7537E+02 -4.0417E+01 -2.7662E+01
0000523   1.7879E+02  1.2642E+02  1.0650E+02
0000524   2.8530E+02  6.7718E+01  3.3467E+01
0000525   3.2172E+02 -2.6258E+02  2.1610E+02
0000526   8.5282E+01 -1.7832E+01  5.0760E+01
0000527   1.0260E+02  9.0283E+01 -1.7715E+02
0000528   4.5858E+02  2.6525E+02 -1.9274E+02
0000529   2.7963E+02  4.9767E+02  1.1672E+02
0000530   1.7280E+02 -3.9528E+01  6.7067E+01
0000531   2.0774E+02  1.1876E+01 -1.9271E+01
0000532   2.0196E+02  1.5798E+02 -7.3236E+01
0000533   3.1398E+01  6.3817E+01  2.0396E+00
0000535   1.2523E+02  9.2481E+01 -1.0491E+02
0000536   3.0447E+02 -2.4027E+02 -5.3186E+01
0000537   3.3978E+02  8.0585E+01  1.9740E+02
0000538   1.2960E+02 -3.0854E+00  5.6865E+01
0000539   3.5169E+02  3.7048E+01  1.5840E+02
0000540   2.1088E+02  3.3858E+01  3.4595E+01
0000541   9.9313E+01  2.8564E+01  7.4673E+01
0000542   7.3160E+01 -8.8849E+01 -2.1407E+02
0000543   3.4280E+02 -3.1367E+02 -1.1202E+02
0000544   3.4869E+01 -8.8265E+01  1.4463E+02
0000545   2.0812E+02  2.6580E+02  2.3363E+00
0000546   2.7264E+02 -4.9839E+02  7.2180E+00
0000547   2.1168E+02  1.6723E+02 -1.1205E+02
0000548   1.1723E+02  1.4081E+02 -1.4431E+02
0000549   2.1917E+02  5.3490E+01 -1.6884E+02
0000550   3.8025E+02 -2.4047E+02  7.7432E+01
0000551   2.4539E+02 -5.1723E+01  3.2544E+01
0000552   5.8864E+01  3.2628E+01 -1.7776E+02
0000553   1.4399E+02  6.6540E+01  2.5748E+02
0000554   2.3979E+02 -5.5312E+01  2.5844E+02
0000555   2.3839E+02 -2.4136E+02 -1.9214E+02
0000556   1.3569E+02  7.5606E+01 -2.7997E+02
0000557   2.5022E+02  3.6782E+02  1.9336E+02
0000558   2.9624E+02  8.0115E+01  2.4225E+01
0000559   1.1151E+02  1.3559E+02 -1.1345E+02
0000560   2.2114E+02 -1.6774E+02 -6.4196E+01
0000561   5.7818E+02 -9.6405E+01 -2.4224E+02
0000562   3.6924E+02  7.0533E+00 -4.7025E+01
0000563   1.3169E+02  3.9415E+00 -2.6128E+02
0000564   5.7811E+02  3.4008E+01 -3.9071E+02
0000565   4.1760E+02  9.9339E+01  1.6899E+02
0000566   3.8336E+02 -3.3002E+02 -9.6750E+01
0000567   6.8319E+02  1.0725E+01  5.5027E+01
0000568   5.0334E+02  4.8894E+01 -6.2078E+01
0000569   1.0377E+02 -2.2507E+02 -1.1258E+02
0000570   9.1894E+01  2.2473E+02 -2.3071E+02
0000571   3.1249E+02  2.9355E+02 -7.1848E+01
0000572   1.4813E+02 -1.4891E+02  1.2382E+02
0000573   5.1284E+02  9.1444E+01 -1.2605E+02
0000574   2.1959E+02 -7.4761E+00  1.4970E+02
0000575   1.4874E+02  8.1852E+00 -3.9134E+01
0000576   3.5027E+02  1.0505E+02  3.2366E+02
0000577   4.8402E+02 -8.2922E+01 -5.6228E+01
0000578   1.6426E+02  4.6174E+01  3.7978E+01
0000579   1.7149E+02  1.1254E+02 -5.3252E+02
0000580   5.3216E+02  1.1707E+02  1.0814E+02
0000581   5.0352E+02  2.2731E+02  2.5829E+01
0000582   4.7650E+02 -9.9015E-01 -1.0479E+02
0000583   5.2365E+01 -8.8114E+00  2.6293E+02
0000584   2.8562E+02 -7.8660E+01  4.5803E+01
0000585   1.6120E+02  2.8813E+02  1.2172E+02
0000586   3.4873E+02  2.9440E+00  5.4627E+01
0000588   4.4038E+02 -5.6948E+01 -8.3684E+00
0000589   3.4511E+02 -1.6863E+02 -3.1768E+01
0000590   3.0617E+02 -2.1253E+02 -1.7238E+02
0000591   4.2361E+02 -5.8635E+01 -2.4629E+02
0000593   4.6273E+02  2.2318E+02  1.4770E+02
0000594   3.3230E+02  3.5946E+01  1.6225E+02
0000595   1.8727E+02  7.2404E+01 -1.4284E+02
0000596   1.9705E+02  2.2994E+01  3.4013E+02
0000597   3.2698E+02 -1.0856E+02  2.6165E+02
0000598   1.6162E+02 -3.1753E+01 -4.5546E+01
0000599   3.2144E+02 -3.0533E+01 -5.5727E+01
0000600   2.4917E+02 -1.2107E+02 -2.3503E+02
0000601   2.2459E+02  1.8387E+02 -3.2994E+01
0000602   1.4852E+02 -1.2225E+01 -1.1792E+02
0000603   4.5730E+01  9.2696E+01 -3.3065E+01
0000604   3.3541E+02 -1.3997E+02  1.7288E+02
0000605   1.1103E+01 -7.1941E+01  9.9781E+01
0000606   1.1131E+02  2.4005E+02  4.2108E+01
0000607   7.6218E+02  2.5588E+02 -7.1203E+01
0000608   2.4062E+02  1.3052E+02 -1.5935E+02
0000609   3.7117E+02  1.4864E+02  3.0586E+02
0000610   2.6891E+02 -1.1730E+01 -6.8359E+01
0000611   2.7815E+02 -1.3957E+02 -1.5398E+02
0000612   3.2596E+02  1.8049E+02  2.5274E+01
0000613   8.8249E+01  3.5844E+02 -1.0961E+02
0000614   1.1056E+02 -1.6731E+02  6.5037E+01
0000615   3.1756E+02 -1.4734E+02 -1.0866E+02
0000616   3.2634E+02  2.3419E+02  6.0155E+01
0000617   2.3266E+02  2.9962E+02  1.2421E+02
0000618   3.5404E+02  2.3930E+02 -1.8941E+02
0000619   3.0093E+02  4.5624E+01  1.9649E+02
0000620   9.3696E+01 -1.1464E+02 -2.3596E+02
0000621   1.4806E+02 -2.5825E+01 -1.8571E+01
0000622   3.4660E+02  2.3824E+02  8.6364E+01
0000623   4.4199E+02 -1.5226E+02 -7.5189E+01
0000624   3.2842E+01 -2.0215E+02 -4.0107E+02
0000625   3.6618E+02 -1.2119E+02 -1.6034E+02
0000626   6.1246E+01 -4.0826E+01 -2.2535E+02
0000627   2.2290E+02  8.2323E+01 -3.6764E+01
0000628   5.6551E+02  1.8538E+01  1.6329E+02
0000629   4.3622E+02  4.3947E+01  2.1605E+02
0000630   1.5828E+02  2.5011E+02  1.8608E+01
0000631   6.3313E+02  1.8088E+01 -4.7351E+01
0000633   4.9253E+02  2.2647E+01 -8.5860E+01
0000634   2.0684E+02 -8.2256E+01 -4.8925E+02
0000635   2.1011E+02  3.5684E+01  3.1418E+02
0000636   3.9364E+02  1.6504E+01 -9.1498E+00
0000637   1.1818E+02  2.3961E+02 -4.4540E+01
0000638   2.4984E+02 -1.9309E+02  2.1574E+02
0000639   5.4727E+02 -1.4860E+02  1.1956E+02
0000640   2.6583E+02 -1.3989E+01  1.1007E+02
0000641   2.7383E+02 -1.3785E+02  4.3665E+01
0000642   7.7043E+01 -2.7053E+02  6.0334E+01
0000643   6.8132E+01 -5.5724E+01  2.7993E+01
0000644   3.8784E+02 -7.1954E+01 -1.4093E+02
0000645   2.8666E+02 -2.2003E+02 -1.6335E+02
0000646   8.7828E+01  1.3266E+02 -9.7363E+01
0000647   2.1917E+02  8.4117E+01  1.0384E+02
0000648   4.9185E+02  1.1141E+02  1.3378E+01
0000649   4.9170E+02  3.5530E+02 -1.4911E+02
0000650   1.0705E+02  2.3523E+02 -1.0618E+02
0000651   6.2829E+01 -6.3329E+01  6.7111E+01
0000652   6.3202E+02 -4.0121E+02  7.2723E+01
0000653   2.1364E+02  3.6332E+00 -1.1554E+02
0000654   7.0716E+02  5.6980E+01  1.4663E+02
0000656   5.0363E+02 -7.1651E+01  4.0960E+01
0000657   2.2150E+02  8.6272E+01  2.9928E+00
0000658   1.2555E+01 -3.6542E+01 -1.0146E+02
0000659   3.3234E+02  1.4361E+02  1.8972E+02
0000660   4.6613E+02 -1.1955E+02 -2.7876E+02
0000661   3.0184E+02 -1.3975E+02 -1.0525E+02
0000662   1.7334E+02  1.8165E+02  1.6319E+02
0000663   4.6113E+02  2.0182E+02 -7.7942E+01
0000664   1.1103E+02  3.1600E+01 -1.1914E+02
0000665   1.7175E+02 -2.1370E+02 -1.4219E+00
0000666   2.0357E+02  4.0242E-01 -2.4100E+02
0000667   7.5215E+01  1.4398E+02  8.7625E+01
0000668   2.2518E+02 -1.6678E+02 -1.2192E+02
0000669   5.2215E+02  1.6922E+02 -1.8813E+02
0000670   3.3225E+02  1.3844E+00  6.2765E+01
0000671   2.4608E+02 -6.9470E+01 -1.8255E+02
0000673   3.4110E+02  1.6874E+02  8.6348E+01
0000674   8.7563E+01  4.2814E+01 -4.6543E+01
0000675   3.1721E+02 -1.0509E+02  1.7659E+02
0000676   3.1433E+02  1.6783E+02 -1.8501E+02
0000677   1.8284E+02 -2.2078E+01  5.2182E+00
0000678   1.2494E+02  1.1576E+01  6.7216E+00
0000679   1.4907E+02  1.1456E+02 -1.4653E+02
0000680   3.6183E+02 -1.6634E+00  1.7984E+02
0000681   2.0132E+02  3.4383E+01 -4.9719E+02
0000682   3.5151E+02  2.8651E+01 -2.3046E+02
0000683   6.5432E+01 -5.8529E+01  2.4348E+02
0000684   4.9719E+02 -5.0430E+02 -1.5761E+02
0000685   3.9844E+02 -1.1458E+02 -8.7234E+01
0000686   3.5050E+02 -5.0471E+02  2.3882E+00
0000687   4.4120E+02 -1.5666E+02  7.6292E+01
0000688   3.2199E+02 -9.8775E+00 -7.9865E+01
0000689   2.9138E+02  3.4428E+02  8.0314E+01
0000691   4.5532E+02  1.9553E+02 -1.8545E+02
0000694   2.8199E+02  6.7133E+01 -1.3152E+02
0000695   4.2297E+02  2.0347E+02 -1.8103E+02
0000696   1.3387E+02 -5.9515E+01  9.5389E+01
0000698   4.6096E+02  2.3554E+02  1.3420E+02
0000699   1.5245E+02  3.5739E+02 -6.4687E+01
0000700   1.3156E+02  1.0097E+02 -1.5515E+02
0000701   1.9072E+02 -4.8353E+01  3.9082E+01
0000702   5.6395E+02  1.2497E+02 -1.9108E+01
0000703   1.9166E+02  2.5227E+02  1.8933E+01
0000704   1.8323E+02 -7.1898E+01  3.1066E+02
0000705   1.1455E+01 -9.3037E+01  7.1679E+01
0000706   7.6890E+01  1.6610E+02  1.3282E+02
0000707   2.1736E+02 -1.8985E+02  1.5157E+00
0000709   4.3413E+02 -1.9425E+02  2.6719E+02
0000710   1.2042E+02 -1.9093E+02  9.6156E+01
0000711   4.3020E+02  8.5722E+01  8.6140E+01
0000712   1.9856E+02 -6.9048E+01  2.0391E+02
0000713   3.4163E+02  8.1370E+00  7.1115E+01
0000714   3.8974E+02  1.0014E+01 -1.6146E+02
0000715   3.3000E+02 -5.4348E+01 -1.3651E+02
0000716   2.7448E+02 -3.2222E+01  2.0137E+02
0000717   4.1709E+02 -2.2212E+02 -6.7810E+01
0000718   5.7360E+01 -2.1483E+02 -3.3356E+01
0000719   1.0736E+02 -4.3323E+01  1.3491E+02
0000720   1.7740E+02 -5.7040E+01 -2.0944E+02
0000721   1.3918E+02 -1.1418E+02 -2.1546E+02
0000722   4.4202E+02 -6.5745E+01 -2.9590E+02
0000723   4.0088E+02  8.3053E-01 -2.4293E+02
0000724   5.2249E+02 -2.2011E+00 -1.9204E+02
0000725   6.0903E+02  1.0640E+02  1.6562E+02
0000726   3.5057E+02 -3.1448E+01 -1.3847E+02
0000727   2.4663E+02  1.9332E+02 -5.0329E+01
0000728   3.8901E+02 -3.0719E+02 -1.1891E+02
0000729   3.0657E+02 -3.0366E+01  9.6951E+01
0000730   6.6231E+02 -9.0621E+01 -1.2125E+02
0000731   2.8739E+02 -2.9745E+02 -1.9376E+02
0000732   2.7400E+02  2.2359E+02  2.9248E+02
0000733   3.8069E+02  9.8357E+01 -1.0654E+01
0000734   2.7440E+02  7.6505E+01  8.0591E+01
0000735   1.3577E+02 -4.4632E+01  2.0383E+02
0000736   1.3945E+02 -9.4796E+01 -1.6992E+01
0000737   2.8782E+02  3.4451E+01 -3.2372E+02
0000739   8.6710E+01  2.9894E+02  2.0608E+02
0000740   3.1722E+02 -1.0809E+02  8.7358E+01
0000741   2.0988E+02  2.4141E+02 -2.7331E+01
0000742   2.4191E+02  3.4497E+02 -1.2620E+02
0000743   3.0948E+02  1.4901E+01  5.6661E+01
0000744   2.3345E+02 -7.9263E+01 -7.4877E+01
0000745   2.4860E+02  2.8275E+02 -8.9180E+01
0000746   1.8654E+02  2.1203E+02 -6.9845E+01
0000747   2.5670E+02 -1.8172E+02 -3.9513E+01
0000748   4.4765E+01 -1.5747E+02  3.6574E+01
0000749   2.0796E+02  2.9003E+02 -7.7522E+01
0000750   3.5453E+02 -2.0001E+01 -1.8273E+02
0000751   6.0782E+02  8.8030E+01 -2.0181E+02
0000753   5.7094E+02  3.1167E+02 -5.7984E+01
0000754   5.9554E+02  7.3826E+01  5.6195E+00
0000755   2.6954E+02  1.8871E+01  4.7208E+01
0000756   3.7056E+02  1.4861E+02  6.2621E+01
0000757   4.1374E+02  1.5877E+02 -2.6029E+02
0000758   4.3368E+02 -2.8811E+02 -7.0538E+01
0000759   5.2694E+02  1.5977E+01 -7.8001E+01
0000760   1.1201E+02  7.7438E+01  3.2726E+02
0000761   7.8297E+01 -9.6359E+01 -6.9497E+01
0000762   4.7688E+02 -3.4140E+02 -1.6334E+02
0000763   3.3134E+02 -3.9786E+02  1.0076E+02
0000764   2.5426E+02  1.1450E+02  3.8760E+00
0000765   3.8150E+02 -1.7713E+02 -4.1115E+01
0000766   2.2880E+02 -8.0434E+01 -3.7588E+01
0000767   2.4520E+02 -2.6863E+02 -2.5571E+00
0000768   5.2689E+02 -2.2337E+02  2.8099E+02
0000769   1.3242E+02  1.1532E+02  1.0030E+02
0000770   2.4753E+02  2.5567E+02 -3.8673E+00
0000771   8.2284E+01 -4.3277E+01  1.5296E+02
0000772   3.9884E+02  1.0513E+02 -1.1588E+02
0000773   3.1471E+02  6.0150E+01  3.7154E+01
0000775   4.3934E+02 -1.3342E+02 -2.2072E+01
0000777   2.0346E+02 -2.5529E+02  1.6761E+02
0000778   3.1489E+02  4.9098E+01  4.8435E+01
0000779   1.8546E+02 -3.2268E+00 -4.0452E+01
0000780   6.0115E+02  4.4903E+01  8.6174E+01
0000781   4.3634E+02 -1.0377E+02  1.0909E+02
0000782   4.2387E+02  3.0508E+02  9.9686E+01
0000783   5.1306E+02  8.3640E+01 -2.8495E+02
0000784   2.6827E+02 -3.1679E+02  3.4980E+01
0000786   2.2407E+02 -3.3036E+02 -6.3490E+01
0000787   4.1899E+02  1.4188E+02  3.1524E+02
0000788   8.1741E+01  9.3645E+01  1.2894E+02
0000789   1.7788E+02  2.2785E+02  1.1468E+02
0000790   1.5341E+02 -1.7343E+02  5.4365E+01
0000791   6.9759E+02 -2.2730E+02 -1.4491E+01
0000792   2.2829E+02 -3.6726E+02  2.6184E+02
0000793   3.3672E+02 -7.4009E+01 -1.3933E+02
0000795   4.2882E+02  1.8338E+02  1.9548E+02
0000796   1.9157E+02 -1.6080E+02 -5.8623E+01
0000797   3.6232E+02 -9.0477E+01  8.2606E+01
0000798   3.5688E+02  1.7851E+02  1.7736E+02
0000799   2.3761E+02  3.5872E+01 -5.5893E+01
0000800   2.9240E+02  1.2929E+02 -2.9619E+01
0000802   4.8314E+02 -4.6800E+02 -4.9168E+01
0000803   3.9104E+02  3.6960E+02  3.3849E+01
0000804   1.5964E+02 -2.0385E+02 -2.4239E+01
0000805   4.8239E+02  1.3326E+01 -2.6683E+02
0000806   2.7143E+02  5.3469E+00  5.5655E+01
0000807   1.1302E+02 -1.6174E+02  4.8731E+01
0000808   1.3356E+02 -3.1950E+02  2.1215E+02
0000809   4.7059E+02  1.5155E+02 -1.2053E+02
0000810   5.2714E+02 -9.8609E+00  4.6052E+00
0000811   3.6316E+02  2.5911E+02 -2.0995E+02
0000812   4.3845E+02 -1.5139E+02 -1.8125E+02
0000813   3.7987E+01 -2.4971E+02 -1.6661E+02
0000814   7.6626E+02 -2.5476E+02 -1.3017E+02
0000815   4.4192E+02  3.6874E+02  3.0364E+02
0000816   6.6636E+02  5.1513E+01  1.6670E+01
0000817   2.1902E+02 -1.4408E+02 -1.8990E+02
0000818   1.8747E+02 -3.7701E+01  5.9749E+01
0000819   5.8347E+02  3.0848E+02 -6.5969E+00
0000820   3.2876E+02  9.6477E+00 -8.3143E+01
0000821   4.0398E+02 -1.2936E+02 -2.7501E+02
0000822   3.8703E+02 -4.3231E+02 -1.6815E+02
0000823   1.7694E+02  1.0264E+02 -9.8736E-01
0000824   3.6968E+02 -4.5857E+01  3.7017E+01
0000826   7.0194E+01 -2.9721E+02 -1.5656E+02
0000827   3.5845E+02  3.0253E+02  1.1373E+02
0000828   1.5480E+02 -3.6424E+01 -1.0697E+02
0000829   5.7768E+02 -1.1393E+02  1.0896E+02
0000830   2.4912E+02 -1.9003E+02  4.0168E+01
0000831   4.6698E+02  2.7974E+02  1.0554E+02
0000832   3.2372E+02 -1.6076E+02 -1.1347E+02
0000833   2.2236E+02  1.9993E+01 -1.0938E+02
0000834   3.0231E+02 -4.0997E+00 -1.7308E+02
0000835   2.7065E+02  5.8901E+01 -3.0080E+02
0000836   3.7110E+02 -3.6682E+02 -2.4567E+02
0000837   3.5487E+02  3.6832E+01 -3.6373E+02
0000838   1.4859E+02  1.1926E+02  7.9560E+01
0000839   4.9643E+02 -7.4510E+01 -6.2686E+01
0000841   6.6203E+01 -1.0222E+02 -9.1542E+00
0000842   3.0787E+02  6.6447E+00  8.7824E+01
0000843   2.5330E+02  1.1796E+02 -1.4094E+01
0000845   4.3952E+02 -2.1623E+02  1.6638E+02
0000846   5.9519E+02 -1.3915E+02 -2.9995E+01
0000847   1.5263E+02  8.1002E+01  1.5168E+01
0000848   8.1187E+01 -6.4648E+01  1.7526E+02
0000849   3.9379E+02 -3.5290E+01  1.0292E+02
0000850   3.6768E+02  3.9556E+02  3.8238E+02
0000851   2.9474E+02 -8.4727E+01 -1.3569E+02
0000852   6.6556E+01 -2.3849E+02  1.9354E+02
0000853   3.2966E+01 -6.4302E+01 -7.4438E+01
0000854   5.1733E+02  2.0170E+02 -3.4911E+02
0000855   2.0993E+02 -1.8582E+02  1.3256E+01
0000856   5.3184E+02  1.4532E+02  1.5972E+02
0000857   4.8419E+02 -3.9937E+02 -1.2363E+02
0000858   3.7574E+02 -1.3203E+02 -7.3947E+00
0000859   2.6422E+02  1.0522E+01 -4.1317E+02
0000860   2.8157E+02 -1.4350E+02  1.3752E+02
0000861   1.2860E+02  2.4583E+02  2.7454E+02
0000862   2.4081E+02 -9.2736E+01  7.9762E+01
0000863   3.9414E+02  7.4560E+01  2.0127E+02
0000864   1.4457E+02 -5.0522E+01 -1.6163E+02
0000865   3.4863E+02 -1.5745E+02 -1.2589E+02
0000866   1.1424E+02 -7.9285E+01  2.0631E+02
0000867   4.2021E+02  3.3148E+01 -1.6534E+01
0000868   4.4332E+02  2.4218E+02  1.3300E+02
0000869   2.4615E+02  4.6813E+01  2.2255E+02
0000870   3.5293E+02 -2.7115E+02  7.4767E+01
0000871   1.7714E+02  4.7142E+02  4.1917E+02
0000873   1.4747E+02  7.9611E+01 -3.2398E+02
0000874   2.0299E+02 -1.0641E+02 -1.0326E+02
0000875   3.0053E+02  9.9107E+01 -2.4333E+02
0000876   2.3915E+02 -2.8106E+02 -1.3525E+01
0000877   1.7230E+02 -1.1607E+02 -1.3028E+02
0000878   2.9647E+02 -2.6529E+02 -3.7170E+02
0000879   3.7934E+02  1.3789E+02  1.4388E+02
0000880   4.0392E+02  1.4457E+02 -3.2763E+01
0000881   3.6720E+02 -2.9788E+02  4.6386E+01
0000882   4.2934E+02 -2.2813E+00  2.2831E+00
0000883   7.5640E+01 -3.4125E+02 -2.5212E+02
0000884   1.7435E+02 -3.1031E+02  1.9383E+02
0000885   5.2350E+02  3.1753E+02  1.9597E+02
0000887   3.5361E+02 -3.3192E+02  2.3166E+02
0000888   1.3267E+01 -1.7506E+02  1.2256E+02
0000889   1.0354E+02  8.7747E+01  2.6807E+02
0000890   3.4593E+02  8.3739E+01  1.0512E+02
0000891   5.1385E+02 -2.6676E+01 -1.7334E+02
0000892   3.2371E+02  3.9943E+02  1.8942E+02
0000893   6.4500E+02  1.7892E+00 -3.2257E+02
0000894   1.9479E+02  1.6266E+02 -2.6465E+02
0000895   2.3090E+02 -1.4520E+02  2.1515E+02
0000896   4.3853E+02  1.5882E+02 -1.5846E+01
0000897   2.8244E+02 -1.3150E+02 -2.5949E+02
0000898   4.8538E+02  1.5268E+01  2.0860E+01
0000899   6.6086E+01  2.9879E+01 -2.1679E+02
0000900   2.4076E+02 -3.1054E+02  9.2769E+01
0000901   7.1250E+01 -2.2887E+02 -2.2305E+02
0000902   2.4673E+02 -1.3066E+02  1.6973E+02
0000903   2.7106E+02  8.9649E+01 -1.9054E+02
0000904   5.3735E+02  8.1740E+01  1.5813E+02
0000905   2.1171E+02  2.4265E+02  5.5695E+01
0000906   2.8252E+02 -2.5880E+02  2.2515E+01
0000907   9.3241E+01 -1.8390E+00 -3.8902E+01
0000908   5.8561E+02  1.5558E+01 -9.8775E+01
0000909   5.0553E+01  9.3818E+00  8.2157E+01
0000910   3.8193E+02  2.0924E+02 -1.5336E+02
0000911   1.9399E+02  3.1397E+01  6.7843E+01
0000912   3.7876E+02  2.7414E+02  2.4082E+02
0000913   1.3185E+02 -2.1377E+00 -1.3835E+00
0000914   3.6392E+02  5.7361E+01 -1.4516E+02
0000915   1.1056E+02  2.1617E+02 -1.1543E+02
0000916   5.3784E+02 -1.7580E+02  2.0239E+02
0000917   3.9749E+02  1.4991E+02 -2.1044E+02
0000918   4.8801E+02  4.0755E+01  2.3066E+01
0000919   1.2103E+02 -4.0100E+01  3.5142E+02
0000920   1.4041E+02  2.2766E+01  1.3753E+02
0000921   3.9154E+02 -1.4197E+02  3.5640E+01
0000922   4.9421E+02 -6.0302E+01 -4.8874E+01
0000923   1.4323E+02  3.0183E+02 -2.6963E+01
0000924   4.4876E+02  7.0568E+01  5.1262E+01
0000925   3.1823E+02  1.0346E+01 -5.7061E+01
0000926   4.2749E+02  2.5033E+02 -1.6123E+01
0000927   2.6812E+02  1.0934E+00 -5.5598E+01
0000928   3.1308E+02 -1.7125E+02 -2.0032E+02
0000929   2.7420E+02  3.0018E+02 -2.9152E+01
0000930   4.5195E+02  3.3600E+01  2.6142E+02
0000931   4.3000E+02 -1.2495E+02  1.4802E+02
0000932   3.0162E+02 -2.6483E+02  4.0939E+01
0000933   1.9498E+02 -3.7908E+02 -5.4254E+01
0000935   4.2299E+02  5.4756E+01  3.0522E+02
0000936   3.1759E+02  1.9109E+02  3.8967E+01
0000937   7.3990E+01 -9.5723E+01  4.3133E+02
0000938   4.3626E+01  6.8604E+00 -1.3520E+02
0000939   3.8292E+02  2.1622E+02 -6.8983E+01
0000940   1.7959E+02  5.2385E+01  1.5510E+02
0000941   4.5481E+02  2.2644E+02  1.2138E+02
0000942   3.5481E+02 -4.1867E+01  1.9198E+02
0000943   2.6260E+02  2.4381E+02 -7.5213E+01
0000944   7.1042E+01  5.4203E+00  2.4648E+02
0000945   9.4209E+01  2.4842E+01 -6.9274E+01
0000946   2.9174E+02  3.7713E+02 -2.2775E+02
0000947   4.8980E+02 -2.1142E+02 -7.7364E+01
0000950   2.1597E+02  1.6073E+02  2.6974E+02
0000951   6.8050E+01 -1.0846E+02  8.4964E+01
0000952   2.2759E+02  1.6089E+02 -9.4034E+01
0000953   1.6497E+02 -4.6303E+01 -1.7904E+02
0000954   4.1565E+02  7.4270E+01  3.3877E+02
0000955   5.6102E+02 -4.2260E+01  5.3149E+01
0000956   3.8637E+02  3.2743E+02  3.6819E+02
0000957   5.5362E+02 -1.8643E+02 -1.8559E+01
0000958   2.7357E+02 -4.6698E+01  9.8448E+01
0000959   1.8958E+02 -2.1767E+01 -2.8054E+02
0000960   9.8961E+01 -2.7181E+01 -2.2978E+02
0000961   3.9525E+02  1.3845E+02  1.1716E+02
0000962   2.8015E+02 -7.6292E+01 -7.1984E+01
0000963   1.9539E+02  2.5275E+02  1.4599E+02
0000964   1.8742E+02 -3.1276E+01 -1.2405E+02
0000965   4.2638E+02 -3.6839E+02  1.0865E+02
0000966   4.5388E+02 -2.0318E+02  1.4014E+02
0000967   4.0718E+02  7.3613E+01 -6.3611E+01
0000968   4.9379E+02 -9.1764E+01 -8.1092E+01
0000969   1.4903E+02 -2.4209E+02 -1.0342E+02
0000970   3.0451E+02 -2.9188E+02 -3.7365E+01
0000971   4.2919E+02 -1.3129E+01 -1.5806E+02
0000972   2.1201E+02  9.6001E+01 -3.3582E+02
0000973   2.3023E+02 -2.6202E+02 -8.6841E+01
0000974   1.5159E+02 -1.0412E+01  1.6558E+02
0000975   3.7525E+02  6.4486E+01 -6.3403E+00
0000977   3.6164E+02 -2.5359E+01 -3.7070E+01
0000978   5.2467E+01 -4.4483E+01 -1.4084E+02
0000979   4.9261E+02 -7.9562E+01 -3.1558E+01
0000980   1.5629E+02  2.9804E+01  2.0992E+02
0000981   3.3286E+02  1.4676E+02  2.3667E+02
0000982   7.8421E+01 -5.5152E+01 -2.3375E+01
0000983   1.2599E+02  1.2248E+02  1.4324E+02
0000984   2.7064E+02 -2.5730E+01 -1.3537E+02
0000985   2.8276E+02 -3.0163E+02  1.3150E+02
0000986   2.6928E+02  1.4195E+02  1.0417E+02
0000987   4.2366E+02  2.7071E+01  4.3963E+02
0000988   3.7807E+02 -8.5491E+01  3.1870E+00
0000989   2.1363E+02  5.3658E+01 -3.7404E+01
0000990   1.3958E+02 -1.0251E+02  9.8463E+01
0000991   3.6469E+02 -4.0022E+01  1.0144E+02
0000992   1.1782E+02  4.4561E+01  5.5143E+01
0000993   2.1509E+02 -1.1016E+01  2.6424E+02
0000994   3.5535E+02  3.9538E+00 -3.4054E+02
0000995   2.4042E+02 -1.4764E+02  2.1068E+02
0000996   3.6517E+02 -1.3932E+02 -6.6104E+01
0000997   2.8196E+02 -8.6364E+01 -1.3080E+02
0000998   1.5909E+02  7.6872E+01 -1.8361E+02
0000999   1.5115E+02  2.9858E+01 -1.0365E+02
0001000   4.0129E+02 -1.5659E+02 -6.3970E+01
