============================== SRIM-2013.00 ==============================
==============================================================================
====== SRIM Outputs\RANGE_3D.txt : File of Final Ion Positions =====

Ion =  F (09)   Ion Mass= 018.9984
Energy  = 3000000.E-05 keV
Ion Angle to Surface = 00.0 degrees
==================== TARGET =======================
  Layer # 1 - None
  Layer # 1 - Bottom Depth=500000.E-01 A
  Layer # 1 - Density =0007.8700 g/cm3
  Layer # 1 -  100 % of Fe
ÍÍÍÍÍÍÍÍÍÍÍÍÍÍÍÍÍÍÍÍÍÍÍÍÍÍÍÍÍÍÍÍÍÍÍÍÍÍÍÍÍÍÍÍÍÍÍÍÍÍÍÍ
                                            
Ion       Depth  X   Lateral Y   Lateral Z  
Number    (Angstrom) (Angstrom)  (Angstrom) 
-------  ----------- ----------- -----------
0000001   2.3138E+02 -3.6460E+02 -1.4898E+02
0000002   3.0314E+02  1.7361E+01  8.2274E+01
0000003   4.8209E+02 -2.6070E+02  1.3956E+02
0000004   2.1244E+02  3.5254E+01  9.4283E+01
0000005   1.0711E+02 -4.4022E+01  2.9061E+02
0000006   4.0625E+02  1.0412E+00  1.6281E+02
0000007   2.6254E+02 -8.3250E+01 -3.9357E+01
0000008   2.6342E+02  2.7444E+01  9.6059E+01
0000009   1.7516E+02 -9.7242E+01  3.7228E+02
0000010   4.6594E+02  2.0146E+02  1.2591E+02
0000011   2.4842E+02 -3.1777E+02  5.7095E+00
0000012   1.7401E+02  5.9444E+01  1.3102E+02
0000013   4.1398E+02  1.3625E+02 -3.3894E+00
0000014   3.5010E+02 -6.5040E+00 -1.1189E+01
0000015   5.1663E+02 -1.2346E+02 -8.2227E+01
0000016   4.7951E+02  1.0300E+02 -6.6112E+01
0000017   2.9289E+02 -7.9060E+01 -1.1193E+02
0000018   2.1754E+02  1.1990E+02 -2.3468E+02
0000019   3.6525E+02 -1.3629E+01  1.1858E+02
0000020   2.0147E+02 -1.0346E+02  1.1703E+02
0000021   2.4153E+02  1.3608E+02 -1.1480E+02
0000022   1.9941E+02  3.1208E+01 -5.5656E+01
0000023   7.3432E+01 -5.0667E+01 -1.5888E+02
0000024   2.1185E+02  6.5417E+01  2.7242E+02
0000025   2.5704E+02 -3.4318E+02  1.5703E+02
0000026   4.4424E+02  2.1311E+02 -1.0478E+02
0000027   3.6866E+02 -2.1959E+02  1.7815E+02
0000028   2.0237E+02 -2.2432E+02  1.7703E+02
0000029   1.8949E+02  1.3442E+00  2.9480E+02
0000030   1.3459E+02  1.1537E+02 -2.2948E+02
0000031   3.5552E+02  3.7471E+02  1.0679E+02
0000032   9.1852E+00  1.1161E+02  2.9198E+01
0000033   7.2233E+02  1.9387E+01  2.5399E+02
0000034   2.3597E+02  1.1069E+02 -1.7269E+02
0000035   1.8500E+02 -1.4546E+02 -2.5328E+02
0000036   2.7327E+02  6.9221E+01 -6.7763E+00
0000037   2.0083E+02 -8.8922E+01  2.5338E+02
0000038   9.5344E+01 -1.1715E+02  4.3790E+02
0000040   3.5597E+02 -2.8187E+02  2.1032E+02
0000041   1.3062E+02  1.3024E+02  6.3774E+01
0000042   5.6976E+02  5.8152E+00 -1.6653E+02
0000043   5.3932E+02  1.2251E+01  1.6638E+02
0000044   6.9455E+02  8.6057E+01 -2.4812E+02
0000045   2.2762E+02 -6.9466E+01  3.1034E+02
0000046   3.4959E+02 -3.4374E+01 -1.7843E+02
0000047   3.1480E+02 -8.7472E+01 -1.8115E+02
0000048   5.3836E+02 -8.2682E+00 -2.5703E+02
0000049   1.3612E+02 -1.7090E+02 -3.4286E+01
0000050   2.5088E+02 -1.1166E+02  1.4328E+02
0000051   4.7840E+02  1.8929E+02  1.2247E+02
0000052   2.2983E+02 -1.3013E+02 -1.5141E+02
0000053   1.7510E+02  7.3971E+01 -1.8592E+00
0000054   1.6429E+02 -7.4870E+01 -1.3567E+02
0000055   4.6644E+00 -9.0476E+00 -4.2502E+00
0000056   4.3325E+02  1.3275E+02  1.2789E+02
0000057   2.4475E+02 -8.8791E+01  2.4359E+02
0000058   2.7614E+02  5.4779E+01  3.5809E+01
0000059   2.7346E+02 -2.4923E+02  1.8243E+01
0000060   2.3442E+02  2.1567E+02 -1.1071E+02
0000061   2.8650E+02  4.6626E+01 -1.1422E+02
0000062   2.8732E+02 -1.5519E+02 -3.1396E+02
0000063   4.5914E+02  1.5413E+02  7.3566E+00
0000064   1.4384E+02 -8.2854E+01  2.0590E+02
0000065   3.5781E+02 -4.8328E+02 -3.2870E+02
0000066   2.3770E+02 -6.0835E+01 -9.6503E+01
0000067   4.2979E+02  2.1674E+02  2.7052E+02
0000068   4.4122E+02 -2.0747E+02 -1.5798E+02
0000069   2.9646E+02  2.0099E+02  6.6365E+01
0000071   4.9574E+02 -2.7475E+02  7.1782E+01
0000072   3.9919E+02 -3.8838E+01 -1.0325E+02
0000073   3.9371E+02 -1.4201E+02  2.3493E+02
0000074   1.4466E+02  6.3773E+01  9.4944E-01
0000075   2.8305E+02  7.0819E+01 -3.9444E+02
0000076   3.5245E+02  2.5013E+02  8.2840E+01
0000077   4.4039E+02  1.0974E+02  6.7160E+01
0000078   3.0321E+01 -1.2221E+01  1.3419E+02
0000079   4.0690E+02 -3.9663E+01  1.1503E+02
0000080   5.3332E+02 -5.0336E+02 -3.0228E+02
0000081   1.1858E+02 -2.5811E+00 -1.8528E+02
0000082   2.0072E+02 -4.5362E+01  1.7273E+02
0000083   1.2248E+02  2.0008E+01 -8.1568E+01
0000084   3.8691E+01  9.4099E+01 -8.2596E+01
0000086   2.7752E+02 -5.3422E-01 -2.3899E+02
0000087   5.0559E+02  1.3325E+02  3.5695E+01
0000088   1.3916E+02 -8.5629E+01  1.2583E+02
0000089   5.2362E+02  9.6689E+01  3.5186E+02
0000090   2.6377E+02  7.2240E+01 -3.0402E+02
0000091   4.8812E+02  1.2179E+02  1.1602E+02
0000093   3.2805E+02  1.3996E+02 -3.6491E+02
0000094   4.9202E+02  4.2444E+01 -9.1888E+00
0000095   2.5113E+02 -1.2843E+02 -6.7145E+00
0000097   3.3063E+02  2.6935E+02 -2.3477E+02
0000098   3.9634E+02  3.4537E+02  2.2335E+01
0000099   3.9937E+02  1.1299E+02  1.0957E+02
0000100   4.1436E+02  9.4175E+01 -1.3614E+02
0000101   3.7482E+02  1.1417E+02 -5.4867E+01
0000102   1.0350E+02  1.5992E+02  2.3380E+02
0000103   2.8118E+02  1.4153E+02  1.1439E+02
0000104   3.4089E+02  1.3388E+02 -1.2394E+01
0000105   1.6207E+02  3.3858E+01  2.0768E+02
0000106   2.2973E+02  2.0030E+01  1.3834E+02
0000108   1.4307E+01 -2.7085E+01 -6.0953E+01
0000109   4.1536E+02 -1.7827E+01 -1.3829E+02
0000110   3.0652E+02 -1.3182E+02 -2.1072E+02
0000111   2.4461E+02  3.0068E+02  1.4163E+02
0000112   2.6375E+01  1.1399E+02 -1.0004E+02
0000113   1.6948E+02 -1.2505E+02 -1.2526E+02
0000114   4.2365E+02  2.8454E+02  1.2033E+02
0000115   4.2250E+02  1.7018E+02 -1.9753E+02
0000116   1.1625E+02 -6.7989E+00  3.3575E+01
0000117   1.8146E+02  8.8652E+01  1.5036E+02
0000118   3.8607E+02  1.7543E+02  1.5898E+02
0000119   5.5080E+02 -1.8343E+02 -2.0411E+02
0000120   5.8768E+02  1.2452E+02 -1.1333E+02
0000121   1.5233E+02  1.3342E+00 -1.6045E+02
0000122   6.2800E+02  2.0617E+02  3.8517E+01
0000123   3.2707E+02  1.1462E+02 -1.4086E+02
0000124   3.1704E+02 -8.1665E+01  8.7646E+01
0000125   1.7238E+02 -3.4095E+02  2.7866E+02
0000126   4.7361E+02  2.0836E+02 -2.8063E+02
0000127   4.7074E+02 -2.3230E+02  1.4356E+02
0000128   5.3072E+02  1.0669E+02 -9.3216E+01
0000129   4.3505E+01  1.0020E+02 -1.2901E+02
0000130   4.4213E+02 -1.4464E+01  2.1362E+02
0000131   5.5077E+02 -6.0599E+01  6.2648E+01
0000132   4.0666E+02  1.6376E+02  2.5044E+02
0000133   3.9864E+02 -1.1531E+02 -8.1514E+01
0000134   4.3637E+02 -7.6158E+00 -1.7641E+02
0000135   2.8653E+02 -1.9587E+02 -1.5983E+02
0000136   8.7630E+01 -1.0108E+02 -1.4667E+02
0000137   1.7476E+02  1.7612E+02  2.7728E+02
0000138   3.7771E+02  2.2808E+01  3.2456E-01
0000139   2.2791E+02 -6.7791E+01 -1.6317E+02
0000140   2.7536E+02 -3.9629E+02 -1.7670E+02
0000141   3.8438E+02  1.3080E+01  1.0453E+02
0000142   2.7132E+02 -1.0183E+02 -1.1696E+02
0000143   4.2355E+02  2.7569E+01  2.3254E+02
0000144   4.0743E+02 -1.2078E+02 -1.7110E+02
0000145   3.4809E+02  8.9569E+00  1.6715E+02
0000146   2.5502E+02 -2.2328E+02  1.8885E+01
0000147   4.1634E+02 -4.2374E+01  2.9933E+00
0000149   1.6855E+02  5.2155E+01 -9.5086E+01
0000150   3.1323E+02 -1.4511E+02 -4.5525E+01
0000151   1.8050E+02 -5.2958E+01 -1.7205E+01
0000152   4.0881E+02 -2.6505E+02 -5.5396E+01
0000153   4.4764E+02 -1.9213E+02  8.3816E+00
0000154   2.8246E+02 -1.7619E+02  4.0495E+01
0000155   6.9160E+02  1.5183E+02  1.8727E+02
0000156   1.6488E+02 -7.1284E+01 -7.9523E+01
0000157   3.1921E+02  4.0616E+02  2.0449E+00
0000158   7.1715E+01 -3.1918E+02 -2.4019E+02
0000159   7.8729E+01 -1.0604E+02  6.9978E+01
0000161   1.6941E+02 -1.6292E+02 -4.5262E+01
0000162   2.2426E+02  2.0292E+01  1.2900E+02
0000163   1.2400E+02  8.0036E+01 -2.5505E+02
0000164   4.2057E+02 -2.7825E+02 -1.1648E+02
0000165   5.2627E+01  1.5605E+02 -1.2969E+01
0000166   6.3924E+02 -2.6282E+02 -3.8684E+01
0000167   3.0334E+02 -7.2334E+01 -1.5162E+02
0000168   5.2310E+02  5.1047E+01  1.8193E+02
0000169   1.6359E+02 -5.9876E+01 -9.0526E+01
0000170   1.4995E+02 -1.5627E+02 -1.2114E+02
0000171   3.6237E+02  3.9365E+02  8.1563E+01
0000172   1.7020E+02  1.1697E+02  1.7906E+02
0000173   2.6921E+02  1.4131E+02 -1.3021E+02
0000174   1.4297E+02 -2.5350E+02  1.2462E+02
0000176   1.8724E+02 -5.0486E+01  1.3583E+02
0000177   4.0876E+02  1.6102E+02  2.2816E+02
0000178   4.3522E+02 -1.3379E+02  4.5834E+00
0000179   4.3639E+02  2.4824E+02 -2.5739E+02
0000180   1.2930E+02  2.8590E+01  3.1114E+02
0000181   3.5536E+02  4.6042E+01  1.5773E+01
0000182   4.0403E+02 -4.0497E+01  4.3804E+02
0000183   4.1648E+02  1.3412E+01 -2.0736E+02
0000184   2.6589E+02 -1.5917E+02 -8.4292E+01
0000185   4.5516E+02  6.0587E+01  2.0604E+02
0000186   2.9606E+02  1.2576E+02 -4.0907E+01
0000187   4.4667E+02  2.2388E+02 -3.1862E+02
0000189   6.5099E+01 -1.0998E+02 -8.1698E+01
0000190   1.7870E+02  2.8499E+01 -5.1143E+01
0000192   4.4139E+02 -4.6611E+01  1.2515E+02
0000193   1.7013E+01 -2.0183E+02  2.8851E+02
0000194   5.2007E+02  1.9031E+02  4.6849E+02
0000195   2.1614E+02 -8.4393E+00  1.2133E+02
0000196   4.1487E+02  4.5124E+01 -4.6697E+01
0000197   2.3641E+02  2.2959E+02 -1.6613E+02
0000198   4.5423E+02 -3.8949E+01 -3.2262E+01
0000199   5.7663E+02 -1.1470E+02 -1.8198E+02
0000200   1.6547E+02  1.5955E+02 -3.7028E+01
0000201   4.5009E+02  2.5575E+02  6.9695E+01
0000202   8.9694E+01  3.2583E+00 -1.8181E+02
0000203   5.5642E+02  8.9347E+01  5.4726E+01
0000204   6.0762E+02 -2.9753E+02  7.6766E+00
0000205   1.4366E+02 -3.5714E+01 -3.2668E+02
0000206   3.5777E+02 -6.9456E+01 -1.4948E+02
0000207   1.3359E+02 -2.4182E+02 -1.8363E+02
0000208   3.6315E+02 -4.3694E+01  3.5624E+01
0000209   4.1219E+02  1.3827E+02 -2.4713E+02
0000210   1.9480E+02 -2.7735E+01 -2.2195E+01
0000212   4.2159E+02 -1.8131E+02  1.0338E+02
0000213   2.0058E+02  9.3898E+00 -1.4000E+01
0000214   5.3106E+02 -1.4753E+02 -1.9691E+02
0000215   1.5032E+02  2.2496E+02  6.6494E+01
0000218   1.3995E+02  1.9453E+02  1.7228E+02
0000219   2.0407E+02 -6.3559E+01  3.5137E+01
0000220   2.4407E+01 -1.0195E+02  1.0886E+02
0000222   3.6093E+02 -9.5096E+01  2.5735E+02
0000223   4.6963E+02 -9.2941E+01 -9.8314E+01
0000224   2.4655E+02  7.0473E+01  2.6778E+01
0000225   1.1059E+02 -1.1655E+02  1.3892E+02
0000226   1.3676E+02 -1.6514E+02 -8.4324E+01
0000227   3.6957E+02  2.8270E+02 -1.2494E+02
0000228   9.3431E+01  1.4425E+02 -1.3105E+02
0000229   1.2565E+02  1.0302E+02  1.8467E+02
0000230   1.1335E+02 -1.3129E+02  3.0086E+01
0000231   3.0752E+02  4.2155E+01  5.1493E+01
0000232   3.7299E+02 -1.0551E+02  2.9530E+01
0000233   2.9944E+02  1.4432E+02  1.1568E+02
0000234   1.1599E+02 -4.2408E+02 -1.1623E+02
0000235   2.0804E+02 -4.4733E+01  1.5085E+02
0000236   1.3725E+02  1.5540E+02 -1.7264E+02
0000237   4.5375E+02 -2.0356E+02 -2.0640E+02
0000238   2.4929E+02 -3.0291E+01  2.2205E+02
0000239   1.1833E+02  5.1353E+02  7.5105E+01
0000240   1.3847E+02  8.6308E+01 -1.6076E+02
0000241   1.8314E+02 -8.2563E+00 -2.7157E+02
0000242   9.2857E+01 -5.2093E+01  2.4031E+01
0000243   1.8237E+02  3.7037E+02 -2.1725E+02
0000244   2.0438E+02  3.4228E+02  1.2168E+02
0000245   1.6007E+02  1.3110E+01 -9.7479E+01
0000246   2.0148E+02 -1.4589E+02  1.5024E+02
0000247   2.3900E+02 -5.2379E+01  1.3188E+02
0000249   6.3770E+01  8.5150E+01  6.6373E+01
0000250   2.4145E+02 -3.8646E+01  1.0920E+02
0000251   3.5911E+02 -1.1990E+02 -8.5983E+01
0000252   4.7082E+02 -2.3614E+02 -1.4268E+02
0000253   1.1015E+02  4.5431E+01 -1.2241E+02
0000254   3.2988E+02 -3.2693E+01 -1.2008E+02
0000255   2.8454E+02  1.4781E+02 -2.9449E+01
0000256   4.6959E+02  5.0587E+01  2.0479E+02
0000257   9.4364E+01 -2.6314E+02  2.2384E+02
0000258   3.7690E+02 -1.3498E+00  2.7575E+01
0000259   5.1537E+02  1.1377E+02  5.7816E+01
0000261   3.0891E+02 -1.1351E+02 -2.6309E+02
0000262   5.3566E+01  1.4221E+02  8.1079E+01
0000263   2.7339E+02  8.5495E+01  1.1410E+02
0000264   4.5863E+02 -1.4691E+02 -1.5604E+02
0000265   7.0045E+02 -4.0546E+01  1.1905E+01
0000266   2.7625E+02 -2.6209E+02 -1.3352E+02
0000267   9.1209E+01  1.5736E+02 -4.2753E+02
0000268   2.9411E+02 -9.9758E+01  7.9591E+01
0000269   4.2954E+02  7.2802E+01 -1.9575E+02
0000270   3.1385E+02 -7.7184E+01 -6.3967E+01
0000271   3.1320E+02  5.5502E+01  9.0813E+01
0000272   4.9457E+02  1.3228E+02  8.6810E+01
0000273   2.0404E+02  1.5657E+01  5.3252E+01
0000274   1.8843E+02  1.3531E+01 -1.9054E+02
0000275   1.6505E+02  1.0829E+02  6.5664E+01
0000276   4.9193E+02  1.0127E+01  1.6164E+01
0000277   3.8879E+02 -9.6915E+01  3.6683E+02
0000278   2.7532E+02 -8.3737E+00 -8.8477E+01
0000279   2.7092E+02  3.0133E+01  7.4612E+01
0000280   3.2779E+02  4.2307E+01 -5.5621E+01
0000281   1.4361E+02 -1.6664E+02 -1.0251E+02
0000282   3.8267E+02  1.5126E+02  3.5847E+01
0000283   2.7552E+01  3.8204E+02  1.2456E+02
0000284   2.2659E+02 -3.9299E+02 -1.1033E+02
0000285   1.5422E+02 -6.6254E+00  9.6985E+01
0000286   2.7123E+01 -4.8393E+01 -3.7625E+01
0000287   3.1626E+02 -2.6075E+01 -1.5230E+02
0000288   3.2152E+02 -1.3914E+02  4.6862E-01
0000289   3.6511E+02 -2.7040E+02  2.4104E+02
0000290   5.4254E+01  2.1538E+01  2.1008E+02
0000291   2.1471E+02  1.5450E+02 -9.9617E+00
0000292   1.1200E+02  5.8141E+01  1.2884E+02
0000293   6.0765E+02 -1.3905E+02  1.8294E+02
0000294   6.8611E+01 -1.2750E+02  1.4076E+02
0000295   2.7514E+02 -2.1786E+02 -1.6026E+02
0000296   4.3825E+02  1.0627E+02 -3.5536E+01
0000297   1.5095E+02 -3.1228E+01 -7.2305E+01
0000299   2.2947E+02 -3.8890E+01 -2.2045E+02
0000300   3.8474E+02  2.8492E+02  9.9429E+01
0000301   1.5455E+02  1.0077E+02 -7.3090E+01
0000302   2.7305E+02 -2.0765E+02 -3.0351E+01
0000303   4.7440E+02 -1.3131E+01  1.4338E+02
0000304   1.3720E+02 -5.8366E+01 -2.2512E+02
0000305   1.2195E+02  8.8353E-01  5.3799E+01
0000306   3.4797E+02  1.8622E+02  1.7528E+02
0000307   3.2251E+02  3.5071E+02  3.9813E+01
0000308   1.8881E+02  9.9298E+01  1.5831E+02
0000309   2.4145E+02  4.8372E+01 -1.5550E+02
0000310   4.7134E+02  1.9154E+02  1.3144E+02
0000311   3.7860E+01 -6.9393E+01 -5.4667E+01
0000312   2.3306E+02  1.1583E+02 -1.1211E+02
0000313   8.8461E+01  1.9231E+01  2.8123E+02
0000314   1.7918E+02 -7.4349E+01 -1.7589E+01
0000315   4.2506E+02  1.0372E+02  9.8551E+01
0000316   8.3584E+01  1.3952E+02 -1.7623E+02
0000317   6.4192E+02  2.5633E+02  8.9394E+00
0000318   7.5337E+01 -1.6270E+02 -2.1545E+01
0000319   2.9722E+02  2.1353E+02 -4.3013E+02
0000320   3.1354E+02 -1.3064E+02  1.4206E+02
0000321   2.9204E+01  7.3758E+01  3.4940E+01
0000322   1.7788E+02 -3.4514E+02  3.8157E+02
0000323   2.3834E+02 -2.7578E+02 -1.2648E+02
0000324   2.0443E+02  1.1635E+02  2.1259E+02
0000326   2.0373E+02  9.7641E+01 -1.0764E+02
0000327   1.4234E+02 -6.3236E+01  1.1647E+02
0000328   2.9831E+02 -2.7004E+02 -1.4332E+02
0000329   7.7898E+01  1.2181E+02 -4.6833E+01
0000330   3.9582E+02  9.8669E+01  1.7967E+02
0000331   2.6584E+02 -1.8921E+02  2.6251E+02
0000332   3.7209E+02  7.4496E+01  1.6033E+02
0000333   2.6641E+02  2.6802E+02 -1.3538E+02
0000334   3.1253E+02  9.8547E+01  1.1403E+02
0000335   2.9385E+02  9.4824E+00 -1.3845E+01
0000336   4.7738E+02  5.1538E+01 -1.2630E+02
0000338   1.1825E+02  1.1804E+02  1.2707E+02
0000339   5.0794E+01  6.1572E+01 -7.7538E+01
0000340   2.2733E+02  5.1862E+01 -2.9232E+01
0000341   1.9409E+02  6.3441E+01  3.0612E+02
0000342   2.4435E+02  1.5530E+02  2.3269E+02
0000343   1.6663E+02 -5.0640E+00 -1.7514E+02
0000344   4.4588E+02 -1.5739E+02 -2.6986E+02
0000345   7.4031E+01 -1.3296E+02 -3.2406E+02
0000346   7.0191E+02  1.1737E+02  2.9495E+02
0000347   2.5420E+02 -5.2006E+01  1.0742E+02
0000348   4.8949E+02 -1.0644E+02 -1.2909E+02
0000349   1.6404E+02  4.4359E+01  5.7142E+01
0000350   6.4460E+02 -7.3258E+00  1.1096E+01
0000351   3.7431E+02 -3.4590E+02  3.1472E+02
0000352   1.6392E+02  3.0887E+02 -4.4577E+02
0000353   1.9078E+02 -1.6325E+02  9.6505E+00
0000354   3.6792E+02 -2.9696E+01  1.8040E+02
0000355   3.3127E+02 -1.3424E+02 -1.1536E+02
0000356   3.2160E+02 -2.2776E+02  4.9898E+02
0000357   2.2298E+02  2.7598E+02  1.1316E+02
0000358   4.2425E+02  1.0597E+02  1.1789E+02
0000359   2.8080E+02 -2.4474E+02 -6.7394E+01
0000360   3.9469E+02 -1.1485E+01 -7.7790E+01
0000361   1.8419E+02  1.0464E+02 -1.7321E+02
0000362   3.1199E+02 -1.4612E+01 -1.3387E+02
0000363   2.4525E+02 -2.5076E+02 -7.4307E+01
0000364   1.4447E+02  6.1656E+02 -2.8631E+02
0000366   4.7626E+02  2.4503E+01 -2.7575E+01
0000367   1.7301E+02 -1.4298E+01  4.4001E+01
0000368   1.3374E+02 -2.2507E+02 -1.0663E+00
0000369   1.7031E+02  2.2809E+01 -1.8875E+02
0000370   1.5887E+02 -1.0632E+02 -1.6450E+02
0000371   4.9292E+02  3.1625E+02 -1.8540E+01
0000372   1.0798E+02 -1.4788E+02  9.0709E+01
0000373   2.3926E+02 -1.5020E+02 -1.5251E+02
0000374   2.8602E+02 -9.4507E+00 -2.2479E+01
0000375   4.7790E+02  3.4484E+02  1.3142E+02
0000376   2.3146E+02 -4.3458E+01  1.4715E+02
0000377   2.8356E+02 -4.0787E+01 -8.5986E+01
0000378   2.9307E+02  1.0715E+02 -1.1311E+02
0000379   2.7440E+02 -5.0884E+01 -3.2736E+01
0000380   5.8107E+02 -1.4732E+02  1.0599E+02
0000382   3.8837E+01  1.5470E+02 -2.2382E+02
0000384   3.6482E+01  3.3099E+02  1.6257E+02
0000385   2.6162E+02  2.7717E+02 -9.9051E-01
0000386   2.0482E+02  1.5033E+02  6.7669E+01
0000387   4.6023E+02 -5.9086E+00  3.6196E+01
0000388   1.8024E+02  8.1661E+01  1.5362E+02
0000389   3.6574E+02  6.0190E+01 -2.0772E+02
0000390   4.3897E+02 -6.4970E+01  3.0112E+01
0000391   5.6987E+02 -8.5602E+00 -2.5508E+02
0000392   2.3388E+02 -2.8592E+01 -3.4122E+01
0000393   4.2682E+02  3.6233E+02 -8.7273E+01
0000394   3.3823E+02  1.1220E+02  2.7520E+01
0000395   3.4703E+02 -3.2106E+02  1.2458E+02
0000396   1.9513E+02  1.9842E+01 -4.2541E+00
0000397   6.2241E+02  1.5851E+02 -5.5866E+01
0000398   2.5572E+02  1.7807E+01 -2.9315E+02
0000399   4.3212E+02 -2.2218E+02 -3.6542E+02
0000400   5.6535E+02 -4.0797E+01  2.1833E+01
0000401   3.2278E+02  5.8339E+01  3.8911E+01
0000402   1.9435E+02 -3.3936E+02 -7.9927E+01
0000403   3.1650E+02  1.0845E+02  1.7166E+02
0000404   3.8668E+02 -7.0105E+01  1.8987E+02
0000405   2.3722E+02  2.5043E+02 -2.6336E+02
0000406   2.4775E+02  1.7243E+02  1.7861E+02
0000407   4.7709E+02  2.3309E+02 -4.7969E+01
0000408   4.6497E+02 -3.3106E+02  2.6864E+01
0000409   2.9743E+01 -2.2742E+02 -2.3559E+02
0000410   1.6702E+02  1.3433E+02  4.1626E+02
0000411   2.3976E+02  1.0201E+01 -3.6077E+02
0000412   3.5311E+02 -1.7502E+02 -2.1198E+02
0000413   3.4351E+02 -8.1420E+01 -9.6694E+01
0000414   4.3103E+02 -3.2314E+01 -7.9116E+01
0000415   4.0841E+02 -2.3490E+02 -1.8464E+02
0000416   4.3497E+02  1.9244E+02 -1.2884E+02
0000417   2.7561E+02 -2.7912E+02  1.0295E+01
0000418   4.6291E+02 -1.2531E+02 -4.4944E+01
0000419   3.0263E+02  1.2811E+02 -1.1974E+02
0000420   4.2052E+02 -2.1152E+01 -2.4767E+02
0000421   2.9667E+02 -8.7674E+01 -3.0541E+01
0000422   3.9356E+02 -3.3813E+02  8.8910E+01
0000423   1.4412E+02 -3.0702E+02 -1.8611E+02
0000424   3.8170E+02  1.7029E+01 -2.1351E+02
0000425   3.9275E+02  1.1965E+02  1.1421E+02
0000426   2.5067E+02  2.0180E+01  3.2638E+02
0000427   4.5439E+02 -3.0777E+02 -1.3038E+02
0000428   3.0685E+02 -1.6008E+02 -1.5896E+02
0000429   1.6135E+02 -1.7933E+02 -5.7256E+01
0000430   4.8057E+02  1.2285E+02 -1.7349E+02
0000431   1.9736E+02  1.4757E+02  1.6172E+02
0000432   2.1560E+02  1.0241E+02 -2.3093E+01
0000433   4.5131E+02  7.9621E+01  3.4331E-01
0000434   4.3122E+02 -2.4168E+02 -2.0936E+01
0000435   2.3723E+02 -1.5267E+02 -1.5461E+02
0000436   2.4014E+02  3.8131E+01 -9.0002E+01
0000438   2.3744E+02  7.4565E+01 -2.4522E+02
0000439   4.5913E+02  7.5175E+01  1.0549E+02
0000440   3.9265E+02  2.2875E+02 -9.6186E+01
0000441   3.0266E+02 -1.9853E+02 -1.1271E+02
0000442   5.6510E+02 -1.8571E+02 -2.4750E+02
0000443   1.7201E+02 -3.6041E+01  9.6786E+01
0000445   1.9871E+02  1.0474E+02  3.0837E+01
0000446   2.5692E+02  1.2271E+02 -1.4694E+02
0000447   1.0131E+02 -1.1171E+02  6.7874E+00
0000448   5.1448E+02 -1.4584E+01 -1.7771E+02
0000449   2.5555E+02 -2.0694E+02  3.8925E+00
0000450   3.1148E+02  3.6390E+01 -3.0722E+01
0000451   1.5045E+02 -2.0535E+02  1.0601E+02
0000452   2.1657E+02 -1.1631E+02  2.4414E+02
0000453   3.2504E+02 -2.5204E+02 -2.2611E+02
0000454   4.5408E+02  1.8756E+02 -2.8737E+01
0000455   3.7683E+02 -9.2622E+01  2.8794E+00
0000457   3.0591E+02  9.4168E+00  7.5974E+00
0000458   1.8607E+01 -2.2321E+02 -1.5077E+02
0000459   1.2496E+02  1.0160E+02  3.1956E+01
0000460   4.5758E+02 -6.2406E+01 -9.6193E+01
0000461   3.1152E+02 -1.1187E+02  1.1368E+02
0000462   1.9130E+02  5.7210E+01  5.3198E+01
0000463   1.1067E+02  2.1298E+02  2.4965E+02
0000464   8.0636E+02  4.4168E+00  1.8698E+02
0000465   2.8311E+02  5.6303E+01 -1.4283E+02
0000466   1.7708E+02  1.5967E+01 -8.5394E+01
0000467   4.9002E+02 -2.8636E+02  1.2525E+02
0000468   8.5569E+01  1.0245E+02  4.6852E+01
0000469   1.3621E+02  9.6230E+00  3.0764E+02
0000470   2.5401E+02 -3.6971E+02  5.4153E+02
0000471   5.1520E+02 -6.9892E+01 -1.3071E+01
0000473   3.3382E+02 -1.4188E+02 -1.3312E+02
0000474   3.8278E+02  2.3386E+01 -9.9326E+01
0000475   1.3467E+02 -1.5446E+02 -2.0138E+02
0000476   3.1838E+02  4.5018E+01  4.5134E+01
0000477   1.6054E+02  1.7543E+02  2.1992E+02
0000478   7.8565E+01 -1.3648E+02  4.1805E+01
0000479   5.1802E+02  1.9181E+02 -1.6170E+01
0000480   2.9335E+02 -1.4079E+02  7.8931E+00
0000481   2.8019E+02 -2.6926E+01 -1.0507E+02
0000482   2.9199E+02 -8.4736E+00  2.2448E+02
0000483   3.2911E+01  1.0647E+02  7.5114E+01
0000485   4.2470E+01 -1.8262E+01  2.0148E+02
0000486   2.2814E+02 -9.4629E+01 -2.7023E+02
0000487   3.0218E+02 -4.1774E+01 -1.0727E+02
0000488   3.9886E+02  3.5765E+01 -4.7454E+01
0000489   2.5044E+02  1.2104E+02  2.4288E+02
0000490   2.8449E+02  6.6781E+01 -2.0444E+02
0000491   7.4489E+01  1.1374E+01 -6.8762E+01
0000492   3.5725E+02 -1.7661E+01  1.3574E+02
0000493   2.5122E+02  1.4256E+02  7.9100E+01
0000494   1.0966E+02 -2.4790E+00  6.7242E+01
0000495   4.3733E+02  1.2696E+02  9.9304E+01
0000496   4.0683E+02 -5.9499E+01  1.6568E+01
0000497   2.3299E+02  2.7655E+02  5.1256E+01
0000499   5.2197E+02 -7.8987E+00 -2.8546E+01
0000500   3.6855E+02 -1.8414E+02  1.6031E+02
0000502   2.5097E+02 -7.2617E+01 -8.2958E+01
0000503   3.0648E+02  7.3526E+01  6.0076E+01
0000504   3.0229E+02  2.5939E+02 -2.6217E+02
0000505   9.8354E+01 -7.9303E+01  1.2981E+01
0000506   1.3717E+02  2.4208E+02 -2.2648E+02
0000507   5.5227E+02  3.2235E+01 -1.4057E+02
0000508   4.9087E+02  1.7707E+01  7.2767E+01
0000509   6.1710E+01  2.4614E+01  1.3896E+01
0000510   8.8575E+01  1.2586E+02  1.2446E+02
0000511   2.4999E+02  8.1191E+01 -1.2242E+02
0000512   1.3343E+02  1.0132E+02 -2.0474E+02
0000513   2.7836E+02 -8.2930E+01 -2.7382E+02
0000515   4.6806E+02 -2.0535E+02  2.3003E+02
0000516   1.1216E+02 -2.0945E+02 -3.5677E+02
0000517   2.6044E+02  3.5742E+02  1.7244E+01
0000518   2.2147E+02  9.4262E+01  2.1161E+01
0000519   3.2036E+02 -5.2305E+01 -2.7263E+01
0000520   3.2373E+02  1.9318E+02  1.7867E+02
0000521   3.6624E+02  2.2600E+02  2.8365E+02
0000522   3.3742E+02  2.4808E+02 -1.5240E+02
0000523   3.3861E+02  4.7804E+00  3.5612E+02
0000524   2.4792E+02  1.4421E+02  1.8867E+01
0000525   2.8707E+02  2.2659E+02 -2.4617E+02
0000526   6.0279E+02  9.5108E+01  1.2337E+02
0000527   2.8341E+02 -3.8403E+01  3.5371E+02
0000528   7.6751E+01 -1.3098E+02  4.2593E+01
0000529   3.8021E+01 -7.5266E+00  1.4369E+02
0000530   2.9849E+02  3.0970E+02 -1.3748E+02
0000531   4.3665E+02  5.6235E+01 -1.6983E+02
0000533   1.3991E+02 -2.2209E+02 -2.3582E+02
0000534   2.2007E+02 -1.7242E+02 -8.7446E+01
0000535   2.5304E+02 -2.6227E+02  1.2351E+02
0000536   2.7899E+02 -2.1701E+02 -8.7943E+01
0000537   3.3708E+02 -2.1742E+00  1.3481E+01
0000538   2.6510E+02 -3.3043E+01  3.1608E+02
0000539   1.9671E+02  1.0280E+02  1.1231E+01
0000540   2.1452E+02 -2.7220E+02 -2.5095E+02
0000541   2.5298E+02  1.4190E+02 -1.2140E+02
0000542   1.3399E+02  1.2910E+02  3.6666E+01
0000544   2.7996E+02 -7.0846E+01  1.2964E+02
0000545   1.7073E+02  2.2019E+02 -8.5143E+01
0000546   4.8865E+02  7.8396E+01  3.7881E+02
0000547   2.8855E+02  1.6774E+01  1.8841E+02
0000548   5.8233E+02 -1.5383E+01 -5.3769E+01
0000549   4.3249E+02 -4.8174E+01 -5.2802E+01
0000550   2.8142E+02 -1.4784E+02  1.2325E+01
0000551   4.3474E+02  8.0311E+01  3.3118E+02
0000552   1.7324E+02 -1.8954E+02  1.1470E+02
0000553   1.9656E+02  6.9479E+01  3.6641E+01
0000554   6.6418E+02 -4.8188E+01  5.9308E+01
0000555   3.8569E+02 -2.7606E+01 -1.6656E+02
0000556   2.2829E+02 -1.8435E+02 -5.7280E+01
0000557   4.3049E+02 -2.1401E+02 -8.4547E+01
0000558   2.6998E+01  2.8366E+02 -2.1389E+02
0000559   4.2483E+02  4.0219E+02  1.7172E+02
0000560   2.0895E+02 -1.2705E+02 -3.5262E+02
0000561   2.5034E+02 -1.3164E+02 -6.4995E+01
0000562   3.8644E+02  1.4765E+02  1.5785E+02
0000563   4.5147E+02 -5.1643E+01 -5.0161E+02
0000564   3.9478E+02 -7.3547E+01 -1.4984E+02
0000565   1.3479E+02 -2.7478E+02  2.7769E+02
0000566   3.1239E+02  4.1630E+02  1.2573E+02
0000567   4.0046E+02 -1.4193E+02  1.2185E+01
0000568   3.9273E+02  5.4587E+00  3.3926E+02
0000569   4.1717E+02 -1.1840E+02 -2.9855E+02
0000570   7.2304E+01  9.4924E+01  1.2120E+02
0000572   3.4038E+02  5.1182E+01 -9.7819E+01
0000573   6.4450E+02 -1.7704E+02  2.2986E+02
0000575   4.1400E+02 -4.2223E+02 -4.6142E+01
0000576   6.3278E+02  3.2131E+01  1.3809E+02
0000577   2.5602E+02 -6.7757E+01  2.5275E+02
0000578   2.5890E+02  1.1838E+02 -3.4837E+02
0000579   1.9693E+02  6.4416E+01  1.9443E+02
0000580   2.7460E+02  7.6167E+01  9.9616E+00
0000581   2.7887E+02  1.0817E+02  1.1527E+02
0000582   4.1344E+02 -7.9978E+01  4.5813E+00
0000583   3.7119E+02 -1.9166E+02 -2.9184E+02
0000584   4.4640E+02  3.6840E+01 -5.5590E+01
0000585   1.7301E+02  2.8886E+02  1.2311E+02
0000586   3.0652E+02 -1.9423E+01 -2.0859E+02
0000587   1.3349E+02  6.7110E+01 -1.4365E+01
0000588   5.1835E+02 -1.3792E+02  1.7505E+02
0000589   4.0980E+02  1.5488E+02 -1.5844E+02
0000590   5.0127E+01 -3.2922E+02  2.6927E+02
0000591   2.0050E+02  3.6700E+01  7.6227E+01
0000592   3.0130E+02 -1.0424E+02 -1.2489E+02
0000593   2.3076E+02 -5.5339E+01  2.7210E+02
0000594   1.3264E+02  1.1178E+02  2.1769E+01
0000595   3.3191E+02  1.6203E+02 -1.5830E+01
0000596   3.2869E+02 -1.0500E+02  5.7823E+01
0000597   2.8632E+02 -1.4737E+02 -2.7978E+02
0000598   3.0698E+02 -3.0171E+01  3.6123E+02
0000599   2.1562E+02  1.1253E+02 -7.0579E+01
0000601   5.9234E+02  1.4566E+02  2.2536E+02
0000602   2.9514E+02  3.2373E+02  5.0249E+01
0000604   4.0366E+02  2.3378E+02  3.1101E+01
0000605   3.5913E+02 -1.6319E+02  4.6056E+01
0000606   1.5944E+02 -1.9831E+02  1.1787E+02
0000607   2.9796E+01  6.6077E+00 -1.4388E+02
0000608   1.7055E+02  8.3736E+01  8.4186E+01
0000609   5.4736E+02 -1.7969E+02 -2.0181E+02
0000610   1.8020E+02  2.8855E+02  1.1544E+02
0000611   2.8130E+02 -2.3018E+02 -7.7332E+00
0000612   3.4313E+02  8.9219E+01 -9.2747E+01
0000613   1.0271E+02 -1.3070E+02 -1.6367E+02
0000614   1.4762E+02  1.3796E+01  2.5695E+02
0000615   2.0634E+02  7.1397E+01 -2.1657E+02
0000616   4.8863E+02 -1.9459E+02  9.5931E+01
0000617   3.4299E+02 -1.8432E+02  5.4212E+00
0000618   4.3806E+02 -2.4813E+02 -4.6527E+01
0000619   2.7872E+02 -4.8969E+00  1.2719E+01
0000620   2.6133E+02  2.8540E+02 -3.1422E+01
0000621   3.5467E+02 -3.0539E+02 -2.9338E+01
0000622   1.7286E+02 -1.5072E+02  1.8951E+02
0000623   2.2545E+02 -1.6698E+01  1.3473E+01
0000624   1.7797E+02 -2.7387E+02  1.8987E+01
0000625   1.9767E+02 -1.6776E+00 -2.5522E+01
0000626   1.9849E+02  2.3078E+02 -6.6833E+01
0000627   3.7758E+02 -5.2268E+01  1.7909E+02
0000628   2.4234E+02 -1.4694E+02 -3.8155E+01
0000629   1.8418E+02  4.5721E+01  8.3819E+01
0000630   3.1700E+01  1.4977E+02 -1.3306E+02
0000631   2.7003E+02 -5.8988E+01  2.2333E+02
0000632   5.0460E+01 -1.5338E+02 -8.4034E+01
0000633   3.5946E+02  2.2976E+02 -5.0992E+01
0000634   5.1770E+02  5.3577E+01  4.3388E+02
0000635   3.3198E+02  1.2506E+02  6.3896E+01
0000636   6.2907E+02 -1.8194E+02 -1.9711E+02
0000638   1.3066E+02 -3.9433E+02  2.4555E+02
0000639   2.6643E+02  3.5847E+02 -1.4160E+01
0000640   3.8718E+02  3.7913E+02  1.7095E+02
0000641   1.0018E+02  4.1122E+02  3.0311E+02
0000642   4.6938E+02  6.4875E+01  8.4842E+00
0000643   2.3211E+02 -4.6005E+00 -2.7888E+02
0000644   2.6720E+02 -2.2407E+02  4.2591E+01
0000645   3.6912E+02 -2.4553E+02  2.7978E+02
0000646   2.3456E+02  9.4427E+01 -3.5605E+01
0000647   4.6130E+02 -1.5242E+02 -1.1653E+02
0000648   9.5595E+01 -1.8942E+01 -1.4398E+02
0000649   5.4421E+02  1.2309E+02  1.7236E+01
0000650   5.3144E+02  5.3341E+01 -3.0240E+02
0000651   2.4493E+02  3.3090E+00  5.2490E+00
0000652   1.8705E+02  1.3494E+02  1.5735E+02
0000653   4.6670E+02 -8.8554E+01 -4.8216E+01
0000654   5.0006E+02  1.2820E+02  3.5463E+01
0000655   2.7695E+01 -2.4848E+02 -3.2171E+01
0000656   6.1096E+01 -1.3055E+01 -5.9091E+01
0000657   2.9059E+02 -3.0296E+00  1.0428E+02
0000658   2.4626E+02  2.3941E+02  3.1629E+02
0000659   3.6523E+02 -2.2940E+02 -5.6406E+01
0000660   8.6340E+01  5.7513E+01  3.2691E+02
0000661   3.5735E+02 -2.5382E+02  2.1058E+02
0000662   3.3682E+02 -2.6956E+02  1.0807E+02
0000663   4.4886E+02 -2.8896E+02 -1.0942E+01
0000664   2.5089E+02 -2.7134E+01  2.8676E+02
0000666   3.4889E+02 -2.0906E+02  2.9241E+02
0000667   1.3716E+02  5.8215E+01 -3.2066E+02
0000668   2.8948E+02  2.0866E+01 -3.4727E+02
0000669   1.8297E+02  6.0163E+01  6.2694E+01
0000670   2.3351E+02  2.4786E+02 -4.1079E+00
0000671   1.2098E+02  6.4414E+01  2.4732E+01
0000672   6.2483E+02  2.0446E+02  2.6286E+02
0000673   3.4796E+02 -6.6588E+01  1.2499E+02
0000674   2.6542E+02  1.5311E+02  1.0613E+02
0000675   3.2441E+02 -1.8189E+02  1.9780E+02
0000676   5.8651E+01  8.3907E+01  1.5430E+02
0000677   2.3845E+02 -2.5095E+01 -7.5015E+01
0000678   3.9370E+02  2.1213E+02  2.6881E+02
0000679   4.2967E+02 -3.4413E+02  2.7444E+01
0000680   4.4134E+02  2.2333E+02 -4.8450E+01
0000681   6.6347E+01  1.2976E+02 -3.0702E+01
0000682   3.2987E+02  5.9167E+01 -1.3040E+02
0000683   5.0582E+02 -1.9836E+02 -3.3164E+01
0000684   4.0028E+02 -2.4607E+02 -1.2264E+02
0000685   1.3383E+02 -1.4654E+01 -5.2886E+01
0000686   2.6679E+02  1.0172E+02  1.8322E+02
0000687   1.1454E+02 -2.8065E+02 -2.6519E+02
0000688   1.8696E+02 -2.3955E+02 -9.6255E+01
0000689   1.7255E+02  9.3785E+01  8.2243E+01
0000690   1.7237E+02 -1.9322E+02 -5.3847E+01
0000691   1.9973E+02  1.7946E+02  4.1105E+02
0000692   2.4168E+02  1.2065E+02 -2.8824E+01
0000693   2.6273E+02  3.3859E+02  2.7022E+02
0000694   3.1241E+02  9.8658E+01 -6.8089E+01
0000695   3.3441E+02 -7.8306E+01  2.0596E+01
0000696   1.9774E+02 -2.5755E+02 -1.9003E+01
0000697   2.2973E+02  7.6387E+01 -1.8389E+02
0000698   4.4156E+02 -4.9634E+01 -2.8482E+02
0000699   2.6905E+02 -1.1205E+02  8.5219E+01
0000700   1.3890E+02 -4.4284E+01  1.1107E+01
0000701   4.5822E+02  7.9442E+01  1.6185E+02
0000702   1.6811E+02  2.6620E+01 -1.7771E+01
0000703   2.4337E+02 -7.0950E+01  4.0873E+00
0000704   2.9694E+02 -1.4515E+02  3.5561E+01
0000705   4.7068E+02  1.2191E+02  1.2089E+02
0000706   2.6500E+02 -3.4546E+02  2.4440E+02
0000707   6.2753E+02 -7.4281E+01  1.9443E+02
0000708   5.0854E+01  4.3709E+01 -2.4151E+01
0000709   6.5472E+02 -1.7599E+02 -3.2050E+02
0000711   3.7957E+02  1.4642E+02  1.6104E+02
0000712   2.6416E+02 -1.3293E+02  8.0304E+01
0000713   3.6742E+02 -1.6030E+02  7.1926E+01
0000714   3.0446E+02 -3.2973E+01 -2.3281E+02
0000715   1.5524E+02 -1.9306E+02 -5.5500E+01
0000716   1.6861E+02  7.7613E+01 -3.4397E+01
0000717   2.0105E+02  2.5541E+02  3.1536E+02
0000718   2.8948E+02 -1.5225E+02  4.2076E+01
0000719   7.3078E+02  5.6238E+01 -8.3519E+01
0000720   1.2012E+02  4.5649E+01  1.1014E+02
0000721   1.5785E+02  2.6849E+02 -8.3863E+01
0000722   3.7282E+02 -1.4570E+02 -2.5697E+02
0000723   2.6801E+02  1.4978E+02 -1.3030E+02
0000724   5.2472E+02  2.5834E+02 -2.8989E+02
0000725   2.8160E+02  1.4413E+02 -3.7721E+01
0000726   4.1985E+02 -6.3690E+01 -2.1771E+02
0000727   2.1147E+02 -1.7994E+02 -2.0004E+02
0000728   1.6114E+02  8.7673E+01 -4.5974E+01
0000729   5.4040E+01  2.3753E+02  4.9269E+02
0000730   5.2319E+02 -4.4194E+01 -1.0574E+02
0000731   1.1200E+02 -1.8927E+01  3.6953E+02
0000732   2.9276E+02  9.2760E+01  2.6328E+01
0000733   2.3871E+02 -1.9452E+02  5.9310E+01
0000734   7.7470E+01 -4.8798E+01 -4.3770E+01
0000735   2.8365E+02  3.3387E+02  6.5119E+01
0000736   2.1588E+02  1.9673E+01 -4.8208E+01
0000737   2.9883E+02  1.7147E+02  1.9485E+02
0000738   4.6210E+02  1.2432E+02 -3.3825E+02
0000739   2.6015E+02  1.2570E+02  1.8389E+00
0000740   1.1121E+02 -1.8282E+02  1.9416E+02
0000741   5.0756E+02  4.2005E+00  2.6631E+02
0000742   4.2945E+02  3.5672E+01 -2.3010E+02
0000743   3.5230E+02 -1.1245E+02  3.5557E+02
0000744   2.4649E+02  2.3974E+01 -5.0798E+02
0000745   3.1516E+02  2.0550E+02  3.3446E+02
0000746   1.0673E+02 -3.9046E+01 -2.5343E+02
0000748   1.1277E+02 -1.1096E+02 -1.8335E+02
0000749   4.4998E+02  4.7481E+02 -2.3393E+02
0000750   6.7715E+01  2.9312E+02 -6.0794E+01
0000751   5.7325E+02 -1.2529E+02 -2.8673E+02
0000752   2.9074E+02 -3.9016E+02 -2.4739E+02
0000753   3.9706E+02 -1.2495E+01  8.7007E+01
0000754   3.8057E+02 -1.1283E+02 -5.0219E+01
0000755   4.7858E+02 -1.7226E+02 -6.0977E+01
0000756   5.4221E+02 -1.2490E+02 -1.6258E+02
0000757   1.5452E+02  6.5680E+01 -2.7954E+02
0000758   4.3796E+02 -1.2905E+02 -1.2820E+02
0000759   1.4964E+02  2.6327E+02 -2.3441E+02
0000760   4.2298E+02  6.2910E+01  7.3592E+01
0000761   1.4857E+02  3.0643E+02  1.8015E+02
0000762   1.0859E+01 -1.6516E+02  2.4149E+02
0000763   7.6584E+01  4.3040E+01  3.1337E+01
0000764   5.8101E+02  8.7225E+01 -1.5223E+02
0000765   2.9316E+01  1.2945E+02  9.0136E+01
0000766   4.1739E+02  3.0357E+01  2.3338E+02
0000767   4.1614E+02  3.2143E+01 -3.8727E+00
0000768   2.8414E+02 -6.4552E+01  6.9182E+01
0000769   3.7077E+02 -1.2290E+02 -1.8865E+02
0000770   2.8514E+02  3.9206E+02  7.1326E+01
0000771   2.5271E+02 -1.0632E+02  4.0058E+01
0000772   3.0731E+02 -9.3128E+01 -3.3639E+01
0000773   3.5517E+02  5.3783E+02 -1.2524E+02
0000774   4.5797E+02  3.2204E+01 -1.0155E+02
0000775   2.4200E+02 -6.9928E+00  8.0958E+00
0000776   3.2369E+02 -4.3294E+01  1.0984E+02
0000777   2.0565E+02 -1.1867E+02 -6.2290E+01
0000778   2.6160E+02  2.8822E+02 -8.8942E+00
0000779   3.7283E+02 -1.3405E+02  8.6574E+01
0000780   5.3549E+02  2.1424E+02  3.7340E+02
0000781   2.7629E+02  6.2057E+01  1.7369E+02
0000782   1.8751E+01  2.4551E+02 -6.7571E+01
0000783   5.0356E+02  4.0501E+01 -7.2381E+01
0000784   2.4424E+02 -2.8826E+02  2.3776E+02
0000785   1.9424E+02 -1.6976E+02 -2.3281E+01
0000786   9.3618E+01  1.1336E+02 -5.1001E+01
0000787   3.5700E+02 -1.2607E+02 -5.2921E+01
0000788   5.3885E+02  1.7640E+01  1.4334E+01
0000789   6.6416E+01  1.9114E+02  1.8210E+02
0000792   2.9229E+02 -1.5087E+02 -7.8121E+01
0000793   3.9420E+02  2.5205E+02  1.9103E+02
0000794   1.9471E+02 -1.9959E+01 -8.3593E+01
0000795   1.6823E+02 -2.6181E+02  8.6542E+01
0000796   6.0704E+02  1.9668E+02 -1.7719E+02
0000797   1.0512E+02 -1.7575E+01  7.6008E+01
0000798   4.5537E+02 -2.1114E+02 -2.8169E+02
0000799   2.6462E+02  1.2664E+02  1.3030E+02
0000801   3.0779E+02  1.4770E+02 -1.4169E+02
0000802   3.5251E+02  2.4569E+01  1.0097E+02
0000803   1.9672E+02  2.8324E+01  8.1936E+01
0000804   4.4438E+01 -2.3463E+02  2.7707E+02
0000805   4.5368E+02 -2.8285E+01 -7.5277E+01
0000806   8.0217E+01  1.3538E+02 -7.6912E+01
0000807   3.2100E+02  2.1069E+01  5.1114E+01
0000808   1.6658E+02  4.0179E+02  2.1497E+02
0000810   9.6834E+01  3.4049E+02  8.9847E+01
0000811   1.8282E+02 -4.3129E+01 -4.5179E+02
0000812   2.1371E+02  6.2360E+00  2.0431E+02
0000813   3.2192E+02 -2.8821E+01 -3.0832E+02
0000814   2.8621E+02 -3.1885E+01  2.2074E+02
0000815   1.3812E+02 -3.3121E+01 -2.3959E+02
0000816   3.5885E+02  1.8404E+02  1.2272E+02
0000817   4.2887E+02  2.9529E+01 -2.6569E+01
0000818   3.4657E+02  2.4706E+01 -9.6680E+01
0000819   4.6738E+02 -3.0378E+02  4.4564E+01
0000820   2.4727E+02  2.3031E+02 -3.9746E+01
0000821   2.2990E+02 -1.6038E+02  1.3708E+02
0000822   1.6411E+02  1.4733E+02  2.6137E+02
0000823   3.0146E+02  3.4152E+02  2.3423E+02
0000824   1.6644E+02 -1.7475E+02 -1.6020E+02
0000825   1.5829E+02  3.1992E+01  3.2435E+01
0000826   2.7668E+02  9.3043E+01 -2.1846E+02
0000827   8.9073E+01 -3.7857E+02 -1.5837E+02
0000828   1.6859E+02 -9.9304E+01  3.3560E+02
0000829   9.1023E+01  2.0233E+02 -6.0310E+00
0000830   1.5248E+02  2.2123E+02  4.3334E+01
0000831   4.3943E+01 -3.6076E+01 -6.1891E+00
0000832   2.1361E+02 -1.7901E+02 -1.0897E+02
0000833   2.1382E+02 -2.5275E+02  1.8187E+02
0000834   3.7256E+02  9.1009E+01  5.5726E+00
0000835   3.4427E+02  6.2247E+01  8.9860E+00
0000836   3.2798E+02 -8.9963E+01 -2.6639E+02
0000837   4.0475E+02  8.2409E+01  2.0292E+02
0000838   4.8006E+02  1.0586E+02 -1.8579E+02
0000839   4.4950E+02 -1.4640E+02 -2.6533E+00
0000840   6.4334E+02  2.9181E+02 -1.1354E+02
0000841   4.2094E+02 -2.1188E+02  9.3661E+01
0000842   1.8129E+02  1.7353E+02  1.1143E+00
0000843   2.8109E+02  8.9317E+00  1.2739E+02
0000844   2.8144E+02 -1.0896E+02 -1.9278E+01
0000845   2.5187E+02  5.6646E+01 -4.3809E+01
0000846   1.9361E+02  1.7962E+02  7.8226E+01
0000847   3.0360E+02  1.3706E+02  1.8751E+02
0000848   3.9395E+02 -7.5729E+01 -1.2452E+02
0000849   3.6042E+02  1.1895E+02  2.1344E+02
0000850   2.7034E+02  1.7409E+02 -3.9863E+02
0000851   3.3342E+02 -1.5643E+02 -3.0377E+02
0000852   3.0435E+02  1.5196E+02 -7.6066E+00
0000853   1.6047E+02  1.1661E+02 -8.3714E+01
0000854   1.1515E+02  8.6652E+01 -2.4526E+02
0000855   4.5431E+02 -1.7862E+02  1.1220E+00
0000856   5.4660E+02  1.1076E+02 -9.3732E+01
0000857   3.6893E+02 -8.4865E+01 -2.2131E+02
0000858   1.8332E+01  6.5155E+01  1.9565E+02
0000859   5.8116E+02 -6.0933E+01  1.6714E+02
0000860   3.8301E+02 -1.9083E+02 -1.2319E+02
0000861   6.9913E+02  1.0527E+02 -1.0300E+02
0000862   4.1595E+02 -9.0602E+01 -1.1638E+02
0000863   4.0390E+02 -1.6260E+02  9.0344E+01
0000864   4.1576E+02  5.6387E+01  2.2151E+02
0000865   2.2743E+02  3.4100E+01 -1.3280E+02
0000866   2.2979E+02  1.0302E+02 -2.5801E+01
0000867   2.1547E+02  1.0753E+02 -5.2395E+01
0000869   2.9572E+02 -2.6745E+02  1.0801E+02
0000870   4.8914E+01 -4.0941E+01  4.6051E+01
0000871   2.1489E+02 -2.2486E+02  4.0465E+01
0000872   2.9198E+02  3.9322E+01 -1.7118E+02
0000873   3.6592E+02 -4.0144E+01 -2.5378E+02
0000874   2.4903E+01  7.4672E+01  1.4742E+01
0000875   2.1208E+02 -2.8420E+01  4.0125E+01
0000876   2.8827E+01  2.4205E+01 -6.7063E+01
0000877   1.8057E+02 -2.1857E+01 -3.6448E+01
0000878   2.5898E+02  2.6541E+01  2.8341E+01
0000879   3.1683E+02  2.9890E+01 -1.4566E+01
0000880   3.8743E+02  4.7310E+01 -2.5308E+02
0000881   8.4385E+01 -1.4061E+02  5.3919E+01
0000882   3.4283E+02 -7.3029E-03  7.4968E+01
0000883   5.9632E+02 -4.0122E+02 -1.0926E+02
0000884   3.2728E+02  6.1146E+01  1.5670E+02
0000885   4.9512E+02  1.2826E+02 -1.1034E+02
0000886   3.4507E+02  1.1495E+02 -1.3317E+01
0000887   5.2881E+02 -9.3748E+00  3.2844E+01
0000888   3.2181E+02  2.2461E+02 -2.5939E+02
0000889   5.0387E+02 -3.8611E+01 -2.7588E+02
0000890   3.3319E+02  2.0852E+02  1.2383E+02
0000891   4.8917E+02  1.6745E+02  1.4618E+02
0000892   1.8078E+02 -3.9091E+01  4.8647E+01
0000893   2.9207E+02  7.3677E+00 -8.4721E+01
0000894   2.1010E+02 -3.2805E+01 -1.7995E+02
0000895   3.1591E+02 -2.7475E+01 -1.3700E+01
0000896   2.9317E+02 -1.5984E+02 -1.3906E+01
0000897   2.5957E+02  1.7500E+02  1.8509E+02
0000898   9.0062E+01  2.2963E+01  1.4895E+02
0000899   5.1032E+02  5.0374E+01  1.3908E+02
0000900   3.2201E+02 -1.4072E+02  2.4863E+01
0000901   3.6780E+02 -9.6754E+01  1.2357E+02
0000902   5.3116E+02 -2.2780E+02 -2.5573E+02
0000904   1.8087E+02 -8.0811E+01 -9.1277E+01
0000905   4.5142E+02 -2.0352E+01  5.7997E+01
0000906   4.3261E+02 -5.2580E+01 -1.5540E+02
0000907   4.7913E+02 -5.5579E+01 -5.2946E+01
0000908   4.8973E+02  1.6109E+02 -2.3651E+02
0000909   1.6170E+02  1.6724E+02  2.7891E+02
0000910   4.2384E+02  1.9060E+02  6.9925E+01
0000911   4.4272E+02 -1.7470E+02  2.4690E+02
0000912   2.2486E+02 -2.8604E+02  3.6875E+01
0000913   2.2025E+02 -5.3431E+01 -5.6157E+01
0000914   6.7123E+02 -3.8756E+01 -1.0850E+02
0000915   6.1098E+02 -4.2984E+01 -3.8471E+01
0000916   2.8092E+02 -1.1886E+02  1.3334E+02
0000917   1.8068E+02 -8.1296E+01 -2.0454E+02
0000919   1.3246E+02 -6.7959E+01  1.5040E+02
0000920   3.4316E+02 -9.3401E+01 -2.8655E+02
0000921   2.1216E+02  3.5305E+01  2.8559E+02
0000922   2.1473E+02 -3.2216E+01 -2.6352E+02
0000923   2.9487E+02 -2.8001E+02  6.8407E+00
0000924   2.3014E+02 -2.5824E+01  2.5132E+02
0000925   3.5749E+02 -1.2815E+02  1.2126E+02
0000926   2.2605E+02  2.9405E+01 -1.1643E+02
0000927   8.1973E+01 -1.5136E+01 -1.1053E+02
0000928   1.5922E+02  1.3429E+02  3.2435E+02
0000929   2.6154E+02 -6.7124E+01  8.9295E+01
0000930   4.5731E+02 -2.5203E+02 -8.6808E+01
0000931   2.0656E+02 -4.5024E+02 -5.0564E+01
0000932   2.4237E+02 -2.9766E+02 -2.3530E+02
0000933   1.3139E+02  4.1217E+01 -1.6833E+02
0000934   2.9295E+02 -3.0784E+02 -8.3814E+01
0000935   3.2856E+02  1.0278E+01 -9.9260E+01
0000936   4.5536E+02  2.6713E+02 -2.8791E+02
0000937   4.2799E+02 -1.5555E+02 -1.5144E+02
0000938   1.2320E+02 -9.4207E+01  9.2321E+01
0000939   4.3315E+02 -1.2934E+02 -8.4452E-01
0000940   1.2331E+02 -1.6674E+02  2.6723E+02
0000941   2.5570E+02 -1.4018E+02  2.5227E+02
0000942   1.7827E+02  2.4655E+01  6.7511E+01
0000943   2.6385E+02 -7.6666E+01 -6.3463E+01
0000944   1.5005E+02 -7.5637E+01  1.1994E+02
0000945   1.2322E+02 -8.1559E+01  4.8550E+01
0000946   3.2999E+02 -1.7115E+02 -3.4678E+02
0000947   2.3293E+02 -1.8466E+02 -6.9695E+00
0000948   4.4436E+01  2.1136E+02 -4.6606E+01
0000949   5.5384E+02  1.0993E+02  1.2094E+01
0000950   3.6070E+02  1.2607E+02  1.3931E+02
0000951   3.6610E+02 -2.3857E+02 -2.6668E+01
0000952   3.0391E+02  4.0280E+01  4.6157E+01
0000953   1.2214E+02 -1.0680E+02 -1.0733E+02
0000954   1.8653E+02  7.9994E+01 -2.0992E+00
0000955   4.4676E+01  1.5969E+02  1.9337E+02
0000956   4.2795E+02  8.8716E+00 -1.4221E+02
0000957   4.7290E+01  3.5068E+01 -1.8713E+02
0000959   2.4923E+02 -1.2549E+02  3.1373E+02
0000960   6.1677E+02 -4.8141E+01  1.6475E+02
0000961   4.7110E+02  1.7922E+02 -5.3224E+01
0000962   5.2880E+01  8.8696E+00 -4.1295E+00
0000963   1.8479E+02  1.4968E+02  3.4851E+02
0000964   1.7851E+02 -6.5757E+01 -1.0288E+02
0000965   2.6648E+02  1.9028E+02  7.4763E+00
0000966   3.1760E+02  1.9985E+01  6.9106E+01
0000967   3.0091E+02 -3.3680E+01 -2.7858E+02
0000968   3.1884E+02  2.1048E+02 -2.4781E+01
0000969   6.1594E+02  2.4423E+01 -1.5192E+02
0000970   1.3954E+02  1.5864E+02  1.2818E+02
0000971   7.8138E+01  1.3455E+02  9.7760E+00
0000972   4.8483E+02 -4.4291E+01  1.5113E+02
0000973   3.6107E+02 -2.1898E+02  2.7662E+02
0000974   4.0625E+02 -2.2459E+01  8.7288E+01
0000975   4.2749E+02 -2.0963E+02 -2.5689E+00
0000976   3.5826E+02 -1.4518E+02  1.3739E+02
0000977   1.6439E+02  2.6044E+02  1.1629E+01
0000978   6.6831E+01 -1.2970E+02 -3.1378E+02
0000979   5.7817E+02 -1.5171E+02  8.3526E+01
0000980   3.6993E+02 -5.3308E+01 -1.1169E+01
0000981   1.4848E+02 -2.3911E+02 -2.5902E+02
0000982   4.5695E+02  9.6587E+01  1.4997E+02
0000983   3.7696E+02  1.5926E+02  1.2602E+02
0000984   2.3823E+01 -2.1406E+02 -4.5695E+01
0000985   4.3113E+02  2.3760E+02  1.1445E+02
0000986   1.5717E+02 -7.0663E+01  4.0500E+01
0000987   2.2795E+02 -2.6480E+02 -1.9275E+02
0000988   6.0259E+02  2.2373E+02 -1.5131E+01
0000989   9.7807E+01  1.7172E+01  2.2802E+01
0000990   2.2436E+02 -1.6728E+02  6.1754E+01
0000991   2.5407E+02 -1.6691E+02 -5.0420E+01
0000992   1.4687E+02 -1.7911E+02 -1.1910E+01
0000993   3.7914E+02  3.6761E+01  1.7654E+02
0000994   3.0244E+02  2.7322E+02  1.4839E+02
0000995   2.6581E+02 -1.6382E+02  1.0933E+02
0000996   5.0513E+02  4.9271E+00  6.9897E+01
0000997   4.1270E+02 -6.0307E+01  1.8678E+02
0000998   6.4568E+01  5.7328E+01  2.5259E+01
0000999   3.4366E+02 -1.4722E+02 -1.1251E+02
0001000   2.7151E+02  5.1923E+00 -1.8611E+01
