============================== SRIM-2013.00 ==============================
==============================================================================
====== SRIM Outputs\RANGE_3D.txt : File of Final Ion Positions =====

Ion =  F (09)   Ion Mass= 018.9984
Energy  = 3000000.E-05 keV
Ion Angle to Surface = 00.0 degrees
==================== TARGET =======================
  Layer # 1 - None
  Layer # 1 - Bottom Depth=500000.E-01 A
  Layer # 1 - Density =0007.8700 g/cm3
  Layer # 1 -  100 % of Fe
ÍÍÍÍÍÍÍÍÍÍÍÍÍÍÍÍÍÍÍÍÍÍÍÍÍÍÍÍÍÍÍÍÍÍÍÍÍÍÍÍÍÍÍÍÍÍÍÍÍÍÍÍ
                                            
Ion       Depth  X   Lateral Y   Lateral Z  
Number    (Angstrom) (Angstrom)  (Angstrom) 
-------  ----------- ----------- -----------
0000001   2.9779E+02  2.6663E+01  2.0436E+02
0000002   3.2530E+02  1.5237E+02  7.1466E+01
0000003   1.0638E+02  5.4980E+01 -1.8822E+02
0000004   1.3103E+02 -1.8990E+02  4.7607E+01
0000005   5.8898E+02 -1.2015E+02  8.4186E+01
0000006   6.4495E+02 -7.0018E+01  1.8809E+02
0000007   4.9081E+02  1.0917E+02 -5.9964E+01
0000008   5.1054E+01  2.0696E+02 -9.3104E+01
0000009   1.4766E+02 -1.6317E+02 -3.1237E+02
0000010   2.6263E+02 -8.2841E+01 -1.2897E+02
0000012   1.0452E+02 -7.5352E-01 -7.3369E+01
0000013   3.2222E+02  1.0511E+01  8.7305E+01
0000014   1.8758E+02  1.1991E+02  2.1405E+02
0000015   5.2829E+02 -2.9210E+02 -9.2099E+01
0000016   3.5275E+02 -1.4500E+02  6.3303E+01
0000017   4.7091E+02  2.7262E+01  1.4601E+02
0000019   3.7247E+02 -4.6820E+01 -2.4017E+01
0000022   4.0906E+02 -4.3110E+02  5.6978E+01
0000023   2.3051E+02  1.4457E+02  1.5385E+02
0000024   6.8412E+02  1.4670E+02  6.2759E+01
0000025   6.8133E+02 -5.1344E+01 -2.8984E+02
0000026   1.6983E+02  1.2932E+02 -2.8133E+02
0000027   1.8910E+02 -1.3410E+02  1.9121E+02
0000028   3.8306E+02 -3.4181E+01 -1.4027E+02
0000029   2.0382E+02  3.2317E+01  1.7307E+02
0000030   4.2038E+01 -7.3615E+01 -2.5497E+01
0000031   3.3519E+02  2.0740E+02  3.0999E+02
0000032   7.2883E+01 -1.4599E+02 -1.1241E+02
0000033   5.1684E+02 -6.1374E+01  5.7638E+01
0000034   5.1751E+01  1.9299E+02  5.0743E+01
0000035   3.4093E+02 -1.1035E+01  1.2616E+02
0000036   4.2572E+02 -3.4164E+02  1.8271E+01
0000038   1.2974E+02  1.1802E+02  2.3085E+02
0000039   7.4963E+01  2.2692E+02 -5.3582E+01
0000040   1.3605E+02  1.3170E+01 -9.6802E+01
0000041   4.8305E+02  9.3294E+01 -3.5672E+01
0000042   4.0719E+02  2.9554E+02 -4.2995E+01
0000043   4.5651E+02  6.7993E+01 -8.9024E+01
0000044   4.2794E+02 -1.8942E+02  3.2149E+02
0000045   3.3242E+02 -7.2612E+01 -1.9999E+02
0000046   4.2960E+02 -4.8014E+01  1.4710E+02
0000047   3.2799E+02  3.9641E+02 -2.8859E+02
0000048   2.3728E+02  2.1213E+02 -6.4576E+01
0000049   1.5893E+01 -3.1086E+02  4.2508E+01
0000050   1.6273E+02 -1.2549E+02 -2.2298E+02
0000051   2.0778E+02 -3.1570E+02 -9.7332E+01
0000052   3.2836E+02 -1.2221E+02 -2.6301E+01
0000053   2.4517E+02 -1.6186E+01  2.7285E+02
0000056   1.2441E+02 -1.1041E+00  3.3622E+01
0000057   1.3069E+02 -7.1858E+01 -1.7581E+02
0000058   3.9508E+02 -3.5696E+01 -8.0034E+01
0000059   9.4111E+01 -2.9560E+01 -1.7009E+01
0000061   3.7191E+02 -1.9926E+02 -2.2644E+02
0000063   1.7634E+02  8.5882E+01  1.2139E+02
0000064   6.6043E+02 -6.3279E+01 -1.1649E+00
0000066   1.5591E+02 -9.8546E+01 -8.3644E+00
0000067   2.3661E+02 -6.0959E+01 -3.1135E+02
0000068   4.0472E+02 -1.8199E+02 -6.2296E+01
0000069   4.4948E+02  8.2131E+01  1.1459E+02
0000070   2.0190E+02 -4.2543E+01 -3.8164E+02
0000071   2.5434E+02 -4.5152E+01 -1.2180E+01
0000072   3.1417E+02 -2.4572E+01 -1.0158E+02
0000074   2.4340E+02 -1.6395E+01  2.0281E+02
0000075   2.7833E+02 -8.2437E+01 -7.1698E+01
0000076   5.1852E+02  3.9205E+01 -3.6894E+01
0000077   4.9678E+02  2.5121E+02  3.9081E+02
0000078   3.5998E+02  2.8033E+02  1.0500E+02
0000079   3.3288E+02  1.5833E+02  1.0161E+01
0000080   2.5353E+02 -1.8786E+02  1.9548E+02
0000081   4.0824E+02 -1.4282E+02 -1.7945E+02
0000082   5.5437E+02 -7.6742E+01 -1.8114E+02
0000083   3.7426E+02  1.7796E+02  6.3973E+01
0000084   1.9672E+02  1.5033E+02 -9.0116E+01
0000085   8.6545E+01  6.4711E+01  1.1144E+01
0000087   3.7075E+02  2.5707E+02 -1.3923E+02
0000088   2.7723E+02 -2.7172E+02  3.3226E+01
0000089   3.9194E+02  1.7060E+02 -1.0795E+02
0000091   2.8174E+02  5.8065E+01 -8.9206E+01
0000092   2.6165E+02 -7.4346E+01 -3.6374E+01
0000093   3.9605E+02 -3.9996E+01  2.6192E+02
0000094   6.7816E+01 -1.8043E+02  2.0133E+02
0000095   2.3005E+02 -1.3720E+02 -1.8864E+02
0000096   4.8763E+02  7.6929E+01  6.8354E+01
0000098   4.2850E+02  1.0115E+02  3.3727E+01
0000099   1.4390E+02 -1.5210E+02  4.8226E-01
0000100   1.8623E+02 -9.8862E+01  1.6225E+02
0000101   6.5207E+02  3.2250E+02  1.3428E+02
0000102   3.3974E+02 -2.2092E+01 -6.5261E+01
0000103   3.2252E+02  1.4903E+02 -6.1089E+01
0000105   3.4802E+02 -1.3647E+02  2.1010E+02
0000106   1.9377E+02  3.9143E+01 -5.7060E+01
0000108   3.2418E+02  3.3714E+02 -5.4250E+01
0000109   2.9684E+02 -1.4816E+02  3.5670E+01
0000110   4.2200E+02  5.2397E+01 -1.3976E+02
0000111   2.2781E+02 -2.1011E+02  1.0605E+02
0000112   4.8197E+02 -1.9058E+02 -3.4742E+02
0000113   3.3165E+02 -1.2990E+02 -5.8421E+01
0000114   2.8540E+02  2.3404E+02  2.4389E+00
0000115   5.7180E+02  8.3508E+00  2.2168E+02
0000116   5.0815E+01  5.7107E+01 -2.0622E+02
0000117   3.5160E+02 -3.4933E+02 -7.4655E+01
0000118   2.8914E+02  1.3027E+02 -2.3675E+02
0000119   3.8913E+02  2.9933E+01 -6.5122E+01
0000120   3.0416E+02 -6.0823E+01  2.8266E+01
0000121   1.9596E+02  1.7062E+02 -7.5900E+01
0000122   1.9859E+01 -1.1592E+02  1.5363E+01
0000123   5.8244E+02  1.6095E+02 -1.4375E+02
0000124   2.3472E+02  2.7201E+01 -8.1014E+01
0000125   6.0919E+01 -1.9698E+00 -4.9136E+01
0000126   3.3076E+02  1.5020E+01 -1.9217E+02
0000127   2.9608E+02  1.2709E+02  4.2089E+02
0000128   3.5035E+02  4.6277E+01 -1.1514E+02
0000129   4.1520E+02 -6.1522E+01  9.8183E+01
0000130   4.8571E+01  1.3455E+02 -1.1861E+02
0000131   3.8207E+02  2.4463E+02  1.8018E+02
0000132   3.8674E+02  5.8446E+01 -3.6267E+02
0000133   2.7547E+02 -2.3100E+02  9.8623E+01
0000134   3.3395E+02 -9.5755E+01 -8.2382E+01
0000135   1.0995E+02 -2.5500E+02 -4.0603E+01
0000136   3.2657E+02 -2.6847E+02  8.5959E+01
0000137   1.4372E+02  2.6178E+01 -2.3105E+02
0000138   2.9833E+02 -7.7945E+01  3.1718E+02
0000139   5.5751E+02 -1.9489E+02  3.4852E+01
0000140   2.7145E+02 -2.5850E+02 -1.5840E+01
0000141   2.0836E+02  7.0780E+01 -5.8087E+01
0000142   2.1921E+01 -4.1600E+01 -1.0882E+02
0000143   4.4554E+02 -7.9064E+01  1.1800E+02
0000144   3.6537E+02  5.7143E-01 -4.2917E+01
0000145   2.5256E+02 -3.1226E+02 -4.4468E+02
0000146   2.1811E+02 -1.1483E+01  2.3069E+02
0000147   4.6463E+02 -1.3721E+02 -4.9641E+00
0000148   8.0536E+02  3.5476E+02 -2.6963E+00
0000149   3.4125E+02 -7.4938E+01  1.1617E+02
0000150   4.0514E+02  3.1501E+02  3.2924E+01
0000151   2.0667E+02 -8.1913E+01  2.7364E+02
0000152   3.0775E+02 -1.2126E+02  2.7402E+02
0000154   2.2596E+02  3.9428E+00 -2.9188E+02
0000155   3.2326E+02  1.3325E+02  1.3381E+02
0000156   6.5634E+02 -9.1365E+00  1.4175E+02
0000157   5.2955E+02 -1.4366E+02 -2.5821E+01
0000158   1.9403E+02 -1.6228E+02 -1.9449E+02
0000159   1.7748E+02  1.1549E+02 -3.2030E+01
0000160   1.5762E+02  2.3220E+01 -1.4212E+02
0000161   3.6190E+02  1.3452E+01  1.5737E+02
0000162   2.7306E+02 -3.2434E+02 -1.7376E+02
0000163   1.9621E+02  8.3101E+00 -2.3258E+01
0000164   4.9390E+02  9.9401E+01 -2.2254E+02
0000165   1.5139E+02  9.6998E+01 -2.3718E+01
0000166   5.6683E+02 -5.8493E+01 -1.9366E+02
0000167   4.0141E+02  8.0914E+01 -1.2737E+02
0000168   1.8899E+02  9.1713E+01 -4.2975E+02
0000169   2.9305E+02 -2.5497E+02 -1.4174E+02
0000170   3.9724E+02  7.3022E+01  1.4334E+02
0000171   3.3067E+02 -1.3352E+02 -1.8554E+02
0000172   3.5525E+02 -4.3632E-01 -1.7496E+02
0000173   4.9783E+02 -1.0856E+02 -4.1087E+02
0000175   3.0031E+02  2.3286E+02 -1.0895E+02
0000176   2.7943E+02  1.1234E+02  2.0404E+02
0000177   1.3074E+02  1.1422E+02  1.9785E+01
0000178   3.7355E+02 -9.8638E+01 -3.5705E+02
0000179   5.6302E+02  1.2927E+02  6.0542E+01
0000180   5.6040E+02  9.8077E+01 -9.2604E+01
0000181   3.3330E+02  2.0661E+02  2.8871E+01
0000182   4.7571E+02 -1.7349E+02  2.9121E+02
0000183   1.3078E+02 -1.9877E+02 -7.7533E+01
0000185   2.9769E+02 -1.1231E+02 -3.2709E+01
0000186   3.9576E+02 -6.8942E+01  2.0445E+02
0000187   2.7709E+02  9.6858E+00 -6.9283E+01
0000188   3.9925E+02 -1.3447E+02 -4.0336E+01
0000189   3.8803E+02 -9.3679E+01 -3.1511E+01
0000190   2.3115E+02 -1.1922E+02  3.0161E+02
0000191   4.4126E+02 -3.3716E+02  2.2613E+02
0000194   3.3367E+02 -4.1838E+02 -7.5324E+01
0000195   4.9330E+02 -3.9709E+02  1.4415E+02
0000196   8.0547E+01  1.1382E+02  1.2494E+02
0000197   3.7148E+02 -1.7786E+02  4.8523E+01
0000198   4.3566E+02  2.4149E+02  2.1884E+02
0000199   3.1157E+02 -2.4824E+01  2.5435E+02
0000200   5.7860E+02 -1.3931E+02  3.1809E+02
0000201   2.3770E+02 -1.2601E+02  1.6740E+02
0000202   2.1890E+02  2.8507E+02  1.2494E+02
0000203   3.0048E+02  2.0617E+02  1.5794E+02
0000204   2.5790E+02  2.9398E+02  2.9197E+02
0000205   1.0197E+02  1.6412E+02 -8.0538E+01
0000206   3.2442E+02  2.1965E+02  8.4415E+01
0000207   5.1252E+02 -1.2247E+00  7.2351E-01
0000208   1.8106E+02  1.9803E+02  3.7388E+01
0000209   4.1569E+02 -8.1984E+01  2.0291E+02
0000210   3.1357E+02  8.2783E+01  1.3894E+02
0000212   3.9239E+02 -1.1891E+01  4.4090E+02
0000213   2.9212E+02 -5.5123E+01 -1.1533E+02
0000214   2.5454E+02 -1.2318E+02  4.6058E+00
0000215   2.2545E+02 -1.2095E+02 -4.7435E+00
0000216   6.5407E+02  1.6539E+02  2.8482E+02
0000217   3.5620E+02 -4.3954E+01  2.0509E+01
0000218   4.2903E+02  1.7697E+01  5.4119E+01
0000219   4.9779E+02  2.2522E+02 -1.2621E+02
0000220   1.7451E+02 -6.1743E+00  8.6969E+01
0000221   3.4532E+02 -1.7432E+02 -8.9455E+01
0000222   3.9871E+02  2.6781E+02  3.4440E+01
0000223   4.4089E+02  3.4081E+01  1.5215E+02
0000224   3.3155E+02 -1.4827E+02  7.6535E+01
0000225   2.5145E+02 -9.8923E+01 -9.7665E+01
0000228   4.5749E+02 -3.0627E+02  4.2489E+01
0000229   4.8872E+02 -2.1953E+02 -3.8188E+01
0000230   3.5144E+02 -9.8263E+01 -1.9527E+02
0000232   5.9617E+01  5.5048E+01 -2.4513E+02
0000233   3.5554E+02  4.1680E+01  8.8782E+01
0000234   2.7470E+02 -4.4974E+01  1.1821E+01
0000235   3.9091E+02 -1.3186E+02  6.5385E+01
0000236   4.8618E+02 -2.8664E+01 -2.4871E+02
0000237   2.7641E+02  3.5605E+02  1.4271E+01
0000238   2.0698E+02  3.8413E+01 -7.8655E+01
0000239   7.6815E+01 -1.3765E+02 -1.0467E+02
0000240   2.7979E+02  8.1677E+01  1.8963E+02
0000241   3.6942E+02  8.1571E+01  1.6165E+02
0000242   3.6491E+02 -1.3025E+02 -1.3255E+02
0000243   1.2901E+01 -9.8986E+01 -1.7442E+01
0000244   2.5226E+02  1.4751E+02 -1.0262E+02
0000245   2.5164E+02 -3.4051E+02  4.7039E+01
0000246   5.0671E+02  1.9236E+02 -4.7962E+01
0000247   2.0075E+02 -6.8486E+01  4.3780E+01
0000248   2.5170E+01  1.6614E+02 -2.6145E+02
0000249   1.9088E+02  1.5104E+02  3.1721E+01
0000250   3.3507E+02  3.3473E+02  1.1848E+02
0000251   3.1728E+02 -2.4598E+02 -1.2250E+02
0000252   3.0402E+02 -1.9187E+02 -2.0845E+02
0000253   1.2313E+02  1.6189E+01  1.7738E+02
0000254   2.8239E+02  2.4286E+02  3.5685E+01
0000255   4.1927E+02  8.6616E+00  6.0249E+01
0000256   6.3276E+02 -1.8188E+02 -2.4705E+02
0000257   5.7801E+02 -1.5958E+02 -3.3812E+01
0000258   2.3250E+02  7.0450E+01 -2.5833E+02
0000259   3.6454E+02 -1.1957E+02 -2.4319E+02
0000260   1.5278E+02 -4.9146E+01 -3.0215E+01
0000261   5.0625E+02  4.8002E+01  3.2768E+02
0000262   2.7045E+02 -5.1385E+01 -3.1983E+00
0000263   3.6700E+02 -5.0419E+01 -3.8512E+00
0000264   5.1556E+02 -2.8399E+02 -1.4221E+02
0000265   3.5583E+02 -2.3478E+02  3.6390E+01
0000267   4.6375E+02  2.2650E+02  1.0348E+02
0000268   5.5068E+02  8.8243E+01 -2.1810E+02
0000269   3.5929E+02  4.6944E+01  8.0896E+01
0000270   2.4806E+02  4.7929E+01  7.3408E+01
0000271   1.4403E+02  1.1843E+02 -1.5464E+01
0000272   4.5136E+02 -2.4805E+02  1.7835E+02
0000274   4.6577E+02 -6.6568E+01  3.9247E+02
0000275   2.7080E+02 -1.7700E+01  1.8488E+02
0000276   5.5769E+02 -6.1992E+01 -4.0262E+02
0000277   4.3629E+02 -6.1023E+01 -1.9410E+02
0000278   1.5728E+02 -1.3798E+02 -8.5074E+01
0000279   1.6122E+02  1.2693E+02  1.3879E+01
0000280   3.0026E+02 -1.1995E+02  2.8235E+02
0000281   4.8037E+02 -3.2337E+01  8.5494E+01
0000282   1.0370E+02 -7.3778E+01 -1.4472E+02
0000283   4.0161E+02  1.3689E+02 -1.2159E+02
0000284   4.0676E+02  1.3137E+02  1.4099E+02
0000285   3.4343E+02 -2.7715E+01 -1.2456E+02
0000286   5.1199E+02 -1.8227E+02  1.7354E+02
0000287   4.1225E+02  4.1102E+01 -8.0945E+01
0000288   3.3966E+02  2.6166E+02 -2.1875E+02
0000289   3.0867E+02  5.6056E+01  1.5410E+02
0000290   3.1043E+02 -3.0166E+02 -1.8420E+02
0000291   1.9235E+02 -3.0013E+02  1.0217E+01
0000292   1.7177E+02  1.2155E+02  1.1542E+02
0000293   3.7983E+02  1.6165E+02  1.4790E+02
0000294   3.9035E+02  3.0934E+02 -9.7986E+01
0000295   3.6825E+02 -1.1117E+02 -5.1889E+01
0000296   1.6308E+02  7.9909E+01  2.2834E+02
0000297   3.7923E+02 -1.4906E+02  3.2934E+02
0000298   4.3517E+02 -1.9531E+02  4.2127E+02
0000299   1.7449E+02  1.9379E+02 -1.4697E+02
0000300   3.2573E+02 -2.7716E+02  1.0775E+02
0000301   4.3350E+02  1.3583E+02  1.8536E+02
0000302   4.6188E+02 -1.7610E+02  1.9655E+01
0000303   3.9438E+02  1.2476E+02  3.1388E+02
0000304   6.6386E+02  3.4087E+02 -9.9478E+01
0000305   4.0998E+02 -1.0217E+01  3.2035E+00
0000306   2.5999E+02  8.2762E+01  2.5846E+02
0000309   1.9050E+02 -3.2663E+02  3.5629E+02
0000310   1.5882E+02 -2.2314E+02 -1.2364E+01
0000311   1.9844E+02 -2.9490E+02  3.7751E+01
0000312   1.2439E+02 -1.7605E+02 -3.0064E+02
0000313   1.3299E+02  2.4707E+02  2.1309E+02
0000314   3.4516E+02 -2.2136E+02 -4.2018E+02
0000315   1.9663E+02  1.1560E+02 -2.6522E+01
0000316   3.2801E+02  2.4901E+02 -3.4309E+01
0000317   3.5479E+02  2.2957E+02  2.8210E+02
0000318   7.2035E+02 -2.0623E+02 -7.9745E+01
0000319   4.1406E+02  4.2649E+01 -2.7540E+02
0000320   1.7989E+02  2.8101E+02  2.3352E+02
0000321   1.0971E+02  2.0783E+02 -5.6239E+01
0000322   3.4641E+02  1.5798E+01  9.6293E+01
0000323   2.4712E+02  5.2415E+01  5.9269E+01
0000324   1.7449E+02  1.3201E+01  9.9770E+01
0000325   5.3007E+02  1.2702E+02  1.2037E+02
0000326   1.2956E+02 -5.2772E+01 -2.9482E+01
0000327   2.2319E+02 -3.6134E+01  8.3707E+01
0000328   3.1372E+02  1.0013E+02 -1.8724E+02
0000329   7.0661E+01 -3.9293E+01  4.9645E+01
0000330   2.0432E+02  3.2266E+01  1.7044E+02
0000331   4.0537E+01  2.9136E+02 -4.1534E+01
0000332   3.5202E+02 -2.7613E+01 -7.8227E+01
0000333   2.4243E+02  3.6543E+02  5.7487E+01
0000334   4.0781E+02 -2.7855E+01 -4.7130E+01
0000335   3.9029E+02  1.7926E+02  5.7512E+02
0000336   5.8857E+02  1.4012E+02 -2.3980E+02
0000337   2.7437E+02 -4.2777E+01  3.3138E+02
0000338   3.4532E+02 -2.4741E+02 -3.3430E+01
0000339   5.3935E+02  7.9416E+01  1.3825E+02
0000340   4.3453E+02  3.8105E+01  3.0148E+02
0000341   1.1273E+02 -8.2248E+01  1.2024E+02
0000342   3.5942E+02 -9.9334E+01  3.3504E+02
0000343   2.1378E+02 -2.8708E+02  1.4895E+02
0000344   1.7111E+01  3.7910E+01 -1.0261E+01
0000345   4.4970E+02 -9.0525E+01 -5.9781E+01
0000346   5.4501E+01 -1.7052E+00 -9.3663E-01
0000347   3.6689E+02  6.4086E+01  1.3898E+02
0000348   8.7244E+01  2.1238E+02  6.4578E-01
0000349   2.3508E+02 -1.3930E+02  2.5422E+01
0000350   3.0255E+02  4.1781E+02  2.4370E+02
0000352   2.8576E+02 -7.2361E+01  1.5503E+02
0000353   4.7012E+02 -3.1011E-01 -3.7152E+01
0000354   2.8568E+02  1.7679E+02 -2.4763E+02
0000355   1.6421E+02 -1.0371E+02 -2.4438E+02
0000357   5.7352E+02  3.5741E+01 -2.1794E+02
0000358   2.6014E+02  6.1265E+01 -2.8866E+01
0000359   4.4327E+02  6.1513E+01  4.3120E+01
0000360   5.5251E+02 -4.2484E+00  2.8133E+02
0000361   2.6992E+02  1.1428E+02  1.3866E+01
0000362   4.4611E+02  8.0029E+00 -9.5865E-01
0000363   5.3602E+02 -1.7397E+02  2.9925E+02
0000365   4.7062E+02  1.1599E+02  4.9906E+01
0000366   9.5468E+01 -3.5580E+02 -6.8428E+01
0000367   2.9364E+02  3.0946E+01  3.3416E+00
0000368   2.3637E+02  2.5253E+02 -6.8668E+01
0000370   2.9584E+01  2.2577E+01  1.0229E+02
0000371   2.6014E+02 -3.5083E+02  1.0687E+01
0000372   8.4769E+01 -1.2441E+02  1.8004E+02
0000373   4.4978E+02  1.4736E+02  1.9863E+02
0000374   3.9304E+02  9.5265E+01 -1.1087E+02
0000375   4.2077E+02  8.4294E+01  2.7568E+01
0000376   3.5465E+02  1.0053E+01 -4.8530E+01
0000377   8.2556E+01 -7.7691E+01  2.2180E+02
0000378   5.8915E+02  1.9829E+02  1.3497E+02
0000379   1.8645E+02 -5.9427E+01 -1.3059E+02
0000380   3.3181E+02 -2.2448E+02 -1.8211E+02
0000381   4.5530E+02  1.3781E+01  6.2410E+01
0000382   5.1217E+02 -1.4135E+02 -4.0231E+02
0000383   5.9389E+02  2.3628E+02 -1.8799E+02
0000384   3.0371E+02  1.0076E+01 -3.0246E+02
0000386   6.0880E+01 -4.5721E+01 -1.7657E+02
0000387   7.1998E+02 -3.6153E+02 -3.3734E+01
0000388   2.5198E+02 -3.0833E+02  1.8281E+02
0000389   5.3647E+02  3.5092E+01 -1.7782E+02
0000390   3.5519E+02  4.3781E+01 -2.4501E+02
0000391   4.5171E+02  2.8275E+02  1.8876E+02
0000392   8.1691E+01 -1.1239E+02  7.9015E+00
0000393   2.5422E+02 -1.3455E+02  4.3716E+01
0000394   5.3283E+02  1.1087E+02 -1.3961E+02
0000395   2.2920E+02 -1.9649E+02  3.8715E+02
0000396   3.9935E+02  2.2128E+02 -2.7757E+02
0000397   5.3760E+02  4.3245E+02  4.6487E+01
0000398   3.9918E+02 -1.2989E+02  1.3449E+02
0000399   5.2754E+02 -1.4004E+02 -4.0899E+01
0000400   3.5064E+01  1.0122E+02  1.6838E+02
0000401   2.6256E+02 -1.0642E+02  4.3561E+01
0000402   4.0238E+02  9.1005E+01 -3.4043E+02
0000403   6.9667E+01  1.4954E+02  1.3708E+02
0000404   2.5060E+02 -3.5427E+01  9.1790E+01
0000405   3.3756E+02 -1.1679E+02 -1.6744E+02
0000406   2.2483E+02 -9.4760E+01  1.6969E+02
0000407   1.9146E+02 -6.7426E+01  7.3905E+01
0000408   3.2392E+02  1.5552E+01  3.8875E+00
0000409   2.8159E+02  1.3689E+02 -2.4664E+02
0000410   4.0423E+02 -2.3147E+02  3.2203E+01
0000411   2.1601E+02  1.4531E+01  3.6050E+01
0000412   1.3359E+02 -1.4178E+02 -9.1218E+01
0000414   5.6089E+02  4.0096E+01  4.2465E+01
0000415   2.5827E+02  1.8194E+02 -1.7043E+02
0000416   5.6480E+01 -5.8437E+01 -2.6693E+01
0000417   4.0054E+02 -1.6582E+02  1.0764E+02
0000418   3.4542E+02  6.5532E+01  6.6666E+01
0000419   3.9487E+02  2.1234E+02 -6.0440E-01
0000420   3.5967E+02 -1.0988E+02  1.7626E+02
0000421   1.4700E+02 -1.6607E+02  1.1254E+02
0000422   3.5764E+02 -1.5486E+02 -1.3174E+02
0000423   2.0187E+02  1.1610E+02  4.5110E+01
0000424   2.7958E+02 -1.6419E+02 -3.5267E+01
0000425   2.7910E+02 -2.4021E+02  4.4078E+02
0000426   2.8298E+02  9.8372E+01 -5.4121E+01
0000427   2.9818E+02 -7.2705E+01  1.2910E+02
0000428   2.5862E+02  5.3166E+00  1.7538E+02
0000429   5.5798E+02 -1.4630E+02  3.1171E+01
0000430   2.8272E+02 -6.9493E+01 -7.0864E+01
0000431   2.8089E+02  5.5702E+01 -1.6067E+02
0000432   1.5525E+02  6.0333E+01  2.4380E+02
0000433   2.4245E+02 -1.3292E+01 -4.8446E+01
0000434   3.1081E+02 -2.5087E+02 -7.0587E+00
0000435   1.2369E+02  1.2840E+02 -5.3856E+00
0000436   3.7495E+02 -3.5497E+02 -6.1373E+01
0000437   2.5416E+02  2.2051E+02  7.3627E+01
0000438   3.7919E+02 -1.7387E+02  1.1451E+02
0000439   1.9962E+02  1.2301E+02 -1.1297E+02
0000440   3.5895E+02  3.8395E+02  1.3426E+02
0000441   4.3612E+02 -1.7181E+02 -2.2506E+02
0000442   1.7455E+02 -3.6657E+01  5.0988E+00
0000443   2.4889E+02 -1.7048E+02 -3.9575E+02
0000444   3.0777E+02  2.4216E+02 -1.3721E+02
0000445   2.4142E+02 -7.4280E+01  4.2820E+01
0000446   4.9390E+02 -2.6974E+02 -1.2195E+01
0000447   3.9315E+01  3.2559E+01 -1.1553E+02
0000449   4.8138E+02  3.4897E+02 -7.8693E+01
0000450   3.8899E+02  4.8835E+01  9.4753E+00
0000451   4.1989E+02  1.4517E+02  2.3709E+02
0000453   4.9142E+02  1.0169E+02  9.5779E+01
0000454   2.0698E+02 -2.7411E+00  3.9910E+02
0000455   4.0262E+02 -2.6325E+01  1.8114E+02
0000456   3.4936E+02 -1.2518E+02 -4.3734E+01
0000457   2.2719E+02 -6.0084E+01  2.2349E+02
0000458   3.2854E+02 -2.1107E+02  4.7302E+01
0000459   3.0636E+02 -3.1410E+02  9.7345E+01
0000460   3.4653E+02 -9.0929E+01  6.5341E+01
0000461   1.5627E+02 -4.3692E+01  1.5806E+02
0000462   2.2419E+02  4.3931E+01 -4.6247E+02
0000463   5.0947E+02 -3.8037E+01 -3.2269E+01
0000464   5.5072E+01  7.7404E+01  2.6948E+02
0000465   3.5790E+01 -8.2383E+01 -3.0284E+02
0000466   3.4544E+02  2.9371E+02 -4.9658E+01
0000467   3.9659E+02  2.5910E+02  1.1150E+02
0000468   2.9208E+02  8.0839E+01 -1.4933E+02
0000469   5.0714E+02 -1.9547E+01 -2.6405E+02
0000470   3.1434E+02 -2.8438E+01  5.7100E+01
0000471   2.2961E+02 -3.6291E+02  9.2334E+01
0000472   5.2652E+02 -3.2844E+02 -3.8560E+00
0000473   2.0574E+02 -1.8470E+02  1.2659E+01
0000474   4.9307E+02 -2.6028E+02  1.1734E+02
0000475   2.5913E+02  6.3787E+01 -4.5292E+01
0000476   3.1384E+02  2.0119E+02 -1.6225E+02
0000477   2.2097E+02 -1.0671E+02  1.7145E+02
0000478   1.7444E+02 -3.1904E+01  1.0990E+02
0000479   4.1551E+02  4.6314E+02 -2.4286E+02
0000481   2.6819E+02 -4.1847E+01  1.2661E+02
0000482   6.0728E+01 -1.1723E+02  3.6637E+02
0000483   2.0215E+02 -2.8692E+02 -1.9038E+02
0000484   3.4867E+02  8.5309E+00  6.5968E+01
0000485   2.7444E+02  1.9204E+02  2.7182E+02
0000486   6.7675E+02  2.0258E+02 -1.1602E+02
0000487   8.0428E+01  1.7652E+02 -2.1441E+02
0000488   1.3442E+02 -6.1407E+01 -1.5315E+02
0000489   2.1963E+02 -2.0176E+01  4.2700E+02
0000490   1.4977E+02 -1.6186E+02  1.4942E+02
0000491   4.1536E+01 -1.2037E+01  3.9674E+02
0000492   2.5583E+02 -5.8863E+01  3.3879E+01
0000493   5.7097E+02  8.3929E+01 -5.5800E+01
0000494   5.1325E+01 -1.4017E+02 -2.9219E+01
0000495   2.0784E+02 -6.8494E+01 -3.5961E+01
0000496   1.6233E+02 -2.4941E+01  1.2475E+01
0000497   2.4633E+02 -3.5893E+01  2.5006E+02
0000498   4.6274E+02 -2.9278E+02  1.3086E+02
0000499   4.2397E+02  2.6707E+01 -1.5056E+02
0000500   1.8535E+02  5.8219E+01 -6.5547E+01
0000501   5.5005E+02  6.2089E+01  7.6916E+01
0000502   3.3122E+02 -1.5082E+02  3.9572E+02
0000503   3.6745E+02 -7.5684E+01 -1.2507E+02
0000505   4.0612E+02  9.3755E+01  2.2654E+02
0000506   3.1749E+02  1.6707E+01  4.6689E+01
0000507   2.5811E+02 -2.2051E+02 -3.7921E+01
0000508   3.8801E+02 -5.0841E+01  1.2540E+02
0000509   1.3485E+02 -7.6203E+01 -1.0383E+02
0000510   3.1029E+02  2.4809E+02  4.4628E+02
0000511   2.6902E+02  1.7868E+01  1.1144E+02
0000512   3.4474E+02  1.0322E-01 -8.8776E+01
0000513   2.9045E+02 -2.0672E+02  1.0854E+02
0000514   2.5955E+02 -2.2758E+02  7.9227E+00
0000515   3.9452E+02  9.3968E+01 -3.0018E+01
0000516   1.8364E+02  4.1025E+02 -1.5538E+02
0000517   1.1982E+02 -1.7838E+02 -6.0714E+00
0000518   1.3118E+01  2.0343E+02  2.2799E+01
0000519   3.4557E+02 -1.3066E+02 -2.9457E+01
0000520   3.0168E+02 -1.3555E+02 -2.2218E+02
0000521   4.1389E+02  4.7094E+02  9.0050E+01
0000522   4.5974E+02 -1.5898E+01 -3.6496E+01
0000523   4.8446E+02  1.1092E+02  5.1458E+01
0000524   4.9888E+02  4.5011E+01  9.3946E+01
0000525   2.5079E+02 -3.4083E+01  1.8863E+02
0000526   3.5600E+02  1.2010E+02  1.6960E+02
0000527   6.3498E+02  2.9690E+01  5.6887E+00
0000528   2.5166E+02  1.2459E+02  4.0241E+02
0000529   3.6740E+02 -5.1773E+01  1.4229E+02
0000530   6.7818E+02  8.0040E+01  4.4622E+01
0000531   4.8884E+02 -1.3415E+01  4.5547E+02
0000532   1.9699E+02  6.8489E+01 -1.4836E+02
0000533   1.5312E+02  7.8503E+01 -2.1941E+01
0000534   2.5087E+02  7.8867E+01 -1.3068E+02
0000535   2.7382E+02  1.6041E+02  2.1128E+02
0000536   6.8634E+02  1.4751E+01 -8.4757E+01
0000537   3.7223E+02 -1.5172E+02  1.0124E+02
0000538   1.2163E+02 -7.3866E+01  2.3685E+02
0000539   2.5070E+02 -1.0020E+02  6.5757E+01
0000540   8.9320E+01  4.4908E+02 -1.6592E+02
0000541   2.9859E+02  3.8794E+02 -4.1297E+01
0000542   1.1245E+02 -2.2651E+02 -1.1624E+02
0000543   4.6006E+02 -2.4148E+01  1.9432E+02
0000544   2.3376E+02 -5.9898E+01 -2.1247E+02
0000545   2.6863E+02 -3.2834E+01 -1.4832E+02
0000547   3.0381E+02  7.2159E+01 -5.2661E+01
0000548   3.7330E+02  1.7622E+02 -2.0458E+02
0000549   5.5594E+01  1.5600E+02  9.5584E+01
0000550   3.4418E+02 -7.2031E+01  1.0633E+02
0000551   3.6090E+02  5.4511E+00 -9.7369E+01
0000552   5.5143E+02 -2.3601E+02 -8.1846E+01
0000553   5.0183E+02 -1.3766E+02 -1.1620E+02
0000554   2.2251E+02  1.2981E+02 -4.9109E+01
0000555   1.2020E+02  2.0895E+02 -3.8770E+01
0000556   1.3365E+02  2.6312E+02  5.0503E+02
0000557   1.2024E+02 -8.6230E+01 -3.7454E+02
0000558   3.6151E+02  1.0066E+02 -1.5036E+02
0000559   1.9846E+01  1.8338E+02  4.0261E+01
0000560   6.9420E+02  3.6786E+01 -4.4165E+01
0000561   3.2497E+02 -8.5989E+00  9.0256E+01
0000562   1.6054E+02  2.5860E+01  2.7519E+01
0000563   3.6110E+02  6.1133E+01 -1.7719E+02
0000564   4.0864E+02  2.0026E+01 -8.3252E+01
0000565   7.8361E+01 -2.1151E+02 -1.6300E+02
0000566   2.2049E+02  2.0422E+02  1.0270E+01
0000567   2.5142E+02  6.0749E+01 -8.4879E+01
0000568   4.0977E+02  2.5769E+02 -1.5307E+02
0000569   1.6154E+02  2.6686E+02  2.4962E+02
0000570   6.5393E+02  3.6701E+02 -2.3217E+02
0000571   1.4406E+02  1.8150E+02  2.4546E+01
0000572   3.7903E+02 -1.4095E+02 -2.7902E+02
0000573   3.2845E+02  5.4900E+01  1.8196E+02
0000574   2.0211E+02 -1.1594E+02  1.5204E+02
0000575   4.6907E+02 -6.9966E+01 -1.2309E+02
0000576   2.9638E+02 -1.5856E+02  2.7023E+02
0000577   5.0456E+00 -3.5516E+01  1.9089E+02
0000578   2.0159E+02 -2.5117E+01  3.3765E+02
0000579   6.7685E+01  2.8354E+02 -1.2777E+02
0000580   3.5745E+02  3.1428E+02  6.5361E+01
0000581   4.4288E+02 -5.2201E+01 -1.1738E+02
0000582   1.9157E+01  1.5715E+02  1.7120E+02
0000583   1.1138E+02 -2.5063E+02 -1.8503E+02
0000584   2.3659E+02 -6.0361E+01  7.4202E+01
0000586   2.5306E+02 -4.3302E+02  4.3095E+01
0000587   6.3991E+02 -2.1344E+02  7.1421E+01
0000589   3.0722E+01 -5.8667E+01  6.3909E+01
0000590   4.0853E+02 -1.0116E+02  9.4316E+01
0000591   3.3349E+02 -8.2800E+01 -2.3898E+01
0000592   2.7420E+02  1.0589E+02 -1.8114E+02
0000593   3.1652E+02  5.6963E+01  1.9929E+02
0000594   6.0096E+02  3.5707E+01 -4.2737E+01
0000595   9.7354E+01 -2.0348E+02 -1.3996E+01
0000596   4.8822E+02 -4.3875E+01 -9.8564E+01
0000597   1.9151E+02  9.4892E+01 -2.6001E+02
0000598   3.5919E+01 -1.0117E+02 -3.7285E+02
0000599   2.8483E+02 -8.3699E+01  1.7334E+02
0000600   4.3553E+02 -2.8172E+02  7.8954E+01
0000601   2.4022E+02 -1.0088E+02  9.9662E+00
0000602   2.9836E+02  2.2650E+01 -1.8918E+02
0000604   3.5509E+02 -3.0194E+02 -1.0734E+02
0000606   2.4509E+02 -1.9121E+02 -7.0981E+01
0000607   5.1458E+02 -9.2240E+00  2.5973E+02
0000608   4.1361E+02  5.5910E+01 -1.2852E+02
0000609   1.3062E+02 -1.6151E+02  1.8239E+02
0000610   1.9571E+02  9.7707E+01 -2.3246E+02
0000611   3.7998E+02 -1.8928E+02 -1.4471E+02
0000612   4.8181E+02 -9.0157E+01 -9.2503E+01
0000613   3.4748E+02  4.8471E+01 -4.5992E+01
0000614   3.6631E+02 -3.2760E+02  4.8579E+01
0000615   4.1267E+02 -4.3606E+01  1.3185E+02
0000616   1.5695E+02 -6.7217E+01  1.5050E+02
0000617   1.8011E+02 -5.8795E+01  1.9347E+02
0000618   3.1356E+02 -4.8433E+01 -2.0173E+02
0000619   2.1362E+02 -3.2088E+02  1.2687E+02
0000620   2.1147E+02  1.4815E+02  6.6827E+01
0000621   4.6420E+02 -1.5791E+02  7.2908E+01
0000622   2.9640E+02  4.7837E+00 -4.7808E+01
0000623   3.6347E+02 -2.0438E+02 -1.5559E+02
0000624   3.6519E+02  7.3389E+01  4.0790E+01
0000625   4.8611E+02  2.7958E+02  6.3744E+01
0000626   4.1027E+02 -2.5401E+02 -3.9218E+01
0000627   3.0497E+02 -1.3834E+02  3.1581E+01
0000628   1.8886E+02 -1.2438E+01 -1.5259E+02
0000629   1.3655E+02 -8.8314E+01 -4.7681E+01
0000630   9.0115E+01  2.8688E+01 -6.2651E+01
0000631   1.3503E+02 -7.5209E+01  2.4209E+02
0000632   5.1632E+02 -1.9536E+02 -7.4780E+01
0000633   2.5889E+02  9.5179E+01 -1.2225E+02
0000634   4.5651E+02  3.4664E+00  8.7833E+01
0000635   4.2582E+02 -2.7086E+02  1.3458E+01
0000636   3.3484E+02  1.0769E+02  2.8686E+02
0000637   4.9632E+02 -8.5483E+00 -1.1681E+02
0000638   2.6613E+02 -2.0606E+01 -6.2219E+01
0000639   2.5894E+02  1.4233E+02  1.4720E+02
0000641   5.0885E+02  1.5454E+02 -1.1508E+02
0000643   1.1502E+02 -2.8662E+01  4.7427E+01
0000644   5.6921E+02 -3.7909E+02  1.6355E+02
0000645   2.5919E+02  8.9804E+01  1.2388E+02
0000646   1.1992E+02 -3.0356E+01 -9.8768E+01
0000647   2.9835E+02  2.3346E+02  1.4872E+02
0000648   2.8566E+02  2.6909E+01 -4.7732E+02
0000649   2.7636E+02 -2.4104E+02 -2.5454E+02
0000651   1.3156E+02  1.1211E+02  1.1770E+02
0000652   3.1463E+02  1.8135E+02 -1.2189E+02
0000653   1.0894E+02 -9.6656E+01 -1.8382E+02
0000654   7.4101E+01  2.0117E+02 -3.9082E+01
0000655   3.0947E+02  2.7658E+01  6.9402E+01
0000656   2.2089E+02 -3.0272E+02 -1.0366E+01
0000657   2.6477E+02  1.1012E+02 -2.7645E+02
0000658   3.2613E+02  2.3912E+01  1.2965E+01
0000659   3.2045E+02  1.3009E+02 -9.1726E+01
0000661   4.3975E+02 -9.8668E+01  2.5003E+02
0000662   3.2279E+02  1.9887E+02  1.3668E+02
0000663   2.4341E+02 -4.6223E+02  1.2658E+02
0000664   2.2709E+02  2.0429E+01 -1.6272E+02
0000665   7.4198E+01  3.9051E+01  9.0107E+01
0000666   1.8556E+02 -2.8144E+02 -9.0655E+01
0000667   2.4338E+02  2.5730E+01  1.5546E+02
0000668   1.6826E+02  1.2285E+02  2.6747E+01
0000669   4.5441E+02  3.6418E+01 -2.1090E+02
0000670   4.7332E+02 -1.2459E+02 -1.0596E+02
0000672   4.5853E+02 -1.0477E+02 -1.3179E+02
0000674   2.8542E+02  1.8838E+01  9.6233E+01
0000676   3.6033E+02 -2.0160E+02  1.9312E+01
0000677   2.5868E+02  1.1954E+02 -3.8682E+02
0000678   2.0046E+02 -1.7507E+02  2.4797E+02
0000679   3.8026E+02  7.6631E+00  1.1472E+02
0000680   3.9653E+02  5.7724E+01 -4.5113E+01
0000681   1.6759E+02  5.4070E+01  1.2538E+02
0000682   1.5623E+02 -2.7976E+02 -9.5097E+01
0000683   4.0483E+02 -3.1128E+02  7.8861E+01
0000684   1.7751E+02  4.2821E+01  2.3670E+01
0000685   8.2696E+01  9.5782E+01 -6.5804E+01
0000686   1.7700E+02  2.5125E+02  1.2903E+02
0000687   3.3300E+02 -3.1047E+00 -1.9591E+02
0000688   2.9062E+02  1.8276E+02  4.9792E+01
0000689   1.6865E+02 -1.0827E+02 -1.7175E+02
0000690   3.6239E+02  2.3360E+02  2.0251E+01
0000691   3.6186E+02 -1.7247E+02  8.1972E+01
0000692   2.5308E+02 -2.1681E+01  7.9538E-02
0000693   2.4886E+02 -1.2600E+01  4.6883E+01
0000694   3.4168E+02  1.6861E+02  6.8310E+01
0000695   4.1260E+02  1.0666E+02  1.2785E+02
0000696   1.5243E+02 -9.1150E+01 -1.1656E+02
0000697   3.5449E+02  2.1376E+02 -1.1425E+01
0000698   3.2102E+02 -2.2841E+02 -1.1515E+02
0000700   2.1368E+02  1.2866E+02 -1.0782E+02
0000701   1.3651E+02 -1.3031E+02  4.0413E+02
0000702   2.4950E+02  2.7453E+02 -1.3988E+02
0000703   1.3861E+02 -3.1448E+02 -2.9933E+01
0000704   4.5056E+02 -5.7917E+01 -3.4079E+02
0000705   3.2607E+02 -7.8018E+01 -1.3926E+02
0000706   3.5556E+02  3.8191E+02  9.3796E+01
0000707   1.0607E+02  1.0854E+02  1.1561E+02
0000708   4.5218E+02 -5.6277E+01  2.9678E+02
0000709   1.8069E+02 -3.3255E+02 -2.1754E+02
0000710   3.9338E+02  2.1350E+01 -3.1380E+02
0000711   3.6181E+02 -2.1594E+00  8.5827E+01
0000712   2.1304E+02 -1.7391E+02 -1.6303E+02
0000713   2.3669E+02 -1.1423E+02  1.6808E+01
0000715   3.3242E+02 -3.4249E+01  3.8204E+01
0000716   3.1294E+02  5.0368E+01 -2.6477E+02
0000717   8.7114E+01 -2.6421E+01  1.5004E+01
0000718   5.1459E+01  7.7558E+00  2.5510E+02
0000719   2.5086E+02 -1.1582E+02 -1.7201E+02
0000720   3.1362E+02  1.0029E+01 -2.4957E+00
0000721   2.8531E+02 -1.0341E+02  2.7812E+02
0000722   3.2252E+01  1.0643E+02 -2.1462E+02
0000724   3.1525E+02 -9.6763E+00  4.4343E+01
0000725   2.5078E+02 -1.7271E+02  2.8521E+02
0000726   4.4913E+02  5.7608E+01 -4.8399E+01
0000727   7.5246E+01  1.6882E+02  3.9521E+02
0000728   4.3395E+02  7.1480E+01  1.2695E+02
0000729   8.3649E+01 -2.2853E+02 -8.0123E+00
0000730   2.8119E+02  2.1288E+01 -1.0136E+02
0000732   1.4761E+02 -7.0229E+01  3.1771E+01
0000733   3.0122E+02  5.3740E+01 -2.1947E+02
0000734   1.3754E+02 -1.9663E+02 -3.2771E+01
0000735   1.8596E+02  3.5071E-01 -1.5468E+02
0000736   2.1811E+02 -2.5282E+02  7.1997E+01
0000737   1.1027E+01 -4.2664E+01 -6.1840E+01
0000738   2.4460E+02  2.7923E+02 -2.3897E+02
0000739   3.8980E+02 -2.3903E+02  2.6514E+02
0000740   3.9372E+02  5.5951E+01  5.1452E+01
0000741   1.3758E+01 -1.2038E+01 -7.0401E+01
0000742   2.2882E+02 -7.3650E+01 -1.3880E+02
0000743   2.3540E+01  4.4793E+01  9.1606E+01
0000744   2.0879E+02 -2.3402E+02  2.2018E+01
0000745   1.4310E+02 -1.7684E+02 -4.0704E+01
0000746   4.1735E+02  6.8951E+01 -1.5022E+02
0000748   2.0817E+02 -1.2608E+02 -4.5783E+01
0000751   3.7984E+02  1.6906E+02 -5.1232E+01
0000752   4.3523E+02 -2.3347E+02 -2.9494E+02
0000753   3.6457E+01 -1.7497E+02  6.1013E+01
0000754   4.9404E+02 -9.7496E+01  9.5834E+01
0000755   3.6371E+02 -2.1173E+02  2.1390E+01
0000756   9.4185E+01 -1.4827E+02  2.0831E+01
0000757   2.6193E+02 -1.8433E+02 -1.0964E+02
0000758   3.6715E+02 -2.2921E+02  2.8992E+00
0000759   2.5035E+02  1.0347E+02 -2.6058E+02
0000760   2.1727E+02 -1.7523E+02  1.3177E+02
0000761   4.7336E+02 -1.7250E+02 -6.4194E+01
0000762   2.6246E+02  1.0142E+02 -4.5809E+02
0000763   3.9727E+02  1.7582E+02  5.5967E+01
0000764   3.8673E+02 -1.3165E+02  4.1402E+02
0000765   2.1257E+02 -1.6097E+02 -5.3161E+01
0000766   3.9246E+02  6.4546E+01 -2.6509E+00
0000767   3.6939E+02  2.0506E+02 -1.3426E+02
0000768   6.9041E+02  3.6776E+01 -1.6708E+02
0000769   4.5193E+01 -1.4052E+02 -1.8564E+02
0000771   7.0497E+01 -8.7043E+01  5.3121E+01
0000772   3.8184E+02  6.8236E+00 -1.0070E+02
0000773   2.0041E+02 -4.2739E+01 -7.7493E+01
0000774   2.5897E+02  6.1541E+01 -3.9145E+01
0000775   4.8146E+02  3.4840E+01 -3.7855E+02
0000776   1.3388E+02 -3.4945E+02  1.1280E+02
0000777   2.2393E+02  9.8991E+01  2.8786E+02
0000778   3.9209E+02  2.2248E+01 -4.0420E+00
0000779   3.5302E+02  2.9728E+02 -3.3588E+02
0000780   2.1578E+02 -2.4845E+02  8.9503E+01
0000781   3.3031E+02 -3.6196E+01 -2.5655E+01
0000782   4.6737E+02 -1.6078E+02 -1.5505E+02
0000783   2.8673E+02 -1.3878E+02  2.8946E+01
0000784   3.8286E+02  1.8846E+02 -3.0461E+01
0000785   3.0913E+02  1.0105E+02 -1.3406E+02
0000786   3.5713E+02  8.7601E+01  5.3702E+01
0000787   2.8183E+02 -2.7286E+02  2.4178E+02
0000788   1.0675E+02  6.2256E+01  3.7328E+00
0000789   5.7671E+02  1.3777E+01 -1.4402E+01
0000790   3.8926E+02  3.4920E+02  2.1469E+02
0000791   1.7157E+02 -1.6350E+02 -2.1679E+02
0000792   2.6042E+02  4.2481E+02  1.7411E+02
0000793   2.2115E+02  1.2600E+02  1.3493E+01
0000794   1.9449E+02 -2.8712E+02  6.9143E+01
0000795   2.5311E+02 -9.7869E+01 -1.8748E+02
0000796   3.9178E+02 -1.0562E+02 -3.6861E+01
0000797   2.5626E+02  2.7227E+02 -1.3208E+02
0000798   2.7233E+02 -7.2862E+01  8.5789E+01
0000799   3.4913E+02  2.0510E+02 -1.5467E+01
0000800   2.5547E+02  1.2428E+02  7.7380E+01
0000801   4.4546E+02  8.1889E+00  1.8964E+01
0000802   1.6495E+02  2.8262E+02  3.3367E+02
0000803   2.4250E+02 -8.3264E+01 -2.0781E+02
0000804   5.7160E+02  2.1878E+02 -1.6729E+02
0000805   1.6732E+02  4.1369E+02  9.5843E+01
0000806   4.1369E+02  1.8106E+02  6.2432E+01
0000807   8.4915E+01  1.7278E+02  1.1676E+02
0000808   4.0610E+02 -1.0510E+02 -1.7155E+02
0000809   2.2874E+02 -8.6225E+01 -1.1749E+02
0000810   3.5423E+02 -1.9748E+02 -1.5634E+02
0000811   2.5342E+02 -1.0312E+02  2.8495E+02
0000812   2.5208E+02  1.2732E+01 -1.7591E+01
0000814   2.7352E+02 -1.0935E+02  9.2110E+01
0000816   2.7044E+02 -2.1344E+02  4.6202E+02
0000817   1.8554E+02  1.2859E+02 -1.3255E+01
0000818   1.8279E+02  2.3075E+02 -6.1297E+01
0000819   2.8576E+02  4.6854E+01 -1.3641E+02
0000820   2.3794E+00  1.0087E+02 -3.5301E+01
0000821   6.5134E+02  1.0066E+02  1.7629E+01
0000822   2.9511E+02  2.4106E+02  7.6865E+01
0000823   4.3384E+02  1.2659E+02 -1.8722E+02
0000825   1.6219E+02 -1.1157E+02  8.4687E+01
0000826   2.5802E+02  2.5182E+02  3.5762E+02
0000827   3.5202E+02  1.9537E+02 -3.9825E+01
0000828   1.7098E+02  3.0838E+02  1.5262E+02
0000829   4.2589E+02  3.2300E+01  2.9920E+02
0000830   1.3356E+02 -3.1956E+01  5.2102E+01
0000831   2.5781E+02  1.0521E+02  1.1719E+02
0000832   2.0612E+02 -3.4046E+01 -1.0294E+02
0000833   4.8615E+02 -6.2051E+01 -1.9371E+02
0000834   1.9009E+02  1.0765E+02  1.1224E+02
0000835   5.4052E+02  1.0221E+02 -1.3248E+02
0000836   2.6317E+02  4.4557E+02  7.3304E+01
0000837   1.6852E+02  2.7864E+02 -7.3008E+01
0000838   2.0385E+01 -3.3584E+00  1.1346E+01
0000839   3.4941E+02 -2.1502E+02 -9.2698E+01
0000841   3.1415E+02 -2.1436E+02  1.7166E+02
0000842   3.9899E+02  1.3934E+02  2.9691E+02
0000843   3.7634E+02 -2.4476E+02 -8.3070E+01
0000844   1.8803E+02  1.1359E+02 -2.0546E+02
0000845   3.3083E+02 -3.5847E+01 -6.7474E+01
0000846   2.6372E+01  1.2425E+02  2.8791E+01
0000847   1.8302E+02 -3.4229E+02  1.3979E+02
0000848   3.3402E+02  4.2052E+01 -5.1828E+02
0000849   3.7664E+02 -2.5299E+02  8.4268E+01
0000850   5.0745E+02 -3.1297E+02 -1.8658E+02
0000851   2.5906E+02 -3.6406E+02  2.1259E+02
0000852   3.4884E+02  1.1699E+02  2.0997E+02
0000854   2.5386E+02 -1.1534E+02  1.0363E+01
0000855   4.8820E+02  2.2216E+02 -2.9788E+02
0000856   1.0950E+02  3.3177E+02 -5.7482E+01
0000857   4.1330E+02 -5.0498E+01  1.2253E+02
0000858   1.3774E+02  1.5078E+02  5.0135E+01
0000859   3.3875E+02 -1.4274E+02  9.8430E+01
0000860   4.4479E+02  6.3466E+01 -7.8959E+01
0000861   6.3123E+02  2.3090E+02  4.2788E+02
0000863   1.4540E+02 -2.5799E+01 -1.2536E+02
0000865   3.0655E+02  2.5473E+02  1.2591E+02
0000866   5.5114E+02  3.4897E+02 -1.3248E+02
0000867   2.1257E+02 -1.8009E+02 -4.8917E+00
0000868   2.4815E+02 -2.5904E+02 -8.5404E+01
0000869   2.1333E+02  2.2253E+02  1.2039E+02
0000870   3.1944E+02 -9.6349E+01 -1.5017E+02
0000871   4.0860E+02  3.4699E+02 -4.3918E+02
0000872   1.2860E+02 -1.2124E+02 -1.1386E+01
0000873   9.2254E+01  1.7251E+01 -8.8687E+01
0000874   3.5920E+02  2.3273E+02 -1.0057E+02
0000875   3.8885E+02 -1.2423E+02  7.5171E+01
0000876   1.7624E+02  2.9160E+02  4.0336E+01
0000877   2.6273E+02  2.8022E+00  1.7134E+02
0000878   1.4476E+02  1.0895E+02  1.7208E+02
0000879   3.9594E+02 -1.5320E+02 -1.1914E+02
0000880   3.9288E+02  2.3450E+02 -9.8680E+01
0000881   3.5764E+02  3.5502E+02 -2.8449E+02
0000882   8.3885E+01 -1.2164E+02 -1.2001E+02
0000883   2.3723E+02 -6.5711E+01  1.4705E+02
0000885   5.3146E+02  1.7420E+02 -4.7162E+01
0000886   1.1115E+02  1.3936E+02  4.9975E+01
0000887   2.0061E+02  2.3307E+01  8.5452E+01
0000889   1.2142E+02 -6.5212E+01 -6.4081E+00
0000890   2.2720E+02  1.2037E+02 -1.1595E+02
0000891   5.8972E+02 -2.1936E+02  2.4432E+01
0000892   4.0939E+02  1.6284E+02  2.8870E+01
0000894   3.7376E+01 -1.9922E+02  2.7418E+01
0000895   4.8448E+02 -9.8062E+01  6.8846E+01
0000896   3.9606E+02  3.8815E+02 -1.0299E+02
0000897   3.8673E+02 -5.5712E+01  1.9596E+02
0000898   6.5336E+02  2.9330E+01  4.1463E+01
0000899   5.9843E+02 -5.3717E+01  5.7417E+01
0000900   1.9951E+02  2.6904E+02  1.2212E+02
0000901   1.0083E+02 -7.1315E+01 -5.5670E+01
0000902   1.4927E+02 -1.0876E+02 -6.3873E+01
0000904   2.2989E+02 -4.4773E+01  2.8979E+02
0000905   3.0067E+02 -1.8707E+01 -1.2193E+02
0000906   3.0398E+01 -1.9438E+02 -1.6829E+02
0000907   2.6040E+02  7.0246E+01 -2.7283E+02
0000908   3.2717E+02 -7.8961E+01  6.3118E+01
0000910   4.2312E+02  1.0926E+02 -5.6041E+00
0000911   4.2937E+02  2.6558E+02  2.7742E+02
0000912   1.4396E+02 -1.5291E+02  3.7747E+02
0000913   2.1125E+02  9.9727E+01  8.4220E+01
0000915   3.5814E+02 -1.0057E+02 -3.2450E+00
0000916   1.9835E+02 -2.7710E+02 -1.5481E+02
0000917   2.4804E+02  2.6933E+02 -1.2449E+02
0000918   1.1443E+02  3.8634E+02 -2.6155E+02
0000919   4.4392E+01  1.0348E+02 -5.9102E+01
0000920   4.8287E+02  1.0159E+02  1.0370E+02
0000921   8.3837E+01 -2.3583E+02 -1.4841E+02
0000922   2.7695E+02 -1.5136E+02 -4.3948E+02
0000923   4.0973E+02 -2.2345E+02  8.9163E+00
0000924   2.5850E+02 -1.6811E+02  8.1897E+01
0000925   3.7560E+02  8.2519E+01  1.7695E+02
0000926   2.4156E+02 -2.5474E+02  1.8752E+02
0000927   3.2980E+02 -3.6445E+01 -1.3473E+02
0000928   2.9901E+02  1.2027E+02 -4.9502E+01
0000929   2.9554E+02 -8.0284E+00 -3.9223E+01
0000930   4.4496E+02  1.2128E+02 -5.3964E+01
0000931   2.1361E+02  1.7073E+02 -3.5841E+02
0000932   2.3728E+02  2.7055E+02  3.3155E+01
0000933   5.1528E+02 -2.4767E+02 -1.8088E+02
0000934   1.7892E+02 -3.3955E+02  1.0557E+02
0000935   3.1763E+02 -8.0365E+01  1.4599E+02
0000936   2.1795E+02  5.2864E+01  1.7788E+01
0000937   2.8381E+02  1.9226E+02  3.1598E+02
0000938   3.0242E+02 -4.8571E+01 -2.1716E+02
0000939   3.7803E+01  3.1975E+01 -9.9603E+01
0000940   1.7245E+02  3.6739E+02 -2.3227E+02
0000941   7.0566E+02  3.1790E+02 -7.0227E+01
0000942   1.5031E+02 -8.2150E+01 -2.1642E+01
0000943   6.1280E+02  5.4276E+01 -8.1993E+01
0000944   2.0185E+02  1.8855E+02  7.5241E+01
0000945   2.1102E+02  1.4589E+02  3.9404E+01
0000946   8.8939E+01  1.0856E-01 -7.1658E+01
0000947   3.7398E+02  3.8168E+02  1.2327E+01
0000948   3.4821E+02 -1.4530E+01 -2.9191E+02
0000949   5.1858E+02 -3.0577E+01  2.3734E+02
0000950   5.9407E+02  1.9387E+02  6.1140E+01
0000951   4.4409E+02  1.6473E+02 -1.2467E+02
0000952   4.3036E+02  1.5424E+02  5.2051E+01
0000953   6.1993E+01  1.0992E+02  3.3664E+01
0000954   3.0012E+02 -2.6374E+02  7.6987E+01
0000955   5.6397E+02 -1.2155E+02  1.4026E+02
0000956   8.3672E+01 -4.7180E+01  4.2624E+02
0000957   3.8261E+02  2.3464E+01  1.0938E+02
0000958   6.6587E+01  2.8631E+01  7.7542E+00
0000959   3.2862E+02  2.6348E+02  1.6502E+02
0000961   7.4057E+02  2.6723E+02 -2.3381E+02
0000962   3.4336E+02 -7.4555E+01 -4.0347E+01
0000964   2.1424E+02  8.6401E+01  1.9551E+01
0000965   3.3019E+02  1.3240E+02 -1.4260E+02
0000966   2.5913E+02 -4.7612E+00 -1.1098E+02
0000968   1.4879E+02  3.1334E+02 -2.8793E+01
0000969   3.5579E+02 -8.2932E+01  1.8905E+01
0000970   1.9818E+02  2.7731E+02  2.1970E+02
0000971   5.8607E+01  8.9776E+01 -8.0860E-01
0000972   1.7705E+02 -2.3927E+02  1.2826E+01
0000973   3.3164E+02 -1.6373E+02 -1.2315E+02
0000974   1.6088E+02 -9.4172E+01  1.3583E+02
0000975   5.9508E+02  1.9799E+02 -4.5457E+01
0000976   3.4221E+02 -2.6889E+01  3.1999E+02
0000977   4.0353E+02 -4.2689E+02  1.7647E+02
0000978   3.7498E+02  1.8703E+01  9.6726E+01
0000979   3.7178E+02  4.0598E+01  1.6456E+02
0000980   1.1576E+02 -2.4703E+02  2.3917E+02
0000981   2.8428E+02 -7.6734E+01 -1.0170E+02
0000982   2.9295E+02 -6.3778E+01  1.0827E+02
0000983   4.3084E+02  9.7008E+01  1.2749E+02
0000984   5.1783E+02  6.6706E+01  3.5909E+02
0000985   1.7230E+02 -1.7887E+02  1.8648E+02
0000986   1.7064E+02  1.9953E+01  1.2021E+02
0000987   5.2836E+02  1.2380E+01  3.6285E+02
0000988   2.5431E+02 -4.2722E+02  2.1639E+02
0000989   2.2040E+02 -1.3060E+02  1.5515E+02
0000990   3.9120E+01 -1.6402E+02  3.5547E+02
0000991   3.0579E+02  2.4254E+02  1.6948E+02
0000992   3.8056E+02  1.3546E+02  2.0837E+02
0000994   6.8960E+02  1.6390E+02  2.6090E+02
0000995   1.9525E+02 -1.0386E+02 -1.2227E+02
0000996   2.7376E+02  6.5441E+01  5.5111E+01
0000997   4.4192E+02 -1.2522E+02  3.5341E+01
0000998   2.2917E+02 -4.4528E+01 -1.3107E+02
0000999   5.4585E+02  1.6228E+02 -1.0568E+02
0001000   2.2717E+02 -7.0599E+01 -8.1453E+01
