============================== SRIM-2013.00 ==============================
==============================================================================
====== SRIM Outputs\RANGE_3D.txt : File of Final Ion Positions =====

Ion =  F (09)   Ion Mass= 018.9984
Energy  = 3000000.E-05 keV
Ion Angle to Surface = 00.0 degrees
==================== TARGET =======================
  Layer # 1 - None
  Layer # 1 - Bottom Depth=500000.E-01 A
  Layer # 1 - Density =0007.8700 g/cm3
  Layer # 1 -  100 % of Fe
ÍÍÍÍÍÍÍÍÍÍÍÍÍÍÍÍÍÍÍÍÍÍÍÍÍÍÍÍÍÍÍÍÍÍÍÍÍÍÍÍÍÍÍÍÍÍÍÍÍÍÍÍ
                                            
Ion       Depth  X   Lateral Y   Lateral Z  
Number    (Angstrom) (Angstrom)  (Angstrom) 
-------  ----------- ----------- -----------
0000001   2.1950E+02  2.7900E+02 -2.5160E+02
0000002   4.2619E+02 -2.2316E+02 -6.5520E+01
0000003   2.3969E+02  1.3278E+02 -8.9871E+01
0000004   1.7715E+02 -4.5266E+01  3.4595E+01
0000005   3.0926E+02  1.8545E+02  3.2760E+01
0000006   1.8105E+02  1.9750E+02  1.0742E+02
0000007   4.5750E+02  1.7716E+02  1.7572E+02
0000008   2.9767E+02  2.9570E+02 -7.0746E+00
0000009   2.9093E+02 -2.9582E+01  1.3919E+02
0000011   3.5208E+02  2.2147E+02  1.2102E+02
0000012   4.4292E+02  9.7269E+01 -1.3679E+02
0000014   5.6404E+01  1.1617E+02 -4.4767E+01
0000015   3.0596E+02  2.9955E+01  4.2843E+01
0000016   3.4397E+02 -2.6835E+01 -7.4340E+01
0000017   2.2870E+02 -1.3531E+01  6.1680E+01
0000018   1.4742E+02 -2.1956E+01 -6.5503E+01
0000019   8.3471E+01  6.8817E+01  1.6301E+02
0000021   9.1182E+01  8.4149E+01  1.0179E+02
0000022   2.6056E+02  2.6907E+02  7.1233E+01
0000023   1.5283E+02 -5.2407E+01  1.0044E+02
0000024   3.2481E+02  7.6524E+01 -1.7163E+02
0000025   1.8618E+02  2.5745E+01 -2.6861E+01
0000026   5.6406E+02 -3.8934E+01 -7.4953E+01
0000027   2.1848E+02 -2.0007E+01  7.1088E+00
0000028   1.8141E+02 -2.4907E+02 -9.0550E+01
0000029   4.8095E+01 -3.4484E+02 -1.5095E+02
0000030   7.6919E+02  1.1561E+02 -4.4082E+00
0000031   1.1681E+02 -8.8929E+01  1.1795E+02
0000032   7.9404E+02 -2.9439E+02  1.0508E+02
0000033   3.0614E+02 -1.0473E+02  3.6430E+02
0000034   2.1129E+02 -3.1001E+01 -1.2436E+02
0000035   1.0805E+02 -1.8767E+02 -3.8383E+01
0000036   1.2065E+02 -1.7265E+01 -2.6686E+02
0000037   9.8747E+01  3.6643E+02  2.0255E+00
0000038   1.1158E+02  1.3202E+02  2.6380E+02
0000039   5.4851E+02 -4.0075E+02  1.2398E+02
0000040   2.0141E+02 -3.9954E+01  4.8918E+00
0000041   1.7113E+02 -9.6540E+01  9.8576E+00
0000042   3.8304E+02  8.4729E+01 -1.7779E+00
0000043   5.5475E+02 -3.5459E+00 -1.8980E+02
0000044   3.3340E+02 -1.2196E+02 -7.0523E+01
0000045   4.4026E+02 -7.6201E+00 -5.0536E+01
0000047   4.0470E+02  3.4169E+01  8.8144E+01
0000048   3.7080E+02  8.6551E+01 -3.4095E+01
0000049   1.1868E+02  1.3422E+02 -1.0453E+02
0000050   3.4905E+02 -2.5385E+02  1.8606E+02
0000051   5.2502E+02  3.5835E+02 -2.9979E+02
0000052   7.2936E+01 -7.4206E+01  1.6643E+02
0000053   7.9869E+01  4.4853E+02  2.0023E+02
0000054   8.4236E+01  9.2171E+01  1.8651E+01
0000055   1.6550E+02  1.1343E+02  6.4438E+01
0000056   3.3898E+02 -2.8216E+01 -9.6132E+01
0000057   1.8945E+02 -1.8313E+01 -2.9605E+02
0000058   3.0912E+02 -7.8427E+01 -9.2670E+01
0000059   2.6926E+02  3.1925E+02  1.7343E+02
0000060   3.3229E+02 -7.2919E+01  7.1309E+01
0000061   3.2746E+02 -2.7851E+02  1.3621E+02
0000062   1.6118E+02 -6.0033E+01 -4.3911E+02
0000064   2.5642E+02  4.2667E+01  6.2664E+01
0000066   4.0632E+02  1.1802E+02  1.2464E+02
0000067   1.0552E+02  7.9329E+01  5.9116E+01
0000068   3.1305E+02  5.1317E+01 -1.1408E+02
0000069   2.6564E+02 -7.3983E+01  1.7723E+02
0000071   6.3440E+01 -7.7008E+01  1.1043E+02
0000072   5.3381E+02 -1.3648E+02 -1.2262E+02
0000073   1.2211E+02  8.0341E+01 -1.9291E+01
0000074   1.8979E+02 -9.3515E+01 -9.6520E+01
0000075   5.6250E+02  5.6849E+02 -6.1525E+01
0000076   3.1517E+02  3.1702E+02 -3.2267E+02
0000077   5.3209E+02 -2.2626E+01  5.6073E+01
0000078   1.4116E+02  2.3323E+01  5.4025E+01
0000079   5.6567E+02  3.6056E+01  3.2099E+02
0000080   4.1418E+02  2.3184E+02  1.4908E+02
0000081   4.3183E+02 -2.8650E+01 -1.9319E+02
0000082   6.6577E+02 -7.9073E+01 -9.4876E+01
0000083   1.5183E+02 -2.8431E+02 -1.9502E+02
0000084   4.1822E+02  1.3297E+02 -1.3293E+02
0000085   2.5272E+02  4.0508E+02 -9.3172E+01
0000086   2.2942E+02  1.0254E+02 -4.2548E+01
0000087   7.7568E+01  8.9127E+01 -3.9075E+01
0000088   3.5175E+02  1.2673E+02 -4.1808E+01
0000089   1.7628E+02 -9.9473E+01 -3.2638E+02
0000090   4.3700E+02  3.2926E+01  3.5386E+01
0000091   7.8762E+01 -8.3831E+00  1.8855E+02
0000092   7.5820E+02 -4.3222E+01  1.5199E+02
0000093   1.5784E+02 -2.0242E+02 -1.6235E+02
0000094   5.4201E+01 -1.9867E+02 -3.2515E+02
0000095   2.6610E+02 -2.0050E+02 -6.1529E+01
0000096   9.2952E+01  1.5992E+02 -8.3672E+01
0000097   7.8200E+01  2.0800E+02 -1.3565E+02
0000098   8.7738E+01  2.8897E+02  1.0122E+02
0000099   3.0987E+01 -4.2421E+00 -1.4789E+02
0000100   7.4853E+01 -2.7279E+02 -1.8964E+02
0000101   4.0165E+02 -6.0180E+01  1.9523E+02
0000102   8.6165E+01  2.4785E+02 -1.1710E+02
0000103   4.0667E+02  1.7760E+02 -2.4354E+02
0000104   2.9111E+02 -5.4402E+01 -1.7234E+02
0000105   2.7769E+02  1.8940E+01 -2.5491E+02
0000106   2.7877E+02 -2.7560E+02  8.1932E+01
0000108   1.7426E+02 -1.9876E+02  2.8213E+02
0000109   3.4123E+02  9.9617E-01 -1.4531E+02
0000110   3.0055E+02 -3.6927E+01  8.7225E+01
0000111   1.7969E+02  7.7044E+01  1.7875E+01
0000112   4.9059E+02  1.6229E+02 -1.4151E+02
0000113   3.9328E+02  4.4112E+02 -1.3481E+02
0000114   2.9932E+02 -3.7646E+01 -3.4571E+01
0000115   4.9656E+02 -5.0960E+01  9.2436E+01
0000116   1.9389E+02  2.4432E+01  5.9023E+01
0000117   6.6273E+02 -5.3933E+01  1.6413E+02
0000118   4.1105E+02 -9.5983E+01 -3.7511E+02
0000119   1.2071E+02 -1.7085E+02  1.1682E+02
0000120   5.3992E+02 -3.6343E+02  2.3240E+01
0000121   5.5870E+00 -1.3773E+02 -1.0296E+02
0000122   3.3371E+02  1.4968E+02  1.9288E+02
0000123   4.1917E+02  2.9558E+01  4.0954E+01
0000124   4.7715E+02  3.7457E+01 -3.7473E+01
0000125   3.6060E+02 -7.1235E+01  3.0471E+02
0000126   2.5375E+02  9.2466E+01 -4.1142E+01
0000127   2.8383E+02 -1.6080E+02 -1.4632E+01
0000128   4.3703E+02  9.7544E+01  1.4091E+02
0000129   6.1407E+01  1.1132E+02 -1.2307E+02
0000130   3.3011E+02  1.7245E+01  3.4158E+01
0000131   2.5659E+02  8.7383E+01  3.0495E+01
0000132   4.3542E+02 -1.4203E+02  1.4958E+02
0000133   3.1216E+02 -2.5268E+02  1.2682E+01
0000134   4.5340E+02  5.1609E+01 -1.6001E+02
0000135   3.2905E+02 -1.8254E+02 -1.7048E+02
0000138   1.8477E+02  1.3018E+02 -7.9090E+01
0000139   3.1380E+02  1.5809E+02 -2.3013E+01
0000140   4.1814E+02 -1.2542E+02 -8.7924E+01
0000141   3.6899E+02 -3.1256E+01  6.4147E+01
0000142   1.3362E+02  3.8481E+01  9.4712E+01
0000143   2.6011E+02 -3.2964E+02 -8.9166E+01
0000144   3.0678E+02  2.4363E+02  7.7914E+01
0000145   2.3589E+02  6.9672E+01 -4.6168E+01
0000146   4.7352E+02 -1.6759E+02  1.8607E+02
0000148   3.2277E+02 -2.3085E+02  7.2312E+01
0000149   2.8078E+02 -1.0440E+02  2.6428E+02
0000150   8.8684E+01  3.4791E+01 -5.7496E+00
0000151   3.0554E+02 -1.1972E+02 -3.1873E+01
0000152   4.9309E+02  1.1358E+02 -8.0426E+01
0000153   4.3979E+02 -2.9091E+02  2.0554E+00
0000154   2.0119E+02  1.1948E+02  7.3985E+01
0000155   2.7706E+02  2.5242E+02 -2.7914E+02
0000156   3.7617E+02 -2.7007E+02  1.3488E+02
0000157   4.8765E+02  1.5198E+02  2.4431E+02
0000158   1.9557E+02 -1.8439E+02 -3.0812E+00
0000159   1.3375E+02  2.3403E+02  7.9434E+01
0000160   2.7217E+02 -7.3375E+01  2.0090E+02
0000161   4.8871E+02  7.9919E+01 -9.8010E+01
0000162   1.2270E+02 -2.7284E+02  8.9388E+01
0000163   3.9900E+02 -2.8493E+02 -2.0732E+02
0000164   7.6365E+01  9.6006E+01  5.2168E+01
0000165   2.3009E+02 -9.9292E+01 -2.6682E+01
0000166   3.6153E+02  5.1239E+01  5.6300E+01
0000167   4.4542E+02 -1.4842E+02 -1.7323E+02
0000168   1.2372E+02  4.7288E+01 -1.5974E+01
0000169   9.0081E+01 -1.6442E+01  1.1265E+02
0000170   1.9376E+02 -5.3239E+01  1.4185E+02
0000171   3.3452E+02  1.0009E+02  2.9332E+02
0000172   4.0252E+02  1.1235E+02  2.5645E+02
0000173   2.2305E+02  4.3113E+01 -1.3701E+02
0000174   6.6291E+02  1.2059E+02 -1.1098E+02
0000175   2.7302E+02  2.8189E+02  1.4154E+02
0000176   5.2744E+02  2.4799E+02  9.6264E+01
0000177   7.2135E+01  9.2643E+01 -5.3920E+01
0000178   2.7689E+02 -2.0107E+01 -3.4000E+01
0000179   3.1585E+02 -1.3703E+02 -5.5220E+01
0000180   6.8418E+01 -2.1569E+02  1.0647E+02
0000181   2.3969E+02 -1.6834E+02 -2.5354E+02
0000182   2.5381E+02 -7.6879E+01 -2.9886E+01
0000183   2.2793E+02  2.1140E+01  1.5571E+02
0000184   3.3308E+02 -3.2979E+00  1.1518E+02
0000185   2.5115E+02  1.7191E+02 -2.1502E+02
0000186   4.9727E+02  8.1178E+01  1.2656E+02
0000187   5.9990E+02 -8.4758E+01  2.2368E+02
0000188   9.2422E+01  1.5071E+02  1.3851E+02
0000189   3.4422E+02 -1.0266E+02  5.2242E+01
0000190   2.7174E+02 -9.7571E+01  1.8796E+02
0000191   3.5835E+02  2.0414E+02 -1.7361E+02
0000192   5.7792E+01  1.1581E+02  8.9730E+01
0000193   1.9626E+02 -3.5426E+02  4.4323E+01
0000194   3.0399E+02  7.9009E+01  1.6286E+02
0000195   3.1568E+02  8.3914E+01 -1.0183E+02
0000196   1.8111E+02 -2.1161E+01 -1.3633E+02
0000197   2.4750E+02  4.1830E+01 -2.5601E+02
0000198   2.6995E+02  2.3921E+02 -2.2368E+01
0000199   8.2660E+01  5.6012E+00  3.8466E+01
0000200   2.2551E+02 -5.4439E+01  1.3143E+02
0000201   4.0122E+02 -1.9718E+02  1.3251E+02
0000202   3.9109E+02  7.5785E+01  1.4081E+01
0000203   1.8429E+02  5.8511E+01 -6.1507E+02
0000204   2.9802E+02  1.9454E+02  1.0018E+02
0000205   7.7481E+01 -1.8168E+02 -1.5306E+02
0000206   3.4602E+02 -1.4582E+02  1.9718E+01
0000207   3.9003E+02  9.2153E+01 -3.8169E+01
0000208   5.2781E+02  2.3051E+02 -7.2853E+01
0000209   3.8340E+02 -2.0520E+02  1.1925E+02
0000210   4.6673E+02 -3.4815E+02  4.4057E+01
0000211   3.3574E+02  2.8209E+02 -1.7962E+02
0000212   2.4370E+02  1.6462E+02  1.4358E+02
0000213   4.7971E+02  8.3335E+01  2.1602E+01
0000214   2.4167E+02 -7.9561E+01 -1.8957E+02
0000215   2.5043E+02  4.8039E+01  3.4711E+02
0000217   4.6488E+02 -5.7418E+01  1.9595E+02
0000218   2.5643E+02  2.8602E+02  3.9668E+01
0000219   2.3475E+02 -3.9622E+02 -2.0638E+02
0000220   3.7133E+02 -1.1907E+02 -2.4529E+02
0000221   2.3872E+02  1.3075E+02 -1.6714E+02
0000222   2.8826E+02 -5.8706E+01 -1.0542E+02
0000223   1.1285E+02  1.6469E+02  9.2200E+01
0000224   4.7272E+02  1.0823E+02 -6.7412E+01
0000225   1.3133E+02 -4.9021E+01 -1.9480E+01
0000226   7.1045E+01  8.3195E+01 -5.6569E+01
0000227   1.3318E+02  6.5823E+01 -1.0815E+02
0000228   2.0610E+02 -2.2507E+02 -6.6441E+01
0000229   2.6909E+02  2.1105E+02  1.5610E+02
0000230   2.3621E+02  2.3764E+02  1.7413E+02
0000231   4.1232E+02 -2.0000E+02  1.6397E+02
0000232   3.7406E+02  2.7601E+02 -1.4209E+02
0000233   6.3551E+02 -1.4837E+02  1.4204E+02
0000235   6.0874E+02 -3.7283E+02  5.1253E+01
0000236   1.9273E+02 -2.2216E+01  1.6284E+01
0000237   2.8836E+02  5.7845E+01 -5.7140E+01
0000238   2.0037E+02 -7.3679E+00 -1.4684E+02
0000239   2.7251E+02 -8.4836E+01  5.9635E+01
0000240   2.4023E+02 -1.1303E+02 -2.8720E+02
0000241   3.7070E+02  3.8039E+02  9.6516E+01
0000242   3.1820E+02  1.3480E+02  1.2565E+02
0000243   3.0774E+02 -2.1185E+02  1.6009E+02
0000244   4.6835E+02  1.0027E+02 -4.6638E+01
0000246   1.3229E+02 -5.6293E+01  1.6923E+02
0000247   5.0870E+02  1.3090E+01 -3.4828E+01
0000248   2.9414E+02  1.3853E+02 -1.0758E+02
0000249   3.6393E+02 -1.4212E+02 -2.6354E+02
0000250   3.4520E+02  4.7236E+01  5.2283E+01
0000251   3.0102E+02 -7.7580E+01 -3.9291E+01
0000252   5.0387E+02 -2.5053E+02 -3.7821E+02
0000253   1.7656E+02 -1.7643E+01  4.4774E+01
0000254   4.8219E+02 -8.5497E+01  2.7700E+01
0000255   7.7542E+02 -5.1521E+01 -1.3158E+01
0000256   5.2046E+02  3.3100E+02 -2.5796E+02
0000257   3.9450E+02 -3.6250E+01 -1.9744E+02
0000258   2.6820E+02 -3.3862E-01  4.6836E+01
0000259   1.9735E+02 -1.3345E+02  1.5805E+02
0000260   3.2141E+02  1.7695E+01 -1.3916E+01
0000261   1.4476E+01  4.7051E+01  2.4042E+01
0000262   4.7003E+02 -1.2239E+02  1.3456E+02
0000263   3.6150E+02 -7.1132E+01  3.4534E+02
0000264   4.5924E+02 -5.4723E+01  3.2091E+02
0000265   1.4334E+02  3.9140E+02  3.8562E+02
0000266   3.9212E+02  7.4892E+00 -1.6118E+00
0000267   6.2379E+02 -1.2024E+02 -1.2070E+02
0000268   1.4958E+02 -1.0511E+02 -1.4088E+02
0000269   2.4784E+02  1.8139E+02 -1.6655E+02
0000270   4.1948E+02  3.8192E+01 -2.7269E+02
0000271   4.1556E+02 -7.0141E+01 -1.4502E+02
0000272   2.3405E+02 -1.3534E+02 -1.7310E+02
0000273   4.0475E+02 -9.4979E+01 -1.6245E+02
0000274   2.9014E+02 -5.1249E+01 -1.2072E+02
0000275   2.4879E+02  7.1085E+01 -1.3913E+02
0000276   3.7787E+02 -3.0408E+02  8.1409E+01
0000277   2.8573E+02 -2.5456E+02  1.6956E+02
0000278   3.5064E+01  4.6983E+01  9.8984E+01
0000279   1.6946E+02  2.1435E+02  9.3409E+01
0000280   5.7567E+02 -4.1531E+01  1.9138E+02
0000281   2.6432E+02  8.6505E+01  3.5047E+02
0000282   1.3986E+02  1.6068E+01 -7.9468E+01
0000283   2.9033E+02 -1.4282E+02  2.1773E+01
0000284   3.4385E+01  8.6622E+00  2.7815E+01
0000285   4.0789E+02  4.9675E+01 -7.6638E+01
0000286   3.0412E+02 -8.0456E+01  1.6527E+02
0000287   1.1582E+02 -2.1779E+01 -3.5305E+02
0000288   4.2259E+02 -1.1594E+02 -1.2841E+02
0000289   5.3707E+02 -7.6535E+00 -5.8888E+01
0000290   3.0311E+02 -2.2845E+01 -7.2219E+01
0000292   5.5091E+02  7.8384E+00 -1.4636E+02
0000293   1.3669E+02 -1.1090E+02 -4.3757E+01
0000294   2.5500E+02 -8.3740E+00 -1.5121E+02
0000296   4.5474E+02 -2.9352E+02  2.1052E+02
0000297   3.8145E+02 -3.1408E+01  6.1100E+01
0000298   1.3221E+02 -3.4271E+01 -9.5929E+01
0000299   2.3091E+02 -1.4750E+02 -5.9042E+01
0000300   3.8447E+02  5.5312E+01  2.9599E+02
0000301   3.5402E+02 -3.4717E+02 -7.3827E+01
0000302   8.2498E+01 -3.9924E+01  4.4583E+00
0000303   3.1849E+02 -2.4147E+02 -2.0022E+02
0000304   2.4543E+02 -1.5821E+01 -2.5590E+02
0000305   2.4755E+02 -1.1932E+02  1.1031E+02
0000306   3.0986E+02  2.5206E+02 -3.0544E+02
0000307   4.3118E+02 -3.9648E+02  7.1541E+01
0000308   4.2360E+02 -9.3624E+01 -5.3484E+01
0000309   1.8237E+02 -1.1690E+02 -2.5163E+02
0000310   3.3957E+02 -1.4099E+02 -5.4037E+01
0000311   8.9527E+01  2.0233E+02  4.1241E+02
0000312   4.6222E+02 -5.5234E+01 -1.9354E+02
0000313   2.5322E+02  6.6138E+01 -4.5666E+02
0000314   3.3841E+02  1.8230E+02  2.0923E+02
0000316   3.1348E+02 -1.0041E+02 -1.8731E+01
0000317   5.4122E+01 -1.3448E+01  4.3959E+01
0000318   6.6961E+02 -2.9668E+02  9.3476E+00
0000319   2.6351E+02  1.8475E+02  9.9383E+01
0000320   7.6187E+01 -3.0907E+02  1.0733E+02
0000321   2.8901E+02  1.9450E+02 -1.5530E+02
0000322   6.4537E+01  1.9279E+02  9.3556E+01
0000323   2.3992E+02 -2.5368E+01  3.1162E+02
0000324   1.8532E+02  1.4872E+02 -6.0368E+01
0000325   5.1807E+02  5.1336E+00 -1.9601E+02
0000326   5.4605E+01 -7.6422E+01  3.6854E+01
0000327   5.2141E+01  8.9511E+01  1.1229E+02
0000328   4.2472E+02  2.2950E+02  1.1615E+02
0000330   2.3588E+02  2.7715E+02 -2.3972E+01
0000331   2.1267E+02  1.1047E+02  1.3504E+02
0000333   2.9374E+02  1.7764E+02 -4.3905E+02
0000334   3.0576E+02 -7.8276E+01  5.1765E+01
0000335   3.1286E+02  1.3758E+02 -1.5107E+02
0000336   1.6545E+02 -7.3187E+01 -3.0350E+02
0000337   2.9629E+02  7.4882E+01 -2.2520E+02
0000338   3.3575E+02 -1.2163E+02 -1.2416E+02
0000339   1.3862E+02 -1.0713E+01 -1.2952E+02
0000340   2.0421E+02  1.3662E+02  6.0952E+01
0000341   2.6752E+02 -7.3196E+01  3.4882E+02
0000342   2.5824E+02  4.7011E+02 -2.1864E-01
0000343   1.4141E+02 -7.2148E+01  1.0528E+02
0000344   3.8005E+02 -9.7685E+01 -1.5369E+00
0000345   2.1375E+02  6.8291E+01  2.5620E+01
0000346   4.6867E+02 -1.0276E+01  1.2268E+02
0000347   8.9192E+01 -1.0042E+02 -6.6408E+01
0000348   1.9543E+02  1.0812E+02  7.3966E+01
0000349   7.4236E+01 -1.0099E+02  6.4240E+01
0000350   3.9114E+02  6.6103E+01 -1.9171E+02
0000351   3.6279E+02  2.3050E+01 -2.9495E+02
0000352   5.1968E+02  2.8305E+01  2.5279E+02
0000353   8.1291E+01 -1.9825E+02 -3.4165E+00
0000355   6.6933E+02  1.6814E+02  2.4962E+02
0000356   3.8993E+02  5.4859E+01  1.0554E+02
0000358   5.7260E+01  2.7798E+01  2.2325E+02
0000359   4.5330E+02 -1.0895E+02 -1.1031E+02
0000360   7.1727E+02 -1.1193E+02 -3.1240E+02
0000361   4.3768E+02 -2.1182E+02  1.8219E+00
0000362   2.7822E+02  1.3878E+02 -7.2101E+01
0000363   1.3006E+02  2.0841E+02  9.7416E+00
0000364   3.1605E+02 -1.2117E+02  2.8712E+02
0000365   3.7407E+02  6.1155E+01 -2.1417E+02
0000366   3.1438E+02 -8.0771E+00  1.6203E+02
0000367   2.8918E+02  2.1561E+02  2.2995E+02
0000368   1.9791E+02  1.5623E+01 -3.2111E+01
0000369   1.8822E+02 -9.5764E+01  6.7671E+01
0000370   1.5941E+02  5.5245E+01 -1.3904E+01
0000371   2.1720E+02 -2.0604E+01 -1.4985E+02
0000372   6.1795E+02 -5.5779E+01  3.9838E+02
0000373   2.8018E+02  1.3313E+02  1.7150E+02
0000374   3.5124E+02  2.6185E+02 -1.8535E+02
0000375   8.5637E+01 -9.4190E+01 -5.2932E+01
0000376   3.3385E+02 -1.6005E+02 -6.6850E+01
0000377   2.4705E+02  1.3174E+02 -2.0235E+02
0000378   3.8729E+02 -9.6130E+00  6.4983E+00
0000379   6.5171E+01 -9.2310E+01  2.8261E+02
0000380   4.7409E+02 -1.9192E+02  7.4796E+01
0000381   2.0657E+02 -1.2461E+02 -1.0231E+02
0000382   3.1689E+02  9.7997E+01  1.1461E+02
0000383   3.1221E+02  8.4742E+01  2.1835E+02
0000385   3.2715E+02  3.5456E+02  4.7720E+00
0000386   3.4779E+02 -9.4775E+01 -2.4739E+02
0000387   1.4755E+02 -4.0200E+02  1.0894E+02
0000388   2.4848E+02 -3.1360E+01 -2.9022E+02
0000389   2.5476E+02  2.2668E+02 -5.9009E+01
0000390   3.4984E+02 -1.3397E+02 -1.0992E+02
0000391   1.2175E+02 -9.2626E+01  2.2896E+01
0000392   2.1794E+02 -6.6463E+00  4.3025E+00
0000395   1.1179E+02  3.6381E+02  3.3140E+02
0000396   6.0677E+02  4.4258E+02 -2.4916E+02
0000397   1.7889E+02 -6.1324E+00  2.4837E+02
0000398   1.0247E+02  2.3087E+02  1.8872E+02
0000399   3.1736E+02  2.9320E+00 -1.4638E+02
0000400   2.3265E+02  9.9410E+01 -2.4892E+02
0000401   4.2221E+02  4.0313E+01 -6.2552E+01
0000402   1.6035E+02  8.6611E+01  1.2157E+02
0000403   5.2229E+02  4.1261E+01  3.0068E+01
0000404   9.6579E+01  1.1882E+02  2.1642E+02
0000405   2.1910E+02 -3.4753E+02 -6.9756E+01
0000407   2.8011E+02 -6.3748E+01 -3.4554E+02
0000408   1.8086E+02 -7.8060E+01  7.8021E+01
0000409   2.3204E+02 -1.2961E+02 -1.6305E+01
0000410   2.3440E+02 -1.6202E+02 -1.3715E+02
0000411   2.7319E+02 -1.7840E+02 -1.3789E+02
0000412   2.7248E+02  7.6680E+01  1.2297E+02
0000413   4.1297E+02  4.5039E+02  1.8762E+02
0000414   1.0640E+02 -5.8620E+01  1.4297E+02
0000415   5.4061E+02  1.4942E+02  1.6425E+02
0000416   1.4570E+02  3.2580E+02  5.7445E+01
0000417   3.1322E+02 -4.3347E+00 -9.1705E+01
0000418   2.2455E+02  1.5280E+02 -2.8273E+02
0000419   4.3964E+02  4.3992E+01 -1.2233E+02
0000420   3.6454E+01  1.8911E+02  6.3230E+01
0000422   3.2232E+02  1.7828E+01 -1.0543E+02
0000423   4.3473E+02  1.1667E+02  1.3178E+02
0000424   3.8866E+02  3.3670E+01  1.3688E+02
0000425   2.3163E+02 -1.8251E+01 -5.2287E+01
0000426   1.6969E+02  4.0396E+02 -1.5096E+02
0000427   2.4929E+02  1.9852E+02  1.5524E+01
0000428   4.7569E+02 -2.0984E+02 -3.1796E+01
0000429   3.9157E+02 -6.6755E+00 -9.1087E+01
0000430   3.4890E+02 -5.1924E+01 -2.4725E+02
0000431   2.7125E+02 -2.3971E+02  1.1859E+02
0000432   3.0373E+02  1.4338E+01  2.0836E+02
0000433   2.7662E+02  4.3591E+01 -9.7344E+01
0000434   1.7913E+02 -5.9273E+01  1.2401E+02
0000435   1.5141E+02 -2.7982E+01  6.3331E+01
0000436   2.0093E+02  2.4622E+02 -1.7588E+02
0000437   5.3476E+02  2.7532E+02 -2.4048E+02
0000438   4.5896E+02 -1.9317E+02 -2.6238E+01
0000439   2.4582E+02 -1.1799E+02  5.8271E+01
0000440   3.1872E+02 -3.8552E+01 -9.8817E+01
0000441   4.2840E+02  2.3593E+02 -6.5292E+01
0000442   3.6839E+02 -1.4306E+02 -4.8294E+02
0000443   3.4376E+02  1.8680E+02  7.1085E+01
0000444   3.5047E+01  1.7386E+02  1.3908E+02
0000445   4.0210E+02 -2.8843E+02  6.8275E+00
0000446   3.0558E+02  1.1016E+02  2.6597E+02
0000447   2.3413E+01 -1.6919E+02  1.5239E+02
0000448   5.7995E+02 -5.4908E+01  3.5703E+02
0000449   4.7133E+02 -8.3727E+01  2.5167E+02
0000450   4.1447E+02  1.3560E+02 -2.5339E+02
0000451   4.5160E+02 -6.3625E+01  7.3425E+01
0000452   3.9158E+02  1.8903E+02 -1.8214E+01
0000453   1.6653E+02  2.1255E+02 -1.4170E+01
0000454   2.8319E+02 -3.7442E+02 -1.9013E+02
0000456   2.5397E+02 -5.6262E+01  6.2896E+01
0000457   6.1326E+02 -2.8755E+02  3.6467E+02
0000458   2.8369E+02  7.6056E+01 -5.1069E+02
0000459   3.8865E+02  5.6756E+01 -1.6824E+02
0000460   3.9130E+02 -4.5889E+01 -3.1568E+00
0000461   3.2438E+02  2.6052E+02  2.6951E+02
0000462   4.8955E+02  9.1308E+01 -6.5953E+01
0000463   4.1889E+02  3.0892E+02  2.4847E+02
0000464   1.3965E+02  3.1345E+01  3.3066E+01
0000465   4.6686E+02  9.9079E+01  2.0916E+02
0000466   2.4536E+02 -2.1565E+02  2.1177E+02
0000467   2.5797E+02 -6.6490E+01  3.3870E+02
0000468   2.8445E+02 -1.1882E+02 -4.8322E+01
0000469   4.9238E+02 -4.2583E+01 -2.3222E+01
0000470   6.3518E+02 -2.2662E+02  1.6675E+02
0000471   2.3833E+02 -1.7185E+02  3.1922E+02
0000472   1.1969E+01  3.2501E+01  6.6795E+01
0000473   5.3932E+02  1.9704E+01 -6.6735E-01
0000474   1.5987E+02 -2.8619E+02 -1.2151E+02
0000475   3.3234E+02  2.0502E+02 -4.2461E+01
0000477   3.9202E+02 -5.8253E+02  6.1431E+01
0000478   2.2155E+02 -9.7564E+01  3.7003E+02
0000479   5.5254E+02  2.9308E+01 -1.7920E+02
0000480   5.4851E+02  2.0739E+02  1.6199E+02
0000482   3.3445E+02  9.7946E+00  3.0069E+01
0000483   5.3078E+02 -1.7527E+02 -3.1850E+01
0000484   9.5477E+01  7.0427E+01  1.4534E+02
0000485   2.3762E+02  3.4539E+02 -1.6835E+02
0000486   2.4607E+02 -1.4029E+02 -7.3171E+00
0000487   7.8342E+01 -1.0029E+02  3.2003E+02
0000488   1.0724E+02  1.2439E+02  1.6751E+02
0000489   1.9792E+02 -1.2974E+02  1.1541E+01
0000490   4.3228E+02  2.8425E+01 -2.4181E+01
0000491   6.2793E+02 -9.2273E+01 -2.8298E+02
0000492   4.5642E+01  5.1754E+01  2.5406E+01
0000493   3.7609E+02 -7.8538E+01  1.0107E+02
0000494   4.7731E+02  2.2485E+02  4.6819E+01
0000495   1.9812E+02 -8.4785E+01  1.9624E+02
0000496   3.5311E+02  4.9976E+01  1.7086E+02
0000497   3.8170E+02 -6.2488E+01 -2.1348E+02
0000498   3.0424E+02  3.9270E+02 -3.1543E+02
0000499   2.6472E+02  7.2864E+01  1.3993E+02
0000500   1.1265E+02 -1.0911E+02 -2.3855E+02
0000501   1.6483E+02  1.6205E+02 -1.9199E+02
0000502   6.5254E+02 -3.5748E+01  3.4879E+02
0000503   4.9362E+01  2.5214E+02 -3.5125E+02
0000504   3.2559E+02 -4.9150E+01  8.5121E+00
0000505   2.8224E+02 -3.8463E+01 -1.9751E+02
0000506   4.6194E+02 -1.9415E+02 -2.8941E+01
0000507   1.9879E+02  2.9230E+02 -1.5303E+02
0000508   3.5307E+02 -6.5163E+01 -1.5712E+02
0000509   2.8770E+02 -2.7468E+02  1.9336E+02
0000510   3.8691E+02 -4.1285E+01 -2.7169E+01
0000511   1.3680E+02 -9.9715E+01 -1.5659E+02
0000512   2.9108E+02 -2.7697E+02 -3.2545E+01
0000513   3.3161E+02  2.4125E+02  1.0755E+02
0000514   3.2364E+02  2.7616E+02  2.1987E+02
0000515   1.4110E+02  3.5676E+02  1.0813E+02
0000516   4.2093E+02 -1.3616E+02 -2.6418E+02
0000517   3.2076E+02 -1.1769E+02  1.8532E+02
0000518   3.2287E+02  2.6486E+02  1.1557E+02
0000519   3.4721E+02 -2.0128E+02  2.0952E+02
0000520   2.6339E+02  1.6964E+01  3.8055E+02
0000521   1.5615E+02  1.3691E+02  6.9710E+01
0000522   2.7323E+02  1.2364E+01  7.8656E+01
0000525   5.5480E+02  1.9416E+02 -3.7768E+01
0000526   2.8382E+02 -2.0651E+01  7.5473E+01
0000527   5.8850E+01 -1.9963E+01  9.7651E+01
0000528   1.2911E+02 -4.2777E+01  8.4527E+01
0000529   1.3434E+02 -3.8383E+02  5.3776E+01
0000530   9.2490E+01  1.9285E+02  3.9874E+01
0000532   2.0812E+02  2.9569E+02  1.3515E+01
0000533   3.1030E+02  1.6033E+01  3.7336E+02
0000534   2.5215E+02  9.9375E+01  1.8636E+02
0000535   2.0632E+02 -7.3540E+01 -3.3998E+00
0000536   2.0719E+02 -3.2487E+02  8.8449E+01
0000537   3.0227E+02 -1.8393E+00  5.4283E+00
0000538   3.5712E+02 -8.8461E+01  1.9939E+02
0000539   4.6121E+02  1.0275E+02  1.6710E+01
0000540   3.8638E+02 -1.9373E+02  1.4245E+02
0000541   4.6409E+02 -4.4636E+01  3.9348E+00
0000542   4.8022E+02  3.1192E+02  1.5820E+02
0000543   3.8920E+02 -1.9129E+02  2.1200E+02
0000544   3.7816E+02  1.3952E+02 -3.4999E+01
0000545   4.5701E+02 -1.5653E+02 -2.2317E+02
0000546   6.5418E+02  1.0880E+02 -3.6908E+02
0000547   1.6997E+02 -1.3773E+02 -2.6516E+02
0000548   2.1021E+02 -2.5855E+02 -2.8797E+02
0000549   3.1426E+02  2.2456E+02 -6.2561E+01
0000550   1.3995E+02 -1.2445E+02 -3.4594E+02
0000551   3.1872E+02 -1.2171E+01  5.2512E+01
0000552   2.9831E+02  2.5784E+02 -1.3960E+01
0000553   3.0097E+02  1.4118E+01 -1.8662E+01
0000554   6.0920E+02 -4.8890E+01  2.8673E+02
0000555   4.9957E+02 -5.3162E+02  8.3157E+01
0000556   4.9975E+02  3.4379E+01  1.8359E+02
0000557   2.9396E+02 -2.0259E+02  2.9999E+01
0000560   3.1519E+02 -2.8706E+02  5.2147E+01
0000561   2.9497E+02 -1.5338E+02 -1.3499E+02
0000562   1.4010E+02 -1.3725E+01  3.1743E+02
0000563   6.6237E+02  3.4025E+02 -2.1492E+02
0000564   3.3108E+02  2.2894E+02  1.2876E+02
0000565   3.9621E+02 -1.1943E+02 -4.4562E+02
0000566   2.0740E+02  2.2129E+01 -1.0328E+02
0000567   5.7420E+02 -3.0094E+02 -3.3462E+02
0000568   3.5416E+02  2.2985E+01 -1.1646E+02
0000569   1.2586E+02 -2.8058E+02  1.4102E+01
0000570   2.5759E+02  4.1874E+01  3.2676E+02
0000571   1.3249E+02 -1.3191E+02  3.0115E+02
0000572   2.2351E+02  1.3226E+02 -1.2593E+02
0000573   3.9805E+02 -1.6028E+02  1.1464E+02
0000574   4.7217E+02 -1.1646E+02  1.5482E+02
0000575   3.4332E+02  3.2774E+01  2.7406E+01
0000576   4.3452E+02  2.2020E+02 -1.3498E+01
0000577   1.2294E+02 -1.4145E+02 -1.7802E+02
0000578   5.1211E+02 -2.6189E+02 -1.1370E+02
0000579   3.2974E+02 -3.2432E+01  8.2521E+01
0000580   1.5885E+02  8.0104E+01 -7.5006E+01
0000581   4.3074E+02  6.2381E+01 -5.7825E+01
0000582   1.9024E+02 -3.6670E+01 -4.7457E+01
0000583   4.8669E+02  8.5046E+01  4.1997E+01
0000584   3.5165E+02 -1.0752E+02  6.1375E+01
0000585   6.3791E+02 -1.7998E+02  1.6668E+01
0000586   3.8831E+02 -3.7575E+01 -2.6705E+02
0000587   5.5775E+02 -2.2622E+02 -1.9945E+02
0000588   1.0837E+02  3.1868E+02 -1.4946E+02
0000589   2.6610E+02 -7.9105E+01 -2.0077E+02
0000590   2.6553E+02 -2.0369E+02  1.1120E+02
0000591   2.0058E+02 -5.0758E+01  1.6744E+02
0000592   3.0771E+02 -6.8037E+00  1.1139E+02
0000594   2.9526E+02 -2.1886E+02 -1.1476E+02
0000595   3.3850E+02 -3.7763E+01  7.1982E+00
0000596   2.9904E+02 -1.5340E+02  7.3581E+01
0000597   5.7824E+02 -3.2498E+02 -1.0781E+01
0000598   3.7541E+02  4.3774E+01  1.1513E+02
0000600   1.3791E+02 -2.3734E+02  1.6044E+02
0000601   2.2660E+02  8.7113E+01  8.9125E+01
0000602   3.0490E+02 -3.2398E+02 -8.4504E+01
0000603   1.9320E+02 -4.5922E+00  5.6653E+01
0000604   1.9331E+02 -5.5154E+01 -2.0435E+02
0000605   3.5806E+02 -1.0146E+02 -1.5263E+02
0000606   3.9013E+02  1.0797E+02  1.3189E+01
0000607   1.9532E+02  2.1346E+01 -2.4722E+01
0000608   2.2855E+02 -1.4008E+02  1.2840E+02
0000609   3.4114E+02 -1.2401E+02  8.5628E+01
0000610   3.5724E+02  1.6825E+02  9.9522E+01
0000611   5.1837E+02  2.0175E+02  1.4528E+02
0000612   2.3732E+02  1.8000E+02  4.3692E+01
0000613   2.8492E+02  3.5578E+02  2.2511E+02
0000614   3.0448E+02 -1.1280E+02  4.3514E+01
0000615   2.6337E+02 -2.7163E+01  2.0782E+01
0000616   1.6723E+02 -2.1805E+02  1.2765E+02
0000617   2.5151E+02  4.1686E+02 -5.4686E+01
0000618   5.1623E+02  2.9164E+01 -1.9302E+02
0000619   3.4953E+02 -1.6064E+01  1.0588E+01
0000620   6.2862E+02 -1.8332E+02 -8.7143E+01
0000621   2.9467E+02 -5.2395E+01 -8.2627E+01
0000622   2.3968E+02 -1.4157E+00  2.8400E+02
0000623   5.0398E+02 -2.3602E+01  7.5860E+01
0000624   2.5487E+02  1.7816E+01  2.6852E+02
0000625   4.3467E+02  7.8491E+01  7.7531E+01
0000626   4.8362E+02 -4.7795E+01 -2.9877E+02
0000627   3.7439E+02 -1.3085E+02 -3.0023E+02
0000628   8.5541E+01  1.1035E+02  2.6166E+02
0000629   1.1039E+02  9.0327E+01 -1.8237E+02
0000630   2.0913E+02 -1.0523E+02 -8.2681E+01
0000631   3.4349E+02 -2.4314E+02  1.3956E+01
0000632   2.6805E+02 -1.0468E+02  6.8161E+01
0000633   3.3847E+02 -1.0318E+02 -2.4678E+01
0000634   2.2676E+02  5.0960E+01  8.6250E+01
0000635   3.4405E+02 -7.3334E+01  4.0547E+01
0000636   4.6715E+02 -5.9499E+01 -6.3965E+01
0000637   2.2563E+02 -3.5823E+02  2.3676E+02
0000638   2.4407E+02 -2.2289E+02 -1.2317E+02
0000639   3.9525E+02  1.1089E+02  9.2775E+01
0000640   2.9504E+02 -2.4243E+02  5.2081E+01
0000641   1.7973E+02  1.2230E+02 -5.0391E+01
0000642   1.9957E+02  2.1199E+02  2.4958E+02
0000643   4.0357E+02  1.5449E+02  1.2197E+02
0000644   1.2773E+02  5.8611E+01 -2.7366E+01
0000645   1.2974E+02  3.3130E+02  2.3321E+01
0000646   5.1348E+02  2.1217E+02 -7.5866E+01
0000647   1.8609E+02  1.8152E+02 -8.7268E+01
0000648   5.4383E+02  3.7620E+02  3.6261E+02
0000649   2.9655E+02  3.7473E+00  9.1961E+01
0000650   2.5949E+02 -6.2791E+01  2.6859E+01
0000651   3.0495E+02  2.7233E+02  1.0034E+02
0000652   4.8173E+02 -8.2524E+01 -1.5144E+02
0000653   4.0576E+02  1.7501E+02 -2.8727E+01
0000654   5.7628E+02  1.4809E+02 -1.2468E+02
0000655   3.4616E+02  8.5763E+01  3.0741E+02
0000656   1.4649E+02 -1.9257E+02 -3.9434E+01
0000657   2.2579E+02 -2.1590E+02  3.0596E+02
0000658   3.6458E+02  1.2260E+02  3.7785E+02
0000659   4.1571E+02 -2.3571E+02  6.0510E+01
0000660   2.3462E+02  7.1234E+01 -2.6259E+00
0000661   9.6636E+01 -8.3168E+01  2.2347E+02
0000662   3.0277E+02 -2.8173E+02 -8.1196E+01
0000663   2.4735E+02 -7.4224E+01 -1.5897E+02
0000664   2.8642E+02  1.5764E+02  2.5677E+02
0000665   4.7118E+02 -6.0844E+02  4.5241E+00
0000666   4.0572E+02  2.3475E+02 -1.0519E+02
0000667   6.9673E+02  2.6159E+01 -7.5986E+01
0000668   9.0792E+01 -4.6863E+01 -2.3583E+02
0000669   2.8901E+02  2.7189E+02 -2.6098E+02
0000670   2.6388E+02 -1.9908E+02  3.6234E+02
0000671   3.5461E+02 -1.7491E+02  1.0317E+02
0000672   2.1164E+02  5.2299E+01 -1.9141E+01
0000673   3.6934E+02 -1.7647E+02  3.2605E+01
0000674   4.5781E+02 -2.9192E+02  1.0836E+02
0000675   3.1488E+02 -2.0785E+02 -3.2166E+01
0000676   4.0504E+02 -2.3926E+02 -1.7214E+02
0000677   2.7386E+02  1.3930E+02 -2.4772E+02
0000678   8.9253E+01 -1.6201E+01 -1.4439E+02
0000679   8.3215E+02 -4.6175E+01 -8.2108E+01
0000680   3.5813E+02  2.4938E+02 -2.4344E+02
0000681   3.4446E+02 -3.6804E+00  1.1761E+02
0000682   3.1011E+02  2.9980E+02  1.1587E+02
0000683   1.1451E+02  7.9270E+01  3.1364E+01
0000684   3.4578E+02  2.1188E+02  8.8685E+01
0000685   2.6013E+02  1.5384E+02  1.4589E+02
0000686   2.7594E+02 -4.5242E+02  5.5965E+01
0000687   4.8862E+02 -7.6340E+01 -3.1913E+02
0000688   5.6211E+02  2.2149E+02 -1.7515E+02
0000689   1.4069E+02  1.4148E+02 -1.9122E+02
0000690   3.8864E+02 -3.5332E+02 -1.4266E+02
0000691   4.7602E+02 -1.2194E+02  1.9257E+02
0000692   4.5464E+02  3.2442E+02 -2.6073E+02
0000693   5.4392E+02 -1.9026E+02 -5.6877E+01
0000694   1.4433E+02 -2.1696E+02 -6.4734E+01
0000695   1.1313E+02  3.5926E+02  7.8483E+01
0000696   2.5275E+02 -3.4648E+02  1.2822E+02
0000697   3.0976E+02 -1.7478E+02 -1.4169E+02
0000698   3.7486E+02 -6.8968E+01  1.8223E+02
0000699   5.0975E+02 -5.5224E+00  2.4296E+01
0000700   4.1973E+02 -5.2481E+02 -5.3948E+01
0000701   3.3924E+02 -1.8053E+02 -7.4877E+01
0000702   1.9101E+02 -2.5835E+02 -1.5990E+02
0000703   5.3513E+02 -3.1098E+02  2.0743E+02
0000704   5.3430E+02 -1.3167E+01 -3.0570E+01
0000705   3.0243E+02  3.8817E+01  3.4641E+02
0000706   2.4779E+02 -3.8691E+02 -2.0293E+01
0000707   2.3157E+02  2.8455E+02  7.9091E+01
0000708   5.0354E+02  1.5805E+02  5.9143E+01
0000709   3.0727E+02  6.6114E+01  2.8207E+02
0000710   2.7052E+02  1.1954E+02  5.1539E+01
0000711   1.5303E+02  7.3547E+01 -5.0798E+01
0000712   3.8752E+02  7.8793E+01 -3.2359E+01
0000713   3.1728E+02 -2.5095E+02 -9.5959E+01
0000714   6.4658E+01  2.6537E+02 -4.3915E+02
0000715   5.0503E+02  1.3037E+01 -7.7310E+01
0000716   2.0807E+02  1.8950E+02 -3.1647E+00
0000717   1.7853E+02 -2.6229E+02 -1.1333E+02
0000718   3.1732E+02  1.7667E+02 -1.2971E+02
0000719   1.4197E+02  1.8536E+02 -1.2362E+02
0000720   2.4708E+02  5.1849E+01  1.1640E+01
0000721   1.7252E+02 -4.1030E+01 -1.5159E+02
0000723   1.8991E+02  1.9191E+02  1.5529E+02
0000724   3.5514E+02  1.1861E+02  1.4553E+02
0000725   2.9516E+02 -2.8785E+01 -2.3418E+01
0000726   2.8383E+01  5.5076E+00 -1.9291E+02
0000727   3.2399E+02  6.2368E+01  2.4271E+02
0000728   1.4003E+02 -6.8269E+01 -5.5705E+01
0000729   4.1998E+02  8.7509E+01  1.9309E+02
0000730   3.5669E+02  5.6065E+01 -1.2734E+02
0000731   2.5266E+02  1.2972E+02 -8.4889E+01
0000732   3.1259E+02 -4.0578E+02  1.3776E+02
0000733   3.1553E+02 -1.5310E+02  1.4386E+02
0000734   1.8795E+02  1.2834E+02 -7.2107E+01
0000736   2.3592E+02 -2.4720E+02  2.7648E+02
0000737   8.2998E+01  4.9598E+00 -1.0693E+02
0000738   6.5779E+01  4.9977E+01  3.4545E+01
0000739   4.8577E+02  3.2663E+01  6.1476E+01
0000740   1.0910E+02 -1.0444E+02  4.9628E+01
0000741   1.4743E+02 -3.3649E+02 -1.7925E+02
0000742   3.9623E+02  1.2967E+02  1.4716E+02
0000743   3.9331E+02  1.8169E+02 -7.0748E+01
0000744   2.8863E+02 -5.9248E+01 -9.0635E+01
0000745   6.0456E+02 -1.1795E+02 -1.8304E+00
0000746   2.4541E+02  1.6151E+02 -2.2475E+02
0000747   3.3662E+02  3.0699E+01  7.2191E+01
0000748   1.1294E+02 -5.0839E+01  2.1954E+01
0000749   1.3007E+02 -6.6205E+01 -2.8533E+02
0000750   5.4741E+02  1.8530E+02 -1.2870E+02
0000751   1.2240E+02  1.4708E+02 -4.3852E+01
0000752   2.5349E+02 -2.2034E+02  7.5712E+01
0000753   5.4866E+01 -3.8196E+01  1.3366E+02
0000755   4.0886E+02  1.4740E+02  2.6805E+02
0000756   1.8010E+02 -4.4411E+01  2.9014E+02
0000757   3.2345E+02 -1.3506E+02 -2.4940E+02
0000758   2.8874E+02 -1.4622E+02 -8.4350E+01
0000759   9.8032E+01  1.4074E+02  1.5120E+02
0000760   1.4165E+02  2.1470E+02  6.3453E+01
0000761   3.0834E+02  7.2332E+01  5.1806E+01
0000762   1.4651E+02  9.1130E+01 -1.6071E+02
0000763   4.6540E+02 -1.0520E+02 -1.7006E+01
0000765   2.8044E+02 -1.3434E+02 -2.1028E+02
0000766   5.1365E+02 -2.8443E+02 -1.0981E+01
0000768   4.5949E+02 -1.4388E+02  1.6887E+02
0000769   2.6033E+02 -2.2550E+02 -4.2610E+02
0000771   4.6566E+02 -1.4950E+02 -2.3990E+02
0000772   2.2212E+02 -6.5191E+01 -5.8502E+01
0000773   3.7460E+02  1.7890E+02 -1.3544E+01
0000774   2.3927E+02  1.9960E+01 -5.4138E+01
0000775   2.0305E+02  1.2806E+02  1.0573E+01
0000777   3.6983E+02 -6.7581E+01 -4.5481E+02
0000778   2.3550E+02  3.0148E+02 -3.0664E+00
0000781   1.3930E+02  7.7749E+01  3.0470E+02
0000782   8.1782E+01 -1.5104E+01  2.0074E+02
0000783   3.1085E+02  1.0844E+02  3.1984E+02
0000784   3.1920E+02 -4.7267E+02 -6.5255E+01
0000785   3.5830E+01  7.8443E+01 -9.4590E+01
0000786   1.7391E+02 -1.6631E+02 -4.6568E+01
0000787   1.4735E+02 -1.0439E+02  1.9734E+02
0000788   2.8897E+02 -3.5670E+02 -2.0942E+02
0000789   3.4491E+02 -2.7189E+00 -2.3092E+02
0000790   5.8131E+02 -1.7619E+02  1.0016E+02
0000791   3.1385E+02 -1.8267E+01 -2.3961E+02
0000792   8.1392E+01  5.5361E+01  7.7665E+01
0000793   3.3516E+02  9.6357E+00 -1.7299E+02
0000794   2.7159E+02 -2.1239E+02  2.6312E+02
0000795   8.5859E+02  1.1501E+02  8.3333E+01
0000796   2.5003E+02  7.8694E+01 -5.5094E+01
0000797   2.9328E+02  4.7761E+01 -1.4703E+02
0000798   5.1253E+02  1.8248E+02 -6.0333E+00
0000799   1.4050E+02 -2.1226E+02  1.4308E+01
0000800   1.9141E+02  3.3240E+01 -2.9665E+02
0000801   3.6851E+02 -3.3424E+01  1.4146E+02
0000802   5.0339E+02 -8.9335E+00 -2.3901E+02
0000803   5.6120E+02  2.9546E+01  1.5050E+02
0000804   4.9803E+02  3.1317E+01  9.9217E+01
0000805   4.2583E+02  7.2735E+01 -8.9463E+01
0000806   3.6859E+02 -1.2329E+02  6.0411E+01
0000807   4.7798E+02 -1.1944E+02 -6.1402E+01
0000808   2.8072E+02 -2.9101E+01 -1.3617E+02
0000809   3.1935E+02  1.5982E+02 -5.6537E+01
0000810   3.2770E+02  1.3869E+02 -8.5108E+01
0000811   1.0935E+02  2.0456E+02  3.0755E+02
0000812   9.0969E+01 -2.6705E+02 -1.0916E+02
0000813   5.1143E+02  1.4866E+02 -6.4420E+01
0000814   4.7152E+02 -2.0801E+02  1.6316E+02
0000815   6.1101E+02  2.4954E+01 -2.7291E+02
0000816   6.4110E+01  1.9125E+02  6.5390E+01
0000817   4.3153E+02 -7.7026E+01 -9.4216E+01
0000818   1.2066E+02  3.8850E+02  8.8714E+01
0000819   4.9013E+02 -1.0119E+01  7.5980E+01
0000820   3.0488E+02 -1.1082E+02  2.5321E+02
0000821   2.3229E+02  7.1226E+01 -1.9250E+02
0000822   3.7231E+02  3.0227E+02  3.6093E+02
0000825   2.7325E+02 -7.1114E+01  2.0370E+02
0000826   2.2319E+02  2.0803E+02  1.7675E+02
0000827   1.6678E+02 -8.8970E+01  9.8879E+01
0000828   3.6048E+02 -7.3815E+01  2.4477E+02
0000829   7.8248E+01 -1.8195E+01  4.9614E+01
0000830   5.7275E+02  2.4285E+02  7.4016E+01
0000831   3.9998E+02 -7.7978E+01 -2.9864E+01
0000832   4.2416E+02  2.0205E+02 -1.0005E+02
0000833   2.4032E+02  6.7493E+01  8.3493E+01
0000834   4.3090E+02 -1.6636E+01  1.8901E+02
0000835   2.2123E+02  1.5423E+02  7.0576E+01
0000836   5.7049E+02  2.7929E+01 -4.1363E+01
0000837   2.9101E+02  1.6047E+02 -2.4897E+00
0000838   2.8729E+02 -2.0046E+02 -1.3769E+02
0000839   3.7774E+02 -4.1062E+01 -1.0821E+02
0000840   4.5816E+02 -3.1686E+02 -6.2056E+01
0000841   2.9831E+01 -6.8174E+01  1.5727E+02
0000842   2.3197E+02 -1.2747E+02  1.7371E+02
0000843   4.9861E+02  2.7764E+02  1.8879E+02
0000844   4.1486E+02  1.2124E+01  6.8536E+01
0000845   1.4302E+02  7.5596E+01  4.4775E+02
0000846   4.4019E+02  5.3452E+01  9.7929E+01
0000847   2.9856E+02 -3.1478E+02  5.8424E+01
0000848   5.7099E+02 -1.3441E+02 -1.7742E+02
0000849   9.0231E+01 -1.3628E+02 -2.6601E+02
0000850   2.0720E+02 -1.2825E+02 -2.8031E+02
0000851   3.4862E+02  7.1815E+01  8.0338E+01
0000852   5.7200E+02 -3.1696E+01 -2.3072E+02
0000853   4.1195E+02  8.0631E+01 -2.9156E+02
0000854   4.6933E+02  1.1176E+02  9.8693E+00
0000855   4.7580E+02  2.9100E+02  9.9105E+01
0000856   3.3722E+02  4.1896E+01 -6.1763E+00
0000857   4.1628E+02  2.2309E+02 -8.6592E+01
0000858   5.6345E+02  1.4459E+01 -1.5062E+02
0000859   1.7259E+02  3.3470E+01  1.1983E+02
0000860   5.1769E+02 -2.3053E+02  2.1266E+02
0000862   2.2082E+02  1.0851E+02 -1.4683E+02
0000863   5.1477E+02  8.2114E+01 -2.9755E+02
0000865   4.7993E+02  1.2013E+02  7.4377E+00
0000866   1.1462E+02  1.0400E+02 -6.3667E+01
0000867   3.1288E+02  2.1719E+02  7.6190E+01
0000868   4.5739E+02 -1.3503E+01 -3.1297E+01
0000869   3.6065E+02  7.6731E+01 -3.7241E+02
0000870   2.5547E+02  5.0817E+01 -2.9745E+02
0000871   5.6024E+02  1.3081E+01 -1.1835E+02
0000872   2.0747E+02  3.5292E+01 -2.8615E+01
0000873   4.3805E+02 -7.9607E+01  6.1939E+01
0000874   4.6772E+02 -4.4715E+01 -3.2694E+01
0000875   3.4513E+02  5.9251E+00 -2.0918E+02
0000876   1.2998E+02  2.0150E+02  1.6329E+02
0000877   1.7202E+02 -3.5701E+00 -6.3899E+01
0000878   9.2562E+01 -3.6466E+01  8.3829E+01
0000880   2.7052E+01 -6.9197E+01  4.9605E+01
0000881   5.1644E+02 -2.3161E+02 -3.7288E+01
0000883   2.5164E+02 -5.0801E+01 -1.1158E+02
0000884   2.5055E+02  2.1351E+01  1.4315E+02
0000885   3.9798E+02 -1.3842E+02 -1.4302E+01
0000886   1.1748E+02  1.0738E+02  3.3077E+02
0000887   2.7521E+02 -1.1404E+02 -1.3234E+01
0000888   5.0364E+02  4.9845E+01  4.0615E+01
0000889   3.0399E+02 -9.8835E+01  3.8483E+01
0000890   1.4089E+02  4.7523E+01 -2.1299E+02
0000891   4.2695E+02  1.9887E+02 -2.0139E+02
0000892   3.8112E+02 -1.0473E+02  1.1681E+02
0000893   6.3259E+01 -8.3542E+01 -4.4710E+01
0000894   1.1828E+02 -2.7389E+02  1.3181E+02
0000895   1.3880E+02 -3.0075E+02 -1.3040E+02
0000896   1.4571E+02 -2.0909E+02 -3.6419E+02
0000897   1.8557E+02  7.0914E+01  2.3316E+02
0000898   1.3011E+02  2.4638E+02 -2.4505E+02
0000900   1.1129E+02 -4.0374E+01 -2.2189E+02
0000901   4.2085E+02 -1.4447E+02  1.8606E+02
0000902   3.6393E+02 -3.5893E+01 -6.1634E+01
0000903   2.7816E+02 -3.7330E+01  3.5148E+01
0000904   4.0576E+02 -2.1612E+02  8.9389E+01
0000905   2.4860E+02  6.1281E+01 -4.3871E+02
0000906   3.8660E+02 -1.5029E+02  1.4478E+02
0000907   2.6358E+02  9.0125E+01  5.3302E+01
0000908   1.6716E+02 -2.8460E+02 -1.0250E+02
0000909   2.3161E+02 -2.0134E+02  1.9352E+02
0000910   2.9423E+02  9.7862E+01  4.4991E+01
0000911   2.8153E+02  1.6064E+02 -7.9957E+01
0000912   2.4916E+02 -1.4633E+01  2.2945E+02
0000913   1.8921E+02 -8.2249E+01 -1.0046E+01
0000914   3.7591E+02 -3.4679E+01 -1.9996E+01
0000915   1.1752E+02  4.5867E+01 -1.1359E+02
0000916   2.8306E+02  5.3968E+02  2.8705E+02
0000917   2.6403E+02  2.7582E+02  1.3545E+02
0000918   3.2314E+02  1.7579E+02  3.6750E+01
0000920   3.5922E+02  1.5479E+02  2.2017E+02
0000921   4.2820E+02 -1.2086E+02  1.7682E+01
0000922   2.5510E+02 -1.9356E+00 -3.3621E+01
0000923   4.9303E+02 -7.3559E+01  6.0196E+01
0000924   2.4771E+02  6.3133E+00 -1.1119E+02
0000925   3.6157E+02 -5.9350E+00 -2.7578E+02
0000926   3.9458E+02  3.0947E+02  1.8803E+01
0000928   1.2758E+02  7.8652E+01 -8.0950E+01
0000929   2.3702E+02  3.2856E+02  3.4373E+01
0000930   5.5708E+01 -3.1439E+02 -2.0676E+02
0000931   1.0772E+02 -3.7902E+01  5.1339E+00
0000932   4.6470E+02 -1.0139E+02  2.0426E+02
0000933   2.9148E+02 -1.1721E+01 -2.0229E+02
0000934   3.9726E+02  7.2394E+01  3.2959E+02
0000935   3.8075E+02  9.2949E+01 -6.5515E+01
0000936   4.1663E+02  2.4881E+02 -2.5219E+02
0000937   2.5764E+02 -3.8673E+02  2.4228E+00
0000938   4.3510E+02 -2.7366E+02  2.4907E+01
0000939   1.2633E+02  1.5446E+02 -8.6097E+01
0000940   3.5287E+02  1.7403E+01  3.4960E+01
0000941   6.1165E+02  2.8602E+02  1.3524E+01
0000942   1.3450E+02  1.8057E+01  1.6342E+02
0000943   3.0573E+02 -1.2095E+02 -1.0082E+02
0000944   3.7372E+02  2.3922E+02  2.2091E+02
0000945   4.1972E+02  5.4980E+01  2.6564E+01
0000946   1.2632E+02  3.0769E+02 -3.2035E+01
0000947   3.5937E+02  4.5767E+00 -2.5541E+02
0000948   1.0508E+02  2.2130E+01 -1.1279E+01
0000949   6.8119E+01  2.0355E+02 -2.3036E+02
0000950   4.6276E+02 -4.3060E+01 -1.3214E+02
0000951   1.7769E+02 -3.6491E+02  9.9704E+01
0000952   1.6026E+02  2.1986E+02  2.0259E+02
0000953   1.8445E+02  9.5273E+01  2.3546E+00
0000955   8.7956E+01 -4.8891E-01 -2.4526E+01
0000956   1.8269E+02 -2.3238E+02  1.2434E+02
0000957   1.1054E+02  1.3586E+00 -3.7839E+02
0000958   4.2953E+02 -1.5818E+02 -3.3705E+01
0000959   6.0049E+02  3.6167E+01  2.5732E+01
0000960   4.5845E+02 -2.2783E+01  2.7193E+01
0000961   1.9708E+02  2.0458E+02  1.2239E+02
0000962   9.2612E+01 -3.5970E+01  1.0906E+02
0000963   4.3493E+02 -3.6875E+02  1.8424E+02
0000964   4.1226E+02 -7.0805E+00  1.1234E+02
0000965   5.0162E+02 -1.0662E+02  6.9489E+01
0000966   2.0674E+02 -9.8695E+01  7.4630E+01
0000967   2.0179E+02  1.6406E+02 -1.3600E+02
0000968   4.5070E+02  9.7209E+01  1.5625E+02
0000969   3.0479E+02  1.5813E+02  5.0799E+01
0000970   3.5808E+02  1.3220E+01 -2.5210E+02
0000971   3.8673E+02 -1.5208E+02  8.3665E+01
0000972   9.0397E+01 -4.0680E+00 -3.6288E+01
0000973   3.4263E+02  1.4064E+02 -1.4537E+02
0000974   5.6578E+02  2.5410E+02  3.7190E+01
0000975   2.4801E+02  9.6384E+01 -8.0403E-01
0000976   4.3483E+02 -1.2428E+01 -2.4979E+02
0000978   1.1576E+02 -1.7394E+02  1.2594E+02
0000980   5.1615E+02 -1.9174E+01  3.7505E+01
0000981   1.0779E+02 -3.2282E+02 -1.1446E+02
0000982   2.5095E+01 -3.6483E+02 -2.0038E+02
0000983   2.3413E+02  5.0469E+01 -3.0353E+02
0000984   4.1315E+02 -5.4888E+01  4.2474E+01
0000985   3.9005E+02 -2.3712E+02 -2.8526E+01
0000986   1.9501E+02 -3.6643E+00  6.2012E+00
0000988   3.5791E+02  2.2836E+02 -2.3267E+02
0000989   5.2548E+01 -2.6774E+02 -1.5602E+02
0000990   3.6838E+02 -2.0057E+01  5.8448E+01
0000991   5.8822E+02  2.5742E+02  1.9641E+02
0000992   4.8068E+01  6.5923E+01 -1.3112E+02
0000993   5.1840E+02  4.0692E+02  1.8777E+02
0000994   2.8781E+02 -3.4193E+02 -2.1757E+02
0000995   6.0662E+02  7.1758E+01 -5.2205E+01
0000996   2.9678E+02 -1.4752E+02 -2.0418E+02
0000997   4.7265E+02  1.2331E+02  2.7470E+02
0000998   3.9658E+02 -1.2663E+01 -1.1816E+02
0000999   4.1362E+02  1.6518E+02  1.9529E+01
0001000   1.3405E+02  1.7070E+02 -1.2749E+02
